%YAML:1.0
TVector: !!opencv-matrix
   rows: 3
   cols: 1
   dt: f
   data: [ 4.01813799e-04, 1.28250499e-03, -5.84317953e-04 ]
RMatrix: !!opencv-matrix
   rows: 3
   cols: 3
   dt: f
   data: [ -2.12097494e-03, -9.99996424e-01, 1.60718663e-03,
       9.72819794e-03, 1.58648111e-03, 9.99951482e-01, 9.99950409e-01,
       -2.13650754e-03, -9.72479861e-03 ]
fx: 5.4068603515625000e+02
fy: 5.4068603515625000e+02
cx: 4.7975000000000000e+02
cy: 2.6975000000000000e+02
