%YAML:1.0
TVector: !!opencv-matrix
   rows: 3
   cols: 1
   dt: f
   data: [ 3.87559831e-02, 3.05473804e-02, -1.45746395e-01 ]
RMatrix: !!opencv-matrix
   rows: 3
   cols: 3
   dt: f
   data: [ 1.92136735e-01, -9.81318057e-01, 9.91291553e-03,
       4.04071301e-01, 8.83120224e-02, 9.10454452e-01, 8.94320786e-01,
       1.70926213e-01, -4.13490444e-01 ]
fx: 5.4068603515625000e+02
fy: 5.4068603515625000e+02
cx: 4.7975000000000000e+02
cy: 2.6975000000000000e+02
