%YAML:1.0
TVector: !!opencv-matrix
   rows: 3
   cols: 1
   dt: f
   data: [ -2.30279803e-01, 4.79565235e-03, -9.34512839e-02 ]
RMatrix: !!opencv-matrix
   rows: 3
   cols: 3
   dt: f
   data: [ 1.90975696e-01, -9.80559230e-01, -4.50773425e-02,
       1.39006823e-01, -1.84436049e-02, 9.90119576e-01, 9.71702516e-01,
       1.95354849e-01, -1.32782146e-01 ]
fx: 5.4068603515625000e+02
fy: 5.4068603515625000e+02
cx: 4.7975000000000000e+02
cy: 2.6975000000000000e+02
