%YAML:1.0
TVector: !!opencv-matrix
   rows: 3
   cols: 1
   dt: f
   data: [ -2.31614619e-01, 4.65357956e-03, -9.38975066e-02 ]
RMatrix: !!opencv-matrix
   rows: 3
   cols: 3
   dt: f
   data: [ 1.89763069e-01, -9.80593324e-01, -4.92589511e-02,
       1.36460841e-01, -2.33423691e-02, 9.90370274e-01, 9.72300470e-01,
       1.94657668e-01, -1.29383102e-01 ]
fx: 5.4068603515625000e+02
fy: 5.4068603515625000e+02
cx: 4.7975000000000000e+02
cy: 2.6975000000000000e+02
