%YAML:1.0
TVector: !!opencv-matrix
   rows: 3
   cols: 1
   dt: f
   data: [ -2.34593749e-01, 3.48434411e-03, -9.16889682e-02 ]
RMatrix: !!opencv-matrix
   rows: 3
   cols: 3
   dt: f
   data: [ 1.86277226e-01, -9.81256306e-01, -4.93645370e-02,
       1.33884579e-01, -2.44233757e-02, 9.90695953e-01, 9.73332226e-01,
       1.91153213e-01, -1.26825541e-01 ]
fx: 5.4068603515625000e+02
fy: 5.4068603515625000e+02
cx: 4.7975000000000000e+02
cy: 2.6975000000000000e+02
