%YAML:1.0
TVector: !!opencv-matrix
   rows: 3
   cols: 1
   dt: f
   data: [ -2.34204948e-01, 4.98367427e-03, -9.56038386e-02 ]
RMatrix: !!opencv-matrix
   rows: 3
   cols: 3
   dt: f
   data: [ 1.80025220e-01, -9.82368290e-01, -5.04326038e-02,
       1.32960096e-01, -2.64980067e-02, 9.90767241e-01, 9.74634767e-01,
       1.85068607e-01, -1.25845462e-01 ]
fx: 5.4068603515625000e+02
fy: 5.4068603515625000e+02
cx: 4.7975000000000000e+02
cy: 2.6975000000000000e+02
