%YAML:1.0
TVector: !!opencv-matrix
   rows: 3
   cols: 1
   dt: f
   data: [ -2.40422860e-01, 2.66273995e-03, -1.01712286e-01 ]
RMatrix: !!opencv-matrix
   rows: 3
   cols: 3
   dt: f
   data: [ 1.47716671e-01, -9.87214267e-01, -5.98954000e-02,
       1.25040770e-01, -4.14326154e-02, 9.91286039e-01, 9.81093585e-01,
       1.53918877e-01, -1.17321752e-01 ]
fx: 5.4068603515625000e+02
fy: 5.4068603515625000e+02
cx: 4.7975000000000000e+02
cy: 2.6975000000000000e+02
