%YAML:1.0
TVector: !!opencv-matrix
   rows: 3
   cols: 1
   dt: f
   data: [ 4.12141047e-02, 2.89887153e-02, -1.50921956e-01 ]
RMatrix: !!opencv-matrix
   rows: 3
   cols: 3
   dt: f
   data: [ 2.08827913e-01, -9.77925539e-01, 7.25411531e-03,
       4.13850456e-01, 9.50902104e-02, 9.05364871e-01, 8.86069179e-01,
       1.86063379e-01, -4.24572378e-01 ]
fx: 5.4068603515625000e+02
fy: 5.4068603515625000e+02
cx: 4.7975000000000000e+02
cy: 2.6975000000000000e+02
