%YAML:1.0
TVector: !!opencv-matrix
   rows: 3
   cols: 1
   dt: f
   data: [ 4.29280587e-02, 2.97591910e-02, -1.50865838e-01 ]
RMatrix: !!opencv-matrix
   rows: 3
   cols: 3
   dt: f
   data: [ 2.13086724e-01, -9.77003455e-01, 7.62218889e-03,
       4.14196938e-01, 9.73974541e-02, 9.04961109e-01, 8.84892523e-01,
       1.89678088e-01, -4.25426036e-01 ]
fx: 5.4068603515625000e+02
fy: 5.4068603515625000e+02
cx: 4.7975000000000000e+02
cy: 2.6975000000000000e+02
