%YAML:1.0
TVector: !!opencv-matrix
   rows: 3
   cols: 1
   dt: f
   data: [ 4.71076742e-02, 2.78756581e-02, -1.55623615e-01 ]
RMatrix: !!opencv-matrix
   rows: 3
   cols: 3
   dt: f
   data: [ 2.29299024e-01, -9.73290682e-01, 1.12837255e-02,
       4.24130768e-01, 1.10342361e-01, 8.98853481e-01, 8.76090765e-01,
       2.01320469e-01, -4.38103884e-01 ]
fx: 5.4068603515625000e+02
fy: 5.4068603515625000e+02
cx: 4.7975000000000000e+02
cy: 2.6975000000000000e+02
