%YAML:1.0
TVector: !!opencv-matrix
   rows: 3
   cols: 1
   dt: f
   data: [ 2.57042673e-04, 1.77175738e-03, -1.27621298e-03 ]
RMatrix: !!opencv-matrix
   rows: 3
   cols: 3
   dt: f
   data: [ -1.79117417e-03, -9.99997616e-01, 1.20328087e-03,
       1.05400030e-02, 1.18433684e-03, 9.99943674e-01, 9.99942780e-01,
       -1.80375599e-03, -1.05378572e-02 ]
fx: 5.4068603515625000e+02
fy: 5.4068603515625000e+02
cx: 4.7975000000000000e+02
cy: 2.6975000000000000e+02
