%YAML:1.0
TVector: !!opencv-matrix
   rows: 3
   cols: 1
   dt: f
   data: [ 4.96953391e-02, 2.69031134e-02, -1.62927583e-01 ]
RMatrix: !!opencv-matrix
   rows: 3
   cols: 3
   dt: f
   data: [ 2.42169291e-01, -9.70188558e-01, 9.39078256e-03,
       4.33191985e-01, 1.16779774e-01, 8.93704057e-01, 8.68158042e-01,
       2.12359682e-01, -4.48558420e-01 ]
fx: 5.4068603515625000e+02
fy: 5.4068603515625000e+02
cx: 4.7975000000000000e+02
cy: 2.6975000000000000e+02
