%YAML:1.0
TVector: !!opencv-matrix
   rows: 3
   cols: 1
   dt: f
   data: [ 5.38062751e-02, 2.49135811e-02, -1.69166237e-01 ]
RMatrix: !!opencv-matrix
   rows: 3
   cols: 3
   dt: f
   data: [ 2.60905176e-01, -9.65239346e-01, 1.55379958e-02,
       4.29108441e-01, 1.30376354e-01, 8.93794060e-01, 8.64751041e-01,
       2.26528049e-01, -4.48208302e-01 ]
fx: 5.4068603515625000e+02
fy: 5.4068603515625000e+02
cx: 4.7975000000000000e+02
cy: 2.6975000000000000e+02
