%YAML:1.0
TVector: !!opencv-matrix
   rows: 3
   cols: 1
   dt: f
   data: [ 5.27625792e-02, 2.31045745e-02, -1.74586475e-01 ]
RMatrix: !!opencv-matrix
   rows: 3
   cols: 3
   dt: f
   data: [ 2.70209968e-01, -9.62649345e-01, 1.70965046e-02,
       4.18099642e-01, 1.33316442e-01, 8.98565054e-01, 8.67282450e-01,
       2.35653207e-01, -4.38506931e-01 ]
fx: 5.4068603515625000e+02
fy: 5.4068603515625000e+02
cx: 4.7975000000000000e+02
cy: 2.6975000000000000e+02
