%YAML:1.0
TVector: !!opencv-matrix
   rows: 3
   cols: 1
   dt: f
   data: [ 5.74136265e-02, 2.10812334e-02, -1.76733553e-01 ]
RMatrix: !!opencv-matrix
   rows: 3
   cols: 3
   dt: f
   data: [ 2.93800712e-01, -9.55788374e-01, 1.22427139e-02,
       3.90450656e-01, 1.31692037e-01, 9.11156237e-01, 8.72484624e-01,
       2.62918144e-01, -4.11879390e-01 ]
fx: 5.4068603515625000e+02
fy: 5.4068603515625000e+02
cx: 4.7975000000000000e+02
cy: 2.6975000000000000e+02
