%YAML:1.0
TVector: !!opencv-matrix
   rows: 3
   cols: 1
   dt: f
   data: [ 1.76579764e-04, 2.17485661e-03, -1.36848190e-03 ]
RMatrix: !!opencv-matrix
   rows: 3
   cols: 3
   dt: f
   data: [ -1.49305770e-03, -9.99997675e-01, 1.52367051e-03,
       1.32166306e-02, 1.50380575e-03, 9.99911487e-01, 9.99911547e-01,
       -1.51306344e-03, -1.32143553e-02 ]
fx: 5.4068603515625000e+02
fy: 5.4068603515625000e+02
cx: 4.7975000000000000e+02
cy: 2.6975000000000000e+02
