%YAML:1.0
TVector: !!opencv-matrix
   rows: 3
   cols: 1
   dt: f
   data: [ 6.00057431e-02, 2.07539108e-02, -1.76934272e-01 ]
RMatrix: !!opencv-matrix
   rows: 3
   cols: 3
   dt: f
   data: [ 3.04916173e-01, -9.52234864e-01, 1.65866408e-02,
       3.72233778e-01, 1.35187939e-01, 9.18240845e-01, 8.76623213e-01,
       2.73812413e-01, -3.95675004e-01 ]
fx: 5.4068603515625000e+02
fy: 5.4068603515625000e+02
cx: 4.7975000000000000e+02
cy: 2.6975000000000000e+02
