%YAML:1.0
TVector: !!opencv-matrix
   rows: 3
   cols: 1
   dt: f
   data: [ 6.28837049e-02, 1.97922736e-02, -1.76759079e-01 ]
RMatrix: !!opencv-matrix
   rows: 3
   cols: 3
   dt: f
   data: [ 3.11467677e-01, -9.49944794e-01, 2.43467912e-02,
       3.53773534e-01, 1.39698550e-01, 9.24839735e-01, 8.81947935e-01,
       2.79444426e-01, -3.79576862e-01 ]
fx: 5.4068603515625000e+02
fy: 5.4068603515625000e+02
cx: 4.7975000000000000e+02
cy: 2.6975000000000000e+02
