%YAML:1.0
TVector: !!opencv-matrix
   rows: 3
   cols: 1
   dt: f
   data: [ 6.34020120e-02, 1.62876435e-02, -1.75488517e-01 ]
RMatrix: !!opencv-matrix
   rows: 3
   cols: 3
   dt: f
   data: [ 3.11943233e-01, -9.49705064e-01, 2.74153799e-02,
       3.44066292e-01, 1.39815718e-01, 9.28477108e-01, 8.85612428e-01,
       2.80199379e-01, -3.70376080e-01 ]
fx: 5.4068603515625000e+02
fy: 5.4068603515625000e+02
cx: 4.7975000000000000e+02
cy: 2.6975000000000000e+02
