%YAML:1.0
TVector: !!opencv-matrix
   rows: 3
   cols: 1
   dt: f
   data: [ 6.36819601e-02, 2.48490851e-02, -1.82701051e-01 ]
RMatrix: !!opencv-matrix
   rows: 3
   cols: 3
   dt: f
   data: [ 3.11890453e-01, -9.49701011e-01, 2.81519964e-02,
       3.37649345e-01, 1.38485625e-01, 9.31028962e-01, 8.88097703e-01,
       2.80873507e-01, -3.63858193e-01 ]
fx: 5.4068603515625000e+02
fy: 5.4068603515625000e+02
cx: 4.7975000000000000e+02
cy: 2.6975000000000000e+02
