%YAML:1.0
TVector: !!opencv-matrix
   rows: 3
   cols: 1
   dt: f
   data: [ 6.39238730e-02, 1.21900048e-02, -1.74339995e-01 ]
RMatrix: !!opencv-matrix
   rows: 3
   cols: 3
   dt: f
   data: [ 3.10831666e-01, -9.50021505e-01, 2.90285908e-02,
       3.34819227e-01, 1.38028964e-01, 9.32118058e-01, 8.89539063e-01,
       2.80012429e-01, -3.60989273e-01 ]
fx: 5.4068603515625000e+02
fy: 5.4068603515625000e+02
cx: 4.7975000000000000e+02
cy: 2.6975000000000000e+02
