%YAML:1.0
TVector: !!opencv-matrix
   rows: 3
   cols: 1
   dt: f
   data: [ 6.46248907e-02, 1.46021228e-02, -1.73560247e-01 ]
RMatrix: !!opencv-matrix
   rows: 3
   cols: 3
   dt: f
   data: [ 3.09961617e-01, -9.50307727e-01, 2.89733671e-02,
       3.29815686e-01, 1.36057869e-01, 9.34189498e-01, 8.91709507e-01,
       2.80007005e-01, -3.55599046e-01 ]
fx: 5.4068603515625000e+02
fy: 5.4068603515625000e+02
cx: 4.7975000000000000e+02
cy: 2.6975000000000000e+02
