%YAML:1.0
TVector: !!opencv-matrix
   rows: 3
   cols: 1
   dt: f
   data: [ 6.49846420e-02, 1.23512475e-02, -1.74262166e-01 ]
RMatrix: !!opencv-matrix
   rows: 3
   cols: 3
   dt: f
   data: [ 3.07742655e-01, -9.51029778e-01, 2.89331228e-02,
       3.24226230e-01, 1.33407891e-01, 9.36525464e-01, 8.94523382e-01,
       2.78827935e-01, -3.49404007e-01 ]
fx: 5.4068603515625000e+02
fy: 5.4068603515625000e+02
cx: 4.7975000000000000e+02
cy: 2.6975000000000000e+02
