%YAML:1.0
TVector: !!opencv-matrix
   rows: 3
   cols: 1
   dt: f
   data: [ 6.05023354e-02, 8.21043272e-03, -1.81980312e-01 ]
RMatrix: !!opencv-matrix
   rows: 3
   cols: 3
   dt: f
   data: [ 3.07125032e-01, -9.51248944e-01, 2.82743182e-02,
       3.18809837e-01, 1.30835235e-01, 9.38745022e-01, 8.96679640e-01,
       2.79298067e-01, -3.43450367e-01 ]
fx: 5.4068603515625000e+02
fy: 5.4068603515625000e+02
cx: 4.7975000000000000e+02
cy: 2.6975000000000000e+02
