%YAML:1.0
TVector: !!opencv-matrix
   rows: 3
   cols: 1
   dt: f
   data: [ 6.07619472e-02, 9.29936673e-03, -1.83995098e-01 ]
RMatrix: !!opencv-matrix
   rows: 3
   cols: 3
   dt: f
   data: [ 3.03861827e-01, -9.52266514e-01, 2.92652436e-02,
       3.07413071e-01, 1.27075538e-01, 9.43053007e-01, 9.01756585e-01,
       2.77561277e-01, -3.31352532e-01 ]
fx: 5.4068603515625000e+02
fy: 5.4068603515625000e+02
cx: 4.7975000000000000e+02
cy: 2.6975000000000000e+02
