%YAML:1.0
TVector: !!opencv-matrix
   rows: 3
   cols: 1
   dt: f
   data: [ 6.41440377e-02, 7.78524112e-03, -1.72885105e-01 ]
RMatrix: !!opencv-matrix
   rows: 3
   cols: 3
   dt: f
   data: [ 2.93660283e-01, -9.55379486e-01, 3.18367369e-02,
       2.90355653e-01, 1.20880798e-01, 9.49253023e-01, 9.10745382e-01,
       2.69513994e-01, -3.12897682e-01 ]
fx: 5.4068603515625000e+02
fy: 5.4068603515625000e+02
cx: 4.7975000000000000e+02
cy: 2.6975000000000000e+02
