%YAML:1.0
TVector: !!opencv-matrix
   rows: 3
   cols: 1
   dt: f
   data: [ 6.67638630e-02, 1.22322543e-02, -1.79897532e-01 ]
RMatrix: !!opencv-matrix
   rows: 3
   cols: 3
   dt: f
   data: [ 2.90018499e-01, -9.56494033e-01, 3.17483731e-02,
       2.84493625e-01, 1.17840819e-01, 9.51407790e-01, 9.13757384e-01,
       2.66893655e-01, -3.06292623e-01 ]
fx: 5.4068603515625000e+02
fy: 5.4068603515625000e+02
cx: 4.7975000000000000e+02
cy: 2.6975000000000000e+02
