%YAML:1.0
TVector: !!opencv-matrix
   rows: 3
   cols: 1
   dt: f
   data: [ 1.34140463e-03, 1.87236373e-03, -9.78622469e-04 ]
RMatrix: !!opencv-matrix
   rows: 3
   cols: 3
   dt: f
   data: [ -2.27129785e-03, -9.99996722e-01, 1.11825846e-03,
       1.70837902e-02, 1.07929588e-03, 9.99853432e-01, 9.99851406e-01,
       -2.29006959e-03, -1.70812849e-02 ]
fx: 5.4068603515625000e+02
fy: 5.4068603515625000e+02
cx: 4.7975000000000000e+02
cy: 2.6975000000000000e+02
