%YAML:1.0
TVector: !!opencv-matrix
   rows: 3
   cols: 1
   dt: f
   data: [ 6.47514910e-02, 5.83485095e-03, -1.72002584e-01 ]
RMatrix: !!opencv-matrix
   rows: 3
   cols: 3
   dt: f
   data: [ 2.86564678e-01, -9.57448244e-01, 3.42597924e-02,
       2.79311329e-01, 1.17697194e-01, 9.52959776e-01, 9.16441798e-01,
       2.63515443e-01, -3.01153988e-01 ]
fx: 5.4068603515625000e+02
fy: 5.4068603515625000e+02
cx: 4.7975000000000000e+02
cy: 2.6975000000000000e+02
