%YAML:1.0
TVector: !!opencv-matrix
   rows: 3
   cols: 1
   dt: f
   data: [ 7.51304105e-02, 5.71097387e-03, -1.53101474e-01 ]
RMatrix: !!opencv-matrix
   rows: 3
   cols: 3
   dt: f
   data: [ 2.65814960e-01, -9.63450789e-01, 3.32421176e-02,
       2.59404778e-01, 1.04695171e-01, 9.60077107e-01, 9.28467333e-01,
       2.46579662e-01, -2.77753323e-01 ]
fx: 5.4068603515625000e+02
fy: 5.4068603515625000e+02
cx: 4.7975000000000000e+02
cy: 2.6975000000000000e+02
