%YAML:1.0
TVector: !!opencv-matrix
   rows: 3
   cols: 1
   dt: f
   data: [ 6.21844307e-02, 3.50061833e-04, -1.63686588e-01 ]
RMatrix: !!opencv-matrix
   rows: 3
   cols: 3
   dt: f
   data: [ 2.64001340e-01, -9.63958263e-01, 3.29838432e-02,
       2.56017476e-01, 1.03004478e-01, 9.61168766e-01, 9.29923892e-01,
       2.45305344e-01, -2.73983419e-01 ]
fx: 5.4068603515625000e+02
fy: 5.4068603515625000e+02
cx: 4.7975000000000000e+02
cy: 2.6975000000000000e+02
