%YAML:1.0
TVector: !!opencv-matrix
   rows: 3
   cols: 1
   dt: f
   data: [ 6.35548830e-02, -1.79488910e-03, -1.57567054e-01 ]
RMatrix: !!opencv-matrix
   rows: 3
   cols: 3
   dt: f
   data: [ 2.59123445e-01, -9.65316594e-01, 3.19193117e-02,
       2.50398040e-01, 9.90600213e-02, 9.63061571e-01, 9.32821333e-01,
       2.41559312e-01, -2.67382175e-01 ]
fx: 5.4068603515625000e+02
fy: 5.4068603515625000e+02
cx: 4.7975000000000000e+02
cy: 2.6975000000000000e+02
