%YAML:1.0
TVector: !!opencv-matrix
   rows: 3
   cols: 1
   dt: f
   data: [ 6.25488013e-02, -2.63488269e-03, -1.55193046e-01 ]
RMatrix: !!opencv-matrix
   rows: 3
   cols: 3
   dt: f
   data: [ 2.51532316e-01, -9.67345476e-01, 3.12153809e-02,
       2.31919631e-01, 9.15544555e-02, 9.68416691e-01, 9.39651430e-01,
       2.36348629e-01, -2.47375309e-01 ]
fx: 5.4068603515625000e+02
fy: 5.4068603515625000e+02
cx: 4.7975000000000000e+02
cy: 2.6975000000000000e+02
