%YAML:1.0
TVector: !!opencv-matrix
   rows: 3
   cols: 1
   dt: f
   data: [ 7.13194758e-02, -3.36446916e-03, -1.45380676e-01 ]
RMatrix: !!opencv-matrix
   rows: 3
   cols: 3
   dt: f
   data: [ 2.44884297e-01, -9.69064713e-01, 3.07429247e-02,
       2.23778039e-01, 8.73444676e-02, 9.70718384e-01, 9.43374157e-01,
       2.30834126e-01, -2.38244683e-01 ]
fx: 5.4068603515625000e+02
fy: 5.4068603515625000e+02
cx: 4.7975000000000000e+02
cy: 2.6975000000000000e+02
