%YAML:1.0
TVector: !!opencv-matrix
   rows: 3
   cols: 1
   dt: f
   data: [ 4.83825133e-04, 2.71113124e-03, -1.42475218e-03 ]
RMatrix: !!opencv-matrix
   rows: 3
   cols: 3
   dt: f
   data: [ -1.66176760e-03, -9.99998629e-01, 5.04685275e-04,
       1.86785813e-02, 4.73558350e-04, 9.99825537e-01, 9.99824226e-01,
       -1.67090411e-03, -1.86777674e-02 ]
fx: 5.4068603515625000e+02
fy: 5.4068603515625000e+02
cx: 4.7975000000000000e+02
cy: 2.6975000000000000e+02
