%YAML:1.0
TVector: !!opencv-matrix
   rows: 3
   cols: 1
   dt: f
   data: [ 6.44484535e-02, -5.05626900e-03, -1.46035418e-01 ]
RMatrix: !!opencv-matrix
   rows: 3
   cols: 3
   dt: f
   data: [ 2.32183546e-01, -9.72178280e-01, 3.09926383e-02,
       2.03187570e-01, 7.96380863e-02, 9.75895822e-01, 9.51212883e-01,
       2.20289633e-01, -2.16025174e-01 ]
fx: 5.4068603515625000e+02
fy: 5.4068603515625000e+02
cx: 4.7975000000000000e+02
cy: 2.6975000000000000e+02
