%YAML:1.0
TVector: !!opencv-matrix
   rows: 3
   cols: 1
   dt: f
   data: [ 6.39876425e-02, -3.69490590e-03, -1.50629461e-01 ]
RMatrix: !!opencv-matrix
   rows: 3
   cols: 3
   dt: f
   data: [ 2.28477672e-01, -9.73131239e-01, 2.85172537e-02,
       1.96908608e-01, 7.48783797e-02, 9.77558255e-01, 9.53427911e-01,
       2.17734933e-01, -2.08725974e-01 ]
fx: 5.4068603515625000e+02
fy: 5.4068603515625000e+02
cx: 4.7975000000000000e+02
cy: 2.6975000000000000e+02
