%YAML:1.0
TVector: !!opencv-matrix
   rows: 3
   cols: 1
   dt: f
   data: [ 6.24121316e-02, -8.34858976e-03, -1.46512702e-01 ]
RMatrix: !!opencv-matrix
   rows: 3
   cols: 3
   dt: f
   data: [ 2.24100903e-01, -9.74098861e-01, 3.01688984e-02,
       1.89884886e-01, 7.40059465e-02, 9.79013264e-01, 9.55888391e-01,
       2.13669121e-01, -2.01551467e-01 ]
fx: 5.4068603515625000e+02
fy: 5.4068603515625000e+02
cx: 4.7975000000000000e+02
cy: 2.6975000000000000e+02
