%YAML:1.0
TVector: !!opencv-matrix
   rows: 3
   cols: 1
   dt: f
   data: [ 6.16896451e-02, -7.81242829e-03, -1.44233763e-01 ]
RMatrix: !!opencv-matrix
   rows: 3
   cols: 3
   dt: f
   data: [ 2.18899980e-01, -9.75296855e-01, 2.96449326e-02,
       1.84059322e-01, 7.11093023e-02, 9.80339468e-01, 9.58230138e-01,
       2.09139884e-01, -1.95078284e-01 ]
fx: 5.4068603515625000e+02
fy: 5.4068603515625000e+02
cx: 4.7975000000000000e+02
cy: 2.6975000000000000e+02
