%YAML:1.0
TVector: !!opencv-matrix
   rows: 3
   cols: 1
   dt: f
   data: [ 5.98945804e-02, -1.23393731e-02, -1.42387927e-01 ]
RMatrix: !!opencv-matrix
   rows: 3
   cols: 3
   dt: f
   data: [ 2.05233157e-01, -9.78314519e-01, 2.79330388e-02,
       1.64391562e-01, 6.25934452e-02, 9.84407306e-01, 9.64808285e-01,
       1.97441071e-01, -1.73672870e-01 ]
fx: 5.4068603515625000e+02
fy: 5.4068603515625000e+02
cx: 4.7975000000000000e+02
cy: 2.6975000000000000e+02
