%YAML:1.0
TVector: !!opencv-matrix
   rows: 3
   cols: 1
   dt: f
   data: [ 7.33987108e-05, 3.41951172e-03, -2.29289639e-03 ]
RMatrix: !!opencv-matrix
   rows: 3
   cols: 3
   dt: f
   data: [ -1.30897353e-03, -9.99998927e-01, 6.01607549e-04,
       2.06237901e-02, 5.74484118e-04, 9.99787033e-01, 9.99786437e-01,
       -1.32110249e-03, -2.06230190e-02 ]
fx: 5.4068603515625000e+02
fy: 5.4068603515625000e+02
cx: 4.7975000000000000e+02
cy: 2.6975000000000000e+02
