%YAML:1.0
TVector: !!opencv-matrix
   rows: 3
   cols: 1
   dt: f
   data: [ 5.38010634e-02, -1.33094322e-02, -1.47885159e-01 ]
RMatrix: !!opencv-matrix
   rows: 3
   cols: 3
   dt: f
   data: [ 1.98099986e-01, -9.79780793e-01, 2.80360561e-02,
       1.53228149e-01, 5.92068173e-02, 9.86415446e-01, 9.68130946e-01,
       1.91113025e-01, -1.61858872e-01 ]
fx: 5.4068603515625000e+02
fy: 5.4068603515625000e+02
cx: 4.7975000000000000e+02
cy: 2.6975000000000000e+02
