%YAML:1.0
TVector: !!opencv-matrix
   rows: 3
   cols: 1
   dt: f
   data: [ 5.55386618e-02, -1.49479220e-02, -1.44055694e-01 ]
RMatrix: !!opencv-matrix
   rows: 3
   cols: 3
   dt: f
   data: [ 1.93108290e-01, -9.80790555e-01, 2.75577977e-02,
       1.49103701e-01, 5.70941940e-02, 9.87171948e-01, 9.69782174e-01,
       1.86522081e-01, -1.57264873e-01 ]
fx: 5.4068603515625000e+02
fy: 5.4068603515625000e+02
cx: 4.7975000000000000e+02
cy: 2.6975000000000000e+02
