%YAML:1.0
TVector: !!opencv-matrix
   rows: 3
   cols: 1
   dt: f
   data: [ 5.57507575e-02, -1.80279650e-02, -1.35067731e-01 ]
RMatrix: !!opencv-matrix
   rows: 3
   cols: 3
   dt: f
   data: [ 1.87969297e-01, -9.81791556e-01, 2.74419915e-02,
       1.46373287e-01, 5.56300879e-02, 9.87663984e-01, 9.71206665e-01,
       1.81633711e-01, -1.54164776e-01 ]
fx: 5.4068603515625000e+02
fy: 5.4068603515625000e+02
cx: 4.7975000000000000e+02
cy: 2.6975000000000000e+02
