%YAML:1.0
TVector: !!opencv-matrix
   rows: 3
   cols: 1
   dt: f
   data: [ 5.11229970e-02, -2.23427713e-02, -1.33862823e-01 ]
RMatrix: !!opencv-matrix
   rows: 3
   cols: 3
   dt: f
   data: [ 1.82233498e-01, -9.82910156e-01, 2.60523725e-02,
       1.34844571e-01, 5.12285978e-02, 9.89541590e-01, 9.73965049e-01,
       1.76814571e-01, -1.41875654e-01 ]
fx: 5.4068603515625000e+02
fy: 5.4068603515625000e+02
cx: 4.7975000000000000e+02
cy: 2.6975000000000000e+02
