%YAML:1.0
TVector: !!opencv-matrix
   rows: 3
   cols: 1
   dt: f
   data: [ 5.83204217e-02, -3.75840627e-03, -1.39300779e-01 ]
RMatrix: !!opencv-matrix
   rows: 3
   cols: 3
   dt: f
   data: [ 1.76122740e-01, -9.84039605e-01, 2.54342370e-02,
       1.25357270e-01, 4.80491407e-02, 9.90947366e-01, 9.76353526e-01,
       1.71340033e-01, -1.31819040e-01 ]
fx: 5.4068603515625000e+02
fy: 5.4068603515625000e+02
cx: 4.7975000000000000e+02
cy: 2.6975000000000000e+02
