%YAML:1.0
TVector: !!opencv-matrix
   rows: 3
   cols: 1
   dt: f
   data: [ 5.32093979e-02, -2.18251646e-02, -1.38564885e-01 ]
RMatrix: !!opencv-matrix
   rows: 3
   cols: 3
   dt: f
   data: [ 1.73000887e-01, -9.84620750e-01, 2.43495945e-02,
       1.25761047e-01, 4.66030948e-02, 9.90965426e-01, 9.76859689e-01,
       1.68375626e-01, -1.31889269e-01 ]
fx: 5.4068603515625000e+02
fy: 5.4068603515625000e+02
cx: 4.7975000000000000e+02
cy: 2.6975000000000000e+02
