%YAML:1.0
TVector: !!opencv-matrix
   rows: 3
   cols: 1
   dt: f
   data: [ 8.11828300e-04, 4.01467038e-03, -1.84208807e-03 ]
RMatrix: !!opencv-matrix
   rows: 3
   cols: 3
   dt: f
   data: [ -9.18421254e-04, -9.99999583e-01, -1.18282023e-05,
       2.27054209e-02, -3.26783702e-05, 9.99742270e-01, 9.99741852e-01,
       -9.17916128e-04, -2.27054413e-02 ]
fx: 5.4068603515625000e+02
fy: 5.4068603515625000e+02
cx: 4.7975000000000000e+02
cy: 2.6975000000000000e+02
