%YAML:1.0
TVector: !!opencv-matrix
   rows: 3
   cols: 1
   dt: f
   data: [ 4.81034219e-02, -2.32024416e-02, -1.42980888e-01 ]
RMatrix: !!opencv-matrix
   rows: 3
   cols: 3
   dt: f
   data: [ 1.58749610e-01, -9.87099528e-01, 2.08045654e-02,
       1.07978322e-01, 3.83032113e-02, 9.93415058e-01, 9.81396437e-01,
       1.55457824e-01, -1.12665996e-01 ]
fx: 5.4068603515625000e+02
fy: 5.4068603515625000e+02
cx: 4.7975000000000000e+02
cy: 2.6975000000000000e+02
