%YAML:1.0
TVector: !!opencv-matrix
   rows: 3
   cols: 1
   dt: f
   data: [ 4.21213768e-02, -2.62107253e-02, -1.43097505e-01 ]
RMatrix: !!opencv-matrix
   rows: 3
   cols: 3
   dt: f
   data: [ 1.41968369e-01, -9.89695668e-01, 1.86433867e-02,
       9.40558687e-02, 3.22361328e-02, 9.95044887e-01, 9.85392511e-01,
       1.39511377e-01, -9.76631939e-02 ]
fx: 5.4068603515625000e+02
fy: 5.4068603515625000e+02
cx: 4.7975000000000000e+02
cy: 2.6975000000000000e+02
