%YAML:1.0
TVector: !!opencv-matrix
   rows: 3
   cols: 1
   dt: f
   data: [ 4.03896272e-02, -2.92320326e-02, -1.46669969e-01 ]
RMatrix: !!opencv-matrix
   rows: 3
   cols: 3
   dt: f
   data: [ 1.33627981e-01, -9.90894973e-01, 1.64535549e-02,
       8.27258974e-02, 2.76975054e-02, 9.96187329e-01, 9.87572789e-01,
       1.31757408e-01, -8.56738314e-02 ]
fx: 5.4068603515625000e+02
fy: 5.4068603515625000e+02
cx: 4.7975000000000000e+02
cy: 2.6975000000000000e+02
