%YAML:1.0
TVector: !!opencv-matrix
   rows: 3
   cols: 1
   dt: f
   data: [ 3.91899236e-02, -3.26420739e-02, -1.43432647e-01 ]
RMatrix: !!opencv-matrix
   rows: 3
   cols: 3
   dt: f
   data: [ 1.31390959e-01, -9.91197884e-01, 1.62204467e-02,
       7.78462887e-02, 2.66281366e-02, 9.96609688e-01, 9.88269389e-01,
       1.29682794e-01, -8.06597695e-02 ]
fx: 5.4068603515625000e+02
fy: 5.4068603515625000e+02
cx: 4.7975000000000000e+02
cy: 2.6975000000000000e+02
