%YAML:1.0
TVector: !!opencv-matrix
   rows: 3
   cols: 1
   dt: f
   data: [ 4.14304473e-02, -3.57750244e-02, -1.37172520e-01 ]
RMatrix: !!opencv-matrix
   rows: 3
   cols: 3
   dt: f
   data: [ 1.28525034e-01, -9.91568387e-01, 1.65352058e-02,
       7.08134174e-02, 2.58070640e-02, 9.97155666e-01, 9.89174783e-01,
       1.26988545e-01, -7.35332221e-02 ]
fx: 5.4068603515625000e+02
fy: 5.4068603515625000e+02
cx: 4.7975000000000000e+02
cy: 2.6975000000000000e+02
