%YAML:1.0
TVector: !!opencv-matrix
   rows: 3
   cols: 1
   dt: f
   data: [ 3.88113447e-02, -3.46282199e-02, -1.42652631e-01 ]
RMatrix: !!opencv-matrix
   rows: 3
   cols: 3
   dt: f
   data: [ 1.28405452e-01, -9.91574883e-01, 1.70551389e-02,
       6.40688986e-02, 2.54558194e-02, 9.97620583e-01, 9.89649832e-01,
       1.27007261e-01, -6.67978004e-02 ]
fx: 5.4068603515625000e+02
fy: 5.4068603515625000e+02
cx: 4.7975000000000000e+02
cy: 2.6975000000000000e+02
