%YAML:1.0
TVector: !!opencv-matrix
   rows: 3
   cols: 1
   dt: f
   data: [ 3.99693437e-02, -3.60190906e-02, -1.46365270e-01 ]
RMatrix: !!opencv-matrix
   rows: 3
   cols: 3
   dt: f
   data: [ 1.27373695e-01, -9.91695583e-01, 1.77697074e-02,
       5.67420200e-02, 2.51719151e-02, 9.98071492e-01, 9.90230441e-01,
       1.26119792e-01, -5.94770461e-02 ]
fx: 5.4068603515625000e+02
fy: 5.4068603515625000e+02
cx: 4.7975000000000000e+02
cy: 2.6975000000000000e+02
