%YAML:1.0
TVector: !!opencv-matrix
   rows: 3
   cols: 1
   dt: f
   data: [ 3.58658992e-02, -3.96384746e-02, -1.44995987e-01 ]
RMatrix: !!opencv-matrix
   rows: 3
   cols: 3
   dt: f
   data: [ 1.22161500e-01, -9.92316604e-01, 1.96115170e-02,
       2.88763382e-02, 2.33046468e-02, 9.99311388e-01, 9.92090106e-01,
       1.21511042e-01, -3.15014012e-02 ]
fx: 5.4068603515625000e+02
fy: 5.4068603515625000e+02
cx: 4.7975000000000000e+02
cy: 2.6975000000000000e+02
