%YAML:1.0
TVector: !!opencv-matrix
   rows: 3
   cols: 1
   dt: f
   data: [ -2.35412177e-03, -5.12889028e-02, -1.56022534e-01 ]
RMatrix: !!opencv-matrix
   rows: 3
   cols: 3
   dt: f
   data: [ 1.32786915e-01, -9.90944803e-01, 1.99020747e-02,
       1.72495432e-02, 2.23873649e-02, 9.99600530e-01, 9.90994394e-01,
       1.32390574e-01, -2.00660918e-02 ]
fx: 5.4068603515625000e+02
fy: 5.4068603515625000e+02
cx: 4.7975000000000000e+02
cy: 2.6975000000000000e+02
