%YAML:1.0
TVector: !!opencv-matrix
   rows: 3
   cols: 1
   dt: f
   data: [ 3.49176116e-02, -4.22242433e-02, -1.44071817e-01 ]
RMatrix: !!opencv-matrix
   rows: 3
   cols: 3
   dt: f
   data: [ 1.22961670e-01, -9.92160797e-01, 2.23010033e-02,
       6.71742624e-03, 2.33031064e-02, 9.99705791e-01, 9.92388487e-01,
       1.22775681e-01, -9.53015499e-03 ]
fx: 5.4068603515625000e+02
fy: 5.4068603515625000e+02
cx: 4.7975000000000000e+02
cy: 2.6975000000000000e+02
