%YAML:1.0
TVector: !!opencv-matrix
   rows: 3
   cols: 1
   dt: f
   data: [ 7.02137477e-04, 4.92245471e-03, -3.00193788e-03 ]
RMatrix: !!opencv-matrix
   rows: 3
   cols: 3
   dt: f
   data: [ 6.03322522e-04, -9.99998927e-01, -1.31012069e-03,
       3.05426288e-02, -1.29108247e-03, 9.99532640e-01, 9.99533296e-01,
       6.43055129e-04, -3.05418149e-02 ]
fx: 5.4068603515625000e+02
fy: 5.4068603515625000e+02
cx: 4.7975000000000000e+02
cy: 2.6975000000000000e+02
