%YAML:1.0
TVector: !!opencv-matrix
   rows: 3
   cols: 1
   dt: f
   data: [ 3.34727615e-02, -4.41011302e-02, -1.46368161e-01 ]
RMatrix: !!opencv-matrix
   rows: 3
   cols: 3
   dt: f
   data: [ 1.24272548e-01, -9.92043436e-01, 2.01534592e-02,
       -3.86436284e-03, 1.98268648e-02, 9.99795914e-01, 9.92240608e-01,
       1.24325067e-01, 1.36968086e-03 ]
fx: 5.4068603515625000e+02
fy: 5.4068603515625000e+02
cx: 4.7975000000000000e+02
cy: 2.6975000000000000e+02
