%YAML:1.0
TVector: !!opencv-matrix
   rows: 3
   cols: 1
   dt: f
   data: [ 3.35986167e-02, -5.29317819e-02, -1.34854332e-01 ]
RMatrix: !!opencv-matrix
   rows: 3
   cols: 3
   dt: f
   data: [ 1.28725186e-01, -9.91390109e-01, 2.39817835e-02,
       -2.07731351e-02, 2.14820094e-02, 9.99553263e-01, 9.91462588e-01,
       1.29165873e-01, 1.78290121e-02 ]
fx: 5.4068603515625000e+02
fy: 5.4068603515625000e+02
cx: 4.7975000000000000e+02
cy: 2.6975000000000000e+02
