%YAML:1.0
TVector: !!opencv-matrix
   rows: 3
   cols: 1
   dt: f
   data: [ 3.10180653e-02, -4.85552922e-02, -1.42451748e-01 ]
RMatrix: !!opencv-matrix
   rows: 3
   cols: 3
   dt: f
   data: [ 1.30496308e-01, -9.91084874e-01, 2.68679261e-02,
       -3.06295622e-02, 2.30566822e-02, 9.99264896e-01, 9.90975678e-01,
       1.31223321e-01, 2.73476746e-02 ]
fx: 5.4068603515625000e+02
fy: 5.4068603515625000e+02
cx: 4.7975000000000000e+02
cy: 2.6975000000000000e+02
