%YAML:1.0
TVector: !!opencv-matrix
   rows: 3
   cols: 1
   dt: f
   data: [ 2.95766741e-02, -5.03994077e-02, -1.48899630e-01 ]
RMatrix: !!opencv-matrix
   rows: 3
   cols: 3
   dt: f
   data: [ 1.34961829e-01, -9.90425944e-01, 2.90156398e-02,
       -4.15038168e-02, 2.36071311e-02, 9.98859465e-01, 9.89981174e-01,
       1.36012167e-01, 3.79203968e-02 ]
fx: 5.4068603515625000e+02
fy: 5.4068603515625000e+02
cx: 4.7975000000000000e+02
cy: 2.6975000000000000e+02
