%YAML:1.0
TVector: !!opencv-matrix
   rows: 3
   cols: 1
   dt: f
   data: [ 2.33139303e-02, -4.29892391e-02, -1.39603078e-01 ]
RMatrix: !!opencv-matrix
   rows: 3
   cols: 3
   dt: f
   data: [ 1.36791140e-01, -9.90218580e-01, 2.74822228e-02,
       -4.61190604e-02, 2.13468298e-02, 9.98707831e-01, 9.89525735e-01,
       1.37881830e-01, 4.27478962e-02 ]
fx: 5.4068603515625000e+02
fy: 5.4068603515625000e+02
cx: 4.7975000000000000e+02
cy: 2.6975000000000000e+02
