%YAML:1.0
TVector: !!opencv-matrix
   rows: 3
   cols: 1
   dt: f
   data: [ 1.49727496e-03, 5.60975308e-03, -2.32162164e-03 ]
RMatrix: !!opencv-matrix
   rows: 3
   cols: 3
   dt: f
   data: [ 1.19491050e-03, -9.99998212e-01, -1.41850149e-03,
       3.43444645e-02, -1.37662713e-03, 9.99408960e-01, 9.99409318e-01,
       1.24292215e-03, -3.43427584e-02 ]
fx: 5.4068603515625000e+02
fy: 5.4068603515625000e+02
cx: 4.7975000000000000e+02
cy: 2.6975000000000000e+02
