%YAML:1.0
TVector: !!opencv-matrix
   rows: 3
   cols: 1
   dt: f
   data: [ 2.28504129e-02, -4.11326736e-02, -1.42606378e-01 ]
RMatrix: !!opencv-matrix
   rows: 3
   cols: 3
   dt: f
   data: [ 1.41447037e-01, -9.89532232e-01, 2.86019910e-02,
       -5.82708567e-02, 2.05199067e-02, 9.98089790e-01, 9.88229156e-01,
       1.42843544e-01, 5.47584370e-02 ]
fx: 5.4068603515625000e+02
fy: 5.4068603515625000e+02
cx: 4.7975000000000000e+02
cy: 2.6975000000000000e+02
