%YAML:1.0
TVector: !!opencv-matrix
   rows: 3
   cols: 1
   dt: f
   data: [ 2.21023224e-02, -4.80194725e-02, -1.41066268e-01 ]
RMatrix: !!opencv-matrix
   rows: 3
   cols: 3
   dt: f
   data: [ 1.46866560e-01, -9.88553822e-01, 3.45140472e-02,
       -7.16306493e-02, 2.41718031e-02, 9.97138202e-01, 9.86559153e-01,
       1.48918539e-01, 6.72607571e-02 ]
fx: 5.4068603515625000e+02
fy: 5.4068603515625000e+02
cx: 4.7975000000000000e+02
cy: 2.6975000000000000e+02
