%YAML:1.0
TVector: !!opencv-matrix
   rows: 3
   cols: 1
   dt: f
   data: [ 1.46844573e-02, -5.54728471e-02, -1.47826642e-01 ]
RMatrix: !!opencv-matrix
   rows: 3
   cols: 3
   dt: f
   data: [ 1.53635398e-01, -9.87416625e-01, 3.74754369e-02,
       -8.06607753e-02, 2.52669156e-02, 9.96421218e-01, 9.84829843e-01,
       1.56108364e-01, 7.57638887e-02 ]
fx: 5.4068603515625000e+02
fy: 5.4068603515625000e+02
cx: 4.7975000000000000e+02
cy: 2.6975000000000000e+02
