%YAML:1.0
TVector: !!opencv-matrix
   rows: 3
   cols: 1
   dt: f
   data: [ 2.90073305e-02, -6.02088161e-02, -1.45695955e-01 ]
RMatrix: !!opencv-matrix
   rows: 3
   cols: 3
   dt: f
   data: [ 1.66032851e-01, -9.85254526e-01, 4.13132496e-02,
       -9.25089121e-02, 2.61479560e-02, 9.95368481e-01, 9.81771588e-01,
       1.69085696e-01, 8.68033841e-02 ]
fx: 5.4068603515625000e+02
fy: 5.4068603515625000e+02
cx: 4.7975000000000000e+02
cy: 2.6975000000000000e+02
