%YAML:1.0
TVector: !!opencv-matrix
   rows: 3
   cols: 1
   dt: f
   data: [ 3.88364717e-02, -7.50735700e-02, -1.34823263e-01 ]
RMatrix: !!opencv-matrix
   rows: 3
   cols: 3
   dt: f
   data: [ 1.81247577e-01, -9.82375205e-01, 4.56990488e-02,
       -9.85000283e-02, 2.81010699e-02, 9.94740248e-01, 9.78492379e-01,
       1.84795573e-01, 9.16707143e-02 ]
fx: 5.4068603515625000e+02
fy: 5.4068603515625000e+02
cx: 4.7975000000000000e+02
cy: 2.6975000000000000e+02
