%YAML:1.0
TVector: !!opencv-matrix
   rows: 3
   cols: 1
   dt: f
   data: [ 2.66878828e-02, -4.65418659e-02, -1.41130716e-01 ]
RMatrix: !!opencv-matrix
   rows: 3
   cols: 3
   dt: f
   data: [ 1.90358683e-01, -9.80688870e-01, 4.48657498e-02,
       -1.04874507e-01, 2.51255259e-02, 9.94167984e-01, 9.76096809e-01,
       1.93953767e-01, 9.80663896e-02 ]
fx: 5.4068603515625000e+02
fy: 5.4068603515625000e+02
cx: 4.7975000000000000e+02
cy: 2.6975000000000000e+02
