%YAML:1.0
TVector: !!opencv-matrix
   rows: 3
   cols: 1
   dt: f
   data: [ 3.21873091e-02, -6.19067512e-02, -1.36124507e-01 ]
RMatrix: !!opencv-matrix
   rows: 3
   cols: 3
   dt: f
   data: [ 1.95316583e-01, -9.79577363e-01, 4.77401577e-02,
       -1.04954086e-01, 2.75210775e-02, 9.94096041e-01, 9.75108027e-01,
       1.99173987e-01, 9.74353701e-02 ]
fx: 5.4068603515625000e+02
fy: 5.4068603515625000e+02
cx: 4.7975000000000000e+02
cy: 2.6975000000000000e+02
