%YAML:1.0
TVector: !!opencv-matrix
   rows: 3
   cols: 1
   dt: f
   data: [ 3.37821171e-02, -5.74065745e-02, -1.30008444e-01 ]
RMatrix: !!opencv-matrix
   rows: 3
   cols: 3
   dt: f
   data: [ 2.09658310e-01, -9.76665258e-01, 4.65645194e-02,
       -1.07651561e-01, 2.42765620e-02, 9.93892193e-01, 9.71830368e-01,
       2.13390514e-01, 1.00049749e-01 ]
fx: 5.4068603515625000e+02
fy: 5.4068603515625000e+02
cx: 4.7975000000000000e+02
cy: 2.6975000000000000e+02
