%YAML:1.0
TVector: !!opencv-matrix
   rows: 3
   cols: 1
   dt: f
   data: [ 3.15574668e-02, -4.88715135e-02, -1.42574489e-01 ]
RMatrix: !!opencv-matrix
   rows: 3
   cols: 3
   dt: f
   data: [ 2.17135623e-01, -9.74888206e-01, 4.94487137e-02,
       -1.12059824e-01, 2.54275184e-02, 9.93376076e-01, 9.69687939e-01,
       2.21238539e-01, 1.03724562e-01 ]
fx: 5.4068603515625000e+02
fy: 5.4068603515625000e+02
cx: 4.7975000000000000e+02
cy: 2.6975000000000000e+02
