%YAML:1.0
TVector: !!opencv-matrix
   rows: 3
   cols: 1
   dt: f
   data: [ 2.82949954e-02, -5.18161468e-02, -1.34637490e-01 ]
RMatrix: !!opencv-matrix
   rows: 3
   cols: 3
   dt: f
   data: [ 2.22766057e-01, -9.73585427e-01, 5.00627421e-02,
       -1.13514528e-01, 2.50990652e-02, 9.93219137e-01, 9.68240499e-01,
       2.26938397e-01, 1.04924917e-01 ]
fx: 5.4068603515625000e+02
fy: 5.4068603515625000e+02
cx: 4.7975000000000000e+02
cy: 2.6975000000000000e+02
