%YAML:1.0
TVector: !!opencv-matrix
   rows: 3
   cols: 1
   dt: f
   data: [ 3.05707119e-02, -5.95753938e-02, -1.35933802e-01 ]
RMatrix: !!opencv-matrix
   rows: 3
   cols: 3
   dt: f
   data: [ 2.30135381e-01, -9.71875250e-01, 4.99590151e-02,
       -1.11043334e-01, 2.47764364e-02, 9.93506610e-01, 9.66802478e-01,
       2.34188631e-01, 1.02218352e-01 ]
fx: 5.4068603515625000e+02
fy: 5.4068603515625000e+02
cx: 4.7975000000000000e+02
cy: 2.6975000000000000e+02
