%YAML:1.0
TVector: !!opencv-matrix
   rows: 3
   cols: 1
   dt: f
   data: [ 1.05127809e-03, 6.08445052e-03, -4.17064037e-03 ]
RMatrix: !!opencv-matrix
   rows: 3
   cols: 3
   dt: f
   data: [ 2.23408919e-03, -9.99995291e-01, -2.14194553e-03,
       4.01351191e-02, -2.05055973e-03, 9.99192178e-01, 9.99191761e-01,
       2.31825188e-03, -4.01303470e-02 ]
fx: 5.4068603515625000e+02
fy: 5.4068603515625000e+02
cx: 4.7975000000000000e+02
cy: 2.6975000000000000e+02
