%YAML:1.0
TVector: !!opencv-matrix
   rows: 3
   cols: 1
   dt: f
   data: [ 4.05019447e-02, -6.04017973e-02, -1.27763376e-01 ]
RMatrix: !!opencv-matrix
   rows: 3
   cols: 3
   dt: f
   data: [ 2.44297206e-01, -9.68277156e-01, 5.25167175e-02,
       -1.13411583e-01, 2.52560787e-02, 9.93226826e-01, 9.63045478e-01,
       2.48598576e-01, 1.03643879e-01 ]
fx: 5.4068603515625000e+02
fy: 5.4068603515625000e+02
cx: 4.7975000000000000e+02
cy: 2.6975000000000000e+02
