%YAML:1.0
TVector: !!opencv-matrix
   rows: 3
   cols: 1
   dt: f
   data: [ 2.55597476e-02, -5.08802719e-02, -1.37048990e-01 ]
RMatrix: !!opencv-matrix
   rows: 3
   cols: 3
   dt: f
   data: [ 2.63676167e-01, -9.63093936e-01, 5.40826991e-02,
       -1.13714769e-01, 2.46408768e-02, 9.93207872e-01, 9.57885087e-01,
       2.68035293e-01, 1.03020787e-01 ]
fx: 5.4068603515625000e+02
fy: 5.4068603515625000e+02
cx: 4.7975000000000000e+02
cy: 2.6975000000000000e+02
