%YAML:1.0
TVector: !!opencv-matrix
   rows: 3
   cols: 1
   dt: f
   data: [ 4.46310714e-02, -6.11149222e-02, -1.34606257e-01 ]
RMatrix: !!opencv-matrix
   rows: 3
   cols: 3
   dt: f
   data: [ 2.67196655e-01, -9.62034523e-01, 5.56364097e-02,
       -1.12763882e-01, 2.61241235e-02, 9.93278265e-01, 9.57021415e-01,
       2.71674365e-01, 1.01502463e-01 ]
fx: 5.4068603515625000e+02
fy: 5.4068603515625000e+02
cx: 4.7975000000000000e+02
cy: 2.6975000000000000e+02
