%YAML:1.0
TVector: !!opencv-matrix
   rows: 3
   cols: 1
   dt: f
   data: [ 4.50597554e-02, -6.25199825e-02, -1.34217963e-01 ]
RMatrix: !!opencv-matrix
   rows: 3
   cols: 3
   dt: f
   data: [ 2.75577396e-01, -9.59720016e-01, 5.47205657e-02,
       -1.12857282e-01, 2.42298674e-02, 9.93315697e-01, 9.54630911e-01,
       2.79910952e-01, 1.01634189e-01 ]
fx: 5.4068603515625000e+02
fy: 5.4068603515625000e+02
cx: 4.7975000000000000e+02
cy: 2.6975000000000000e+02
