%YAML:1.0
TVector: !!opencv-matrix
   rows: 3
   cols: 1
   dt: f
   data: [ 2.13680416e-02, -6.15580268e-02, -1.34160623e-01 ]
RMatrix: !!opencv-matrix
   rows: 3
   cols: 3
   dt: f
   data: [ 2.89097697e-01, -9.55818176e-01, 5.32370433e-02,
       -1.12207174e-01, 2.13950071e-02, 9.93454456e-01, 9.50700879e-01,
       2.93178946e-01, 1.01064429e-01 ]
fx: 5.4068603515625000e+02
fy: 5.4068603515625000e+02
cx: 4.7975000000000000e+02
cy: 2.6975000000000000e+02
