%YAML:1.0
TVector: !!opencv-matrix
   rows: 3
   cols: 1
   dt: f
   data: [ 3.85838002e-02, -6.71961531e-02, -1.23904422e-01 ]
RMatrix: !!opencv-matrix
   rows: 3
   cols: 3
   dt: f
   data: [ 2.92848706e-01, -9.54549849e-01, 5.54457158e-02,
       -1.12986386e-01, 2.30348818e-02, 9.93329465e-01, 9.49459732e-01,
       2.97159880e-01, 1.01105414e-01 ]
fx: 5.4068603515625000e+02
fy: 5.4068603515625000e+02
cx: 4.7975000000000000e+02
cy: 2.6975000000000000e+02
