%YAML:1.0
TVector: !!opencv-matrix
   rows: 3
   cols: 1
   dt: f
   data: [ 3.42982113e-02, -6.15256205e-02, -1.21453874e-01 ]
RMatrix: !!opencv-matrix
   rows: 3
   cols: 3
   dt: f
   data: [ 3.00475717e-01, -9.52191114e-01, 5.51949292e-02,
       -1.14027806e-01, 2.15916540e-02, 9.93242919e-01, 9.46948946e-01,
       3.04739177e-01, 1.02088511e-01 ]
fx: 5.4068603515625000e+02
fy: 5.4068603515625000e+02
cx: 4.7975000000000000e+02
cy: 2.6975000000000000e+02
