%YAML:1.0
TVector: !!opencv-matrix
   rows: 3
   cols: 1
   dt: f
   data: [ 2.87778452e-02, -5.99743389e-02, -1.22774445e-01 ]
RMatrix: !!opencv-matrix
   rows: 3
   cols: 3
   dt: f
   data: [ 3.08911115e-01, -9.49456453e-01, 5.57313748e-02,
       -1.12261511e-01, 2.17881706e-02, 9.93439674e-01, 9.44442034e-01,
       3.13141108e-01, 9.98568237e-02 ]
fx: 5.4068603515625000e+02
fy: 5.4068603515625000e+02
cx: 4.7975000000000000e+02
cy: 2.6975000000000000e+02
