%YAML:1.0
TVector: !!opencv-matrix
   rows: 3
   cols: 1
   dt: f
   data: [ 1.06312986e-03, 6.76133065e-03, -4.70777461e-03 ]
RMatrix: !!opencv-matrix
   rows: 3
   cols: 3
   dt: f
   data: [ 2.77851359e-03, -9.99994099e-01, -1.96375255e-03,
       4.38324064e-02, -1.84008328e-03, 9.99037147e-01, 9.99034941e-01,
       2.86191469e-03, -4.38270420e-02 ]
fx: 5.4068603515625000e+02
fy: 5.4068603515625000e+02
cx: 4.7975000000000000e+02
cy: 2.6975000000000000e+02
