%YAML:1.0
TVector: !!opencv-matrix
   rows: 3
   cols: 1
   dt: f
   data: [ 2.91627999e-02, -6.29691035e-02, -1.23819523e-01 ]
RMatrix: !!opencv-matrix
   rows: 3
   cols: 3
   dt: f
   data: [ 3.15954536e-01, -9.47156250e-01, 5.53897507e-02,
       -1.09549113e-01, 2.15707514e-02, 9.93747354e-01, 9.42428887e-01,
       3.20046902e-01, 9.69447419e-02 ]
fx: 5.4068603515625000e+02
fy: 5.4068603515625000e+02
cx: 4.7975000000000000e+02
cy: 2.6975000000000000e+02
