%YAML:1.0
TVector: !!opencv-matrix
   rows: 3
   cols: 1
   dt: f
   data: [ 2.74144839e-02, -5.61772697e-02, -1.25486508e-01 ]
RMatrix: !!opencv-matrix
   rows: 3
   cols: 3
   dt: f
   data: [ 3.40352207e-01, -9.38442111e-01, 5.90489954e-02,
       -1.02974474e-01, 2.52211764e-02, 9.94364202e-01, 9.34642553e-01,
       3.44514549e-01, 8.80515054e-02 ]
fx: 5.4068603515625000e+02
fy: 5.4068603515625000e+02
cx: 4.7975000000000000e+02
cy: 2.6975000000000000e+02
