%YAML:1.0
TVector: !!opencv-matrix
   rows: 3
   cols: 1
   dt: f
   data: [ 1.72278266e-02, -6.02846555e-02, -1.29969403e-01 ]
RMatrix: !!opencv-matrix
   rows: 3
   cols: 3
   dt: f
   data: [ 3.62670273e-01, -9.29959536e-01, 6.03773408e-02,
       -9.37485322e-02, 2.80525759e-02, 9.95200574e-01, 9.27190006e-01,
       3.66589993e-01, 7.70085156e-02 ]
fx: 5.4068603515625000e+02
fy: 5.4068603515625000e+02
cx: 4.7975000000000000e+02
cy: 2.6975000000000000e+02
