%YAML:1.0
TVector: !!opencv-matrix
   rows: 3
   cols: 1
   dt: f
   data: [ 3.38526182e-02, -5.67697026e-02, -1.33226484e-01 ]
RMatrix: !!opencv-matrix
   rows: 3
   cols: 3
   dt: f
   data: [ 3.64161730e-01, -9.29312229e-01, 6.13631718e-02,
       -9.28579867e-02, 2.93294601e-02, 9.95247483e-01, 9.26695287e-01,
       3.68128955e-01, 7.56133944e-02 ]
fx: 5.4068603515625000e+02
fy: 5.4068603515625000e+02
cx: 4.7975000000000000e+02
cy: 2.6975000000000000e+02
