%YAML:1.0
TVector: !!opencv-matrix
   rows: 3
   cols: 1
   dt: f
   data: [ 6.90876215e-04, 7.02614104e-03, -5.39788511e-03 ]
RMatrix: !!opencv-matrix
   rows: 3
   cols: 3
   dt: f
   data: [ 3.07972240e-03, -9.99992073e-01, -2.52434216e-03,
       4.82377857e-02, -2.37285625e-03, 9.98833120e-01, 9.98831153e-01,
       3.19789723e-03, -4.82300930e-02 ]
fx: 5.4068603515625000e+02
fy: 5.4068603515625000e+02
cx: 4.7975000000000000e+02
cy: 2.6975000000000000e+02
