%YAML:1.0
TVector: !!opencv-matrix
   rows: 3
   cols: 1
   dt: f
   data: [ 1.29509708e-02, -5.73550947e-02, -1.30139142e-01 ]
RMatrix: !!opencv-matrix
   rows: 3
   cols: 3
   dt: f
   data: [ 3.84718865e-01, -9.20985281e-01, 6.14600927e-02,
       -8.34313259e-02, 3.16154622e-02, 9.96011913e-01, 9.19255376e-01,
       3.88312310e-01, 6.46759570e-02 ]
fx: 5.4068603515625000e+02
fy: 5.4068603515625000e+02
cx: 4.7975000000000000e+02
cy: 2.6975000000000000e+02
