%YAML:1.0
TVector: !!opencv-matrix
   rows: 3
   cols: 1
   dt: f
   data: [ 1.24972491e-02, -6.64627701e-02, -1.27199575e-01 ]
RMatrix: !!opencv-matrix
   rows: 3
   cols: 3
   dt: f
   data: [ 4.07821357e-01, -9.11179364e-01, 5.86032197e-02,
       -6.87027648e-02, 3.33782434e-02, 9.97078717e-01, 9.10473466e-01,
       4.10656184e-01, 4.89881746e-02 ]
fx: 5.4068603515625000e+02
fy: 5.4068603515625000e+02
cx: 4.7975000000000000e+02
cy: 2.6975000000000000e+02
