%YAML:1.0
TVector: !!opencv-matrix
   rows: 3
   cols: 1
   dt: f
   data: [ 7.95295183e-03, -6.76068813e-02, -1.28578708e-01 ]
RMatrix: !!opencv-matrix
   rows: 3
   cols: 3
   dt: f
   data: [ 4.14218843e-01, -9.08300698e-01, 5.84149957e-02,
       -6.57507256e-02, 3.41508575e-02, 9.97251451e-01, 9.07799244e-01,
       4.16921169e-01, 4.55755070e-02 ]
fx: 5.4068603515625000e+02
fy: 5.4068603515625000e+02
cx: 4.7975000000000000e+02
cy: 2.6975000000000000e+02
