%YAML:1.0
TVector: !!opencv-matrix
   rows: 3
   cols: 1
   dt: f
   data: [ 1.31573305e-02, -6.55240044e-02, -1.32830203e-01 ]
RMatrix: !!opencv-matrix
   rows: 3
   cols: 3
   dt: f
   data: [ 4.19351190e-01, -9.05954480e-01, 5.82329445e-02,
       -6.40437603e-02, 3.44630033e-02, 9.97351766e-01, 9.05562222e-01,
       4.21970159e-01, 4.35686186e-02 ]
fx: 5.4068603515625000e+02
fy: 5.4068603515625000e+02
cx: 4.7975000000000000e+02
cy: 2.6975000000000000e+02
