%YAML:1.0
TVector: !!opencv-matrix
   rows: 3
   cols: 1
   dt: f
   data: [ 1.58689283e-02, -6.62294924e-02, -1.28364399e-01 ]
RMatrix: !!opencv-matrix
   rows: 3
   cols: 3
   dt: f
   data: [ 4.30390924e-01, -9.00798500e-01, 5.76676726e-02,
       -5.81994466e-02, 3.60611565e-02, 9.97653365e-01, 9.00764287e-01,
       4.32737172e-01, 3.69055830e-02 ]
fx: 5.4068603515625000e+02
fy: 5.4068603515625000e+02
cx: 4.7975000000000000e+02
cy: 2.6975000000000000e+02
