%YAML:1.0
TVector: !!opencv-matrix
   rows: 3
   cols: 1
   dt: f
   data: [ 8.95211473e-03, -6.83996901e-02, -1.25705883e-01 ]
RMatrix: !!opencv-matrix
   rows: 3
   cols: 3
   dt: f
   data: [ 4.42801952e-01, -8.94858778e-01, 5.61608486e-02,
       -5.04829884e-02, 3.76544148e-02, 9.98014688e-01, 8.95196974e-01,
       4.44758087e-01, 2.85016969e-02 ]
fx: 5.4068603515625000e+02
fy: 5.4068603515625000e+02
cx: 4.7975000000000000e+02
cy: 2.6975000000000000e+02
