%YAML:1.0
TVector: !!opencv-matrix
   rows: 3
   cols: 1
   dt: f
   data: [ 7.81704765e-03, -6.44928440e-02, -1.28814295e-01 ]
RMatrix: !!opencv-matrix
   rows: 3
   cols: 3
   dt: f
   data: [ 4.49158609e-01, -8.91706645e-01, 5.58167361e-02,
       -4.68380786e-02, 3.88866551e-02, 9.98145223e-01, 8.92223358e-01,
       4.50939894e-01, 2.42995508e-02 ]
fx: 5.4068603515625000e+02
fy: 5.4068603515625000e+02
cx: 4.7975000000000000e+02
cy: 2.6975000000000000e+02
