%YAML:1.0
TVector: !!opencv-matrix
   rows: 3
   cols: 1
   dt: f
   data: [ 2.71594264e-02, -6.67658672e-02, -1.24139965e-01 ]
RMatrix: !!opencv-matrix
   rows: 3
   cols: 3
   dt: f
   data: [ 4.56817091e-01, -8.87839377e-01, 5.53098731e-02,
       -3.65071557e-02, 4.34129462e-02, 9.98389840e-01, 8.88811052e-01,
       4.58100826e-01, 1.25807188e-02 ]
fx: 5.4068603515625000e+02
fy: 5.4068603515625000e+02
cx: 4.7975000000000000e+02
cy: 2.6975000000000000e+02
