%YAML:1.0
TVector: !!opencv-matrix
   rows: 3
   cols: 1
   dt: f
   data: [ -5.02609182e-03, -5.92997298e-02, -1.35909364e-01 ]
RMatrix: !!opencv-matrix
   rows: 3
   cols: 3
   dt: f
   data: [ 4.79577303e-01, -8.75947535e-01, 5.21711409e-02,
       -2.29704883e-02, 4.69021574e-02, 9.98635411e-01, 8.77199054e-01,
       4.80121255e-01, -2.37226533e-03 ]
fx: 5.4068603515625000e+02
fy: 5.4068603515625000e+02
cx: 4.7975000000000000e+02
cy: 2.6975000000000000e+02
