%YAML:1.0
TVector: !!opencv-matrix
   rows: 3
   cols: 1
   dt: f
   data: [ 3.42751225e-03, -5.50079495e-02, -1.32645369e-01 ]
RMatrix: !!opencv-matrix
   rows: 3
   cols: 3
   dt: f
   data: [ 4.81483370e-01, -8.74868631e-01, 5.27113266e-02,
       -1.82534792e-02, 5.01189940e-02, 9.98576403e-01, 8.76264989e-01,
       4.81760114e-01, -8.16206820e-03 ]
fx: 5.4068603515625000e+02
fy: 5.4068603515625000e+02
cx: 4.7975000000000000e+02
cy: 2.6975000000000000e+02
