%YAML:1.0
TVector: !!opencv-matrix
   rows: 3
   cols: 1
   dt: f
   data: [ 2.17114412e-03, -5.87437265e-02, -1.38842657e-01 ]
RMatrix: !!opencv-matrix
   rows: 3
   cols: 3
   dt: f
   data: [ 4.87858981e-01, -8.71389031e-01, 5.17173558e-02,
       -5.93413319e-03, 5.59342094e-02, 9.98416841e-01, 8.72902393e-01,
       4.87393618e-01, -2.21170690e-02 ]
fx: 5.4068603515625000e+02
fy: 5.4068603515625000e+02
cx: 4.7975000000000000e+02
cy: 2.6975000000000000e+02
