%YAML:1.0
TVector: !!opencv-matrix
   rows: 3
   cols: 1
   dt: f
   data: [ -1.47547561e-03, -5.98276518e-02, -1.41248405e-01 ]
RMatrix: !!opencv-matrix
   rows: 3
   cols: 3
   dt: f
   data: [ 4.95272785e-01, -8.67281973e-01, 5.02680801e-02,
       5.16030146e-03, 6.07993491e-02, 9.98136818e-01, 8.68722260e-01,
       4.94090557e-01, -3.45876999e-02 ]
fx: 5.4068603515625000e+02
fy: 5.4068603515625000e+02
cx: 4.7975000000000000e+02
cy: 2.6975000000000000e+02
