%YAML:1.0
TVector: !!opencv-matrix
   rows: 3
   cols: 1
   dt: f
   data: [ -2.22413288e-03, -5.65918833e-02, -1.48685679e-01 ]
RMatrix: !!opencv-matrix
   rows: 3
   cols: 3
   dt: f
   data: [ 5.01667500e-01, -8.63682985e-01, 4.88000065e-02,
       2.19435357e-02, 6.90993592e-02, 9.97368395e-01, 8.64782095e-01,
       4.99276340e-01, -5.36171570e-02 ]
fx: 5.4068603515625000e+02
fy: 5.4068603515625000e+02
cx: 4.7975000000000000e+02
cy: 2.6975000000000000e+02
