%YAML:1.0
TVector: !!opencv-matrix
   rows: 3
   cols: 1
   dt: f
   data: [ 2.30037654e-03, -5.67810610e-02, -1.46771088e-01 ]
RMatrix: !!opencv-matrix
   rows: 3
   cols: 3
   dt: f
   data: [ 5.02785921e-01, -8.63121867e-01, 4.71899770e-02,
       3.32471803e-02, 7.38610923e-02, 9.96714115e-01, 8.63771200e-01,
       4.99564856e-01, -6.58326894e-02 ]
fx: 5.4068603515625000e+02
fy: 5.4068603515625000e+02
cx: 4.7975000000000000e+02
cy: 2.6975000000000000e+02
