%YAML:1.0
TVector: !!opencv-matrix
   rows: 3
   cols: 1
   dt: f
   data: [ 3.34587395e-02, -4.70589958e-02, -1.45952150e-01 ]
RMatrix: !!opencv-matrix
   rows: 3
   cols: 3
   dt: f
   data: [ 4.97343063e-01, -8.66279364e-01, 4.70076427e-02,
       3.59312594e-02, 7.47056976e-02, 9.96558070e-01, 8.66809487e-01,
       4.93942231e-01, -6.82808906e-02 ]
fx: 5.4068603515625000e+02
fy: 5.4068603515625000e+02
cx: 4.7975000000000000e+02
cy: 2.6975000000000000e+02
