%YAML:1.0
TVector: !!opencv-matrix
   rows: 3
   cols: 1
   dt: f
   data: [ -2.37357593e-03, -4.78764772e-02, -1.54004648e-01 ]
RMatrix: !!opencv-matrix
   rows: 3
   cols: 3
   dt: f
   data: [ 5.08133173e-01, -8.60200822e-01, 4.30700891e-02,
       4.93672863e-02, 7.90140033e-02, 9.95650470e-01, 8.59862447e-01,
       5.03796756e-01, -8.26154128e-02 ]
fx: 5.4068603515625000e+02
fy: 5.4068603515625000e+02
cx: 4.7975000000000000e+02
cy: 2.6975000000000000e+02
