%YAML:1.0
TVector: !!opencv-matrix
   rows: 3
   cols: 1
   dt: f
   data: [ 4.90722596e-04, -5.32475226e-02, -1.49740249e-01 ]
RMatrix: !!opencv-matrix
   rows: 3
   cols: 3
   dt: f
   data: [ 5.09730577e-01, -8.59375536e-01, 4.05981578e-02,
       6.06835037e-02, 8.29849914e-02, 9.94701385e-01, 8.58191133e-01,
       5.04566133e-01, -9.44499001e-02 ]
fx: 5.4068603515625000e+02
fy: 5.4068603515625000e+02
cx: 4.7975000000000000e+02
cy: 2.6975000000000000e+02
