%YAML:1.0
TVector: !!opencv-matrix
   rows: 3
   cols: 1
   dt: f
   data: [ 3.74197285e-03, -4.55258191e-02, -1.48548037e-01 ]
RMatrix: !!opencv-matrix
   rows: 3
   cols: 3
   dt: f
   data: [ 5.09659648e-01, -8.59450042e-01, 3.99071127e-02,
       6.54609799e-02, 8.49841833e-02, 9.94229674e-01, 8.57882261e-01,
       5.04106462e-01, -9.95734408e-02 ]
fx: 5.4068603515625000e+02
fy: 5.4068603515625000e+02
cx: 4.7975000000000000e+02
cy: 2.6975000000000000e+02
