%YAML:1.0
TVector: !!opencv-matrix
   rows: 3
   cols: 1
   dt: f
   data: [ 1.27735652e-03, -4.57906574e-02, -1.50537193e-01 ]
RMatrix: !!opencv-matrix
   rows: 3
   cols: 3
   dt: f
   data: [ 5.10922372e-01, -8.58723283e-01, 3.94021049e-02,
       7.17556477e-02, 8.82797465e-02, 9.93507743e-01, 8.56626809e-01,
       5.04778028e-01, -1.06722362e-01 ]
fx: 5.4068603515625000e+02
fy: 5.4068603515625000e+02
cx: 4.7975000000000000e+02
cy: 2.6975000000000000e+02
