%YAML:1.0
TVector: !!opencv-matrix
   rows: 3
   cols: 1
   dt: f
   data: [ 4.87487391e-03, -4.20636721e-02, -1.50850654e-01 ]
RMatrix: !!opencv-matrix
   rows: 3
   cols: 3
   dt: f
   data: [ 5.10206878e-01, -8.59174371e-01, 3.88341919e-02,
       7.70414323e-02, 9.06283259e-02, 9.92900372e-01, 8.56594026e-01,
       5.03592789e-01, -1.12431213e-01 ]
fx: 5.4068603515625000e+02
fy: 5.4068603515625000e+02
cx: 4.7975000000000000e+02
cy: 2.6975000000000000e+02
