%YAML:1.0
TVector: !!opencv-matrix
   rows: 3
   cols: 1
   dt: f
   data: [ 1.50600367e-03, -4.27862741e-02, -1.53222024e-01 ]
RMatrix: !!opencv-matrix
   rows: 3
   cols: 3
   dt: f
   data: [ 5.11547863e-01, -8.58499467e-01, 3.60230133e-02,
       8.40791017e-02, 9.17339101e-02, 9.92227793e-01, 8.55131447e-01,
       5.04543006e-01, -1.19108155e-01 ]
fx: 5.4068603515625000e+02
fy: 5.4068603515625000e+02
cx: 4.7975000000000000e+02
cy: 2.6975000000000000e+02
