%YAML:1.0
TVector: !!opencv-matrix
   rows: 3
   cols: 1
   dt: f
   data: [ 6.02299860e-03, -4.09663506e-02, -1.53933257e-01 ]
RMatrix: !!opencv-matrix
   rows: 3
   cols: 3
   dt: f
   data: [ 5.11467636e-01, -8.58675539e-01, 3.28156576e-02,
       9.05548111e-02, 9.18361545e-02, 9.91647959e-01, 8.54517639e-01,
       5.04224300e-01, -1.24728441e-01 ]
fx: 5.4068603515625000e+02
fy: 5.4068603515625000e+02
cx: 4.7975000000000000e+02
cy: 2.6975000000000000e+02
