%YAML:1.0
TVector: !!opencv-matrix
   rows: 3
   cols: 1
   dt: f
   data: [ 3.73443216e-03, -4.32724655e-02, -1.54955387e-01 ]
RMatrix: !!opencv-matrix
   rows: 3
   cols: 3
   dt: f
   data: [ 5.12767255e-01, -8.58044088e-01, 2.88099907e-02,
       9.89372879e-02, 9.23922136e-02, 9.90795135e-01, 8.52807879e-01,
       5.05196989e-01, -1.32268265e-01 ]
fx: 5.4068603515625000e+02
fy: 5.4068603515625000e+02
cx: 4.7975000000000000e+02
cy: 2.6975000000000000e+02
