%YAML:1.0
TVector: !!opencv-matrix
   rows: 3
   cols: 1
   dt: f
   data: [ 4.37962962e-03, -3.85889150e-02, -1.55671209e-01 ]
RMatrix: !!opencv-matrix
   rows: 3
   cols: 3
   dt: f
   data: [ 5.13130903e-01, -8.57907295e-01, 2.63110623e-02,
       1.05207942e-01, 9.32910964e-02, 9.90064859e-01, 8.51838410e-01,
       5.05264640e-01, -1.38129219e-01 ]
fx: 5.4068603515625000e+02
fy: 5.4068603515625000e+02
cx: 4.7975000000000000e+02
cy: 2.6975000000000000e+02
