%YAML:1.0
TVector: !!opencv-matrix
   rows: 3
   cols: 1
   dt: f
   data: [ -3.72731220e-03, -3.06092426e-02, -1.66448593e-01 ]
RMatrix: !!opencv-matrix
   rows: 3
   cols: 3
   dt: f
   data: [ 5.14007449e-01, -8.57578278e-01, 1.88671146e-02,
       1.35362566e-01, 1.02812707e-01, 9.85447407e-01, 8.47037971e-01,
       5.03973424e-01, -1.68930456e-01 ]
fx: 5.4068603515625000e+02
fy: 5.4068603515625000e+02
cx: 4.7975000000000000e+02
cy: 2.6975000000000000e+02
