%YAML:1.0
TVector: !!opencv-matrix
   rows: 3
   cols: 1
   dt: f
   data: [ -6.47710913e-05, -3.08475699e-02, -1.66601419e-01 ]
RMatrix: !!opencv-matrix
   rows: 3
   cols: 3
   dt: f
   data: [ 5.14976323e-01, -8.57047558e-01, 1.63970869e-02,
       1.52600527e-01, 1.10482939e-01, 9.82092977e-01, 8.43511939e-01,
       5.03252327e-01, -1.87682033e-01 ]
fx: 5.4068603515625000e+02
fy: 5.4068603515625000e+02
cx: 4.7975000000000000e+02
cy: 2.6975000000000000e+02
