%YAML:1.0
TVector: !!opencv-matrix
   rows: 3
   cols: 1
   dt: f
   data: [ -2.61818408e-03, -2.93019824e-02, -1.73692852e-01 ]
RMatrix: !!opencv-matrix
   rows: 3
   cols: 3
   dt: f
   data: [ 5.15083492e-01, -8.57055426e-01, 1.20438691e-02,
       1.70554191e-01, 1.16251759e-01, 9.78466511e-01, 8.40000033e-01,
       5.01937866e-01, -2.06053764e-01 ]
fx: 5.4068603515625000e+02
fy: 5.4068603515625000e+02
cx: 4.7975000000000000e+02
cy: 2.6975000000000000e+02
