%YAML:1.0
TVector: !!opencv-matrix
   rows: 3
   cols: 1
   dt: f
   data: [ 2.63341644e-04, 1.40198902e-03, -1.16864416e-04 ]
RMatrix: !!opencv-matrix
   rows: 3
   cols: 3
   dt: f
   data: [ -1.05318439e-03, -9.99998450e-01, 1.41836482e-03,
       2.74460297e-03, 1.41546980e-03, 9.99995291e-01, 9.99995708e-01,
       -1.05707208e-03, -2.74310750e-03 ]
fx: 5.4068603515625000e+02
fy: 5.4068603515625000e+02
cx: 4.7975000000000000e+02
cy: 2.6975000000000000e+02
