%YAML:1.0
TVector: !!opencv-matrix
   rows: 3
   cols: 1
   dt: f
   data: [ 1.93136116e-03, 1.20497802e-02, -1.22774960e-02 ]
RMatrix: !!opencv-matrix
   rows: 3
   cols: 3
   dt: f
   data: [ 8.16958398e-03, -9.99958754e-01, -3.95154161e-03,
       7.25712180e-02, -3.34836100e-03, 9.97357488e-01, 9.97329712e-01,
       8.43476597e-03, -7.25408494e-02 ]
fx: 5.4068603515625000e+02
fy: 5.4068603515625000e+02
cx: 4.7975000000000000e+02
cy: 2.6975000000000000e+02
