%YAML:1.0
TVector: !!opencv-matrix
   rows: 3
   cols: 1
   dt: f
   data: [ -4.89248056e-03, -2.84919124e-02, -1.80389494e-01 ]
RMatrix: !!opencv-matrix
   rows: 3
   cols: 3
   dt: f
   data: [ 5.18131912e-01, -8.55292201e-01, 3.76409106e-03,
       1.96971655e-01, 1.23604789e-01, 9.72586095e-01, 8.32310677e-01,
       5.03186643e-01, -2.32511982e-01 ]
fx: 5.4068603515625000e+02
fy: 5.4068603515625000e+02
cx: 4.7975000000000000e+02
cy: 2.6975000000000000e+02
