%YAML:1.0
TVector: !!opencv-matrix
   rows: 3
   cols: 1
   dt: f
   data: [ -9.73407645e-03, -2.11483929e-02, -1.81441382e-01 ]
RMatrix: !!opencv-matrix
   rows: 3
   cols: 3
   dt: f
   data: [ 5.19903183e-01, -8.54221702e-01, 2.50711315e-03,
       2.01929748e-01, 1.25750810e-01, 9.71293569e-01, 8.30015182e-01,
       5.04472315e-01, -2.37870932e-01 ]
fx: 5.4068603515625000e+02
fy: 5.4068603515625000e+02
cx: 4.7975000000000000e+02
cy: 2.6975000000000000e+02
