%YAML:1.0
TVector: !!opencv-matrix
   rows: 3
   cols: 1
   dt: f
   data: [ -5.00148488e-03, -2.19882336e-02, -1.82587445e-01 ]
RMatrix: !!opencv-matrix
   rows: 3
   cols: 3
   dt: f
   data: [ 5.26406765e-01, -8.50196123e-01, -7.91789684e-03,
       2.37537995e-01, 1.38119295e-01, 9.61508632e-01, 8.16377163e-01,
       5.08025467e-01, -2.74660826e-01 ]
fx: 5.4068603515625000e+02
fy: 5.4068603515625000e+02
cx: 4.7975000000000000e+02
cy: 2.6975000000000000e+02
