%YAML:1.0
TVector: !!opencv-matrix
   rows: 3
   cols: 1
   dt: f
   data: [ -1.61026104e-03, -2.42907386e-02, -1.84376195e-01 ]
RMatrix: !!opencv-matrix
   rows: 3
   cols: 3
   dt: f
   data: [ 5.27591944e-01, -8.49446476e-01, -9.35718324e-03,
       2.44194448e-01, 1.41100898e-01, 9.59405780e-01, 8.13643575e-01,
       5.08459628e-01, -2.81873822e-01 ]
fx: 5.4068603515625000e+02
fy: 5.4068603515625000e+02
cx: 4.7975000000000000e+02
cy: 2.6975000000000000e+02
