%YAML:1.0
TVector: !!opencv-matrix
   rows: 3
   cols: 1
   dt: f
   data: [ 3.97925777e-03, 1.39986509e-02, -1.19683063e-02 ]
RMatrix: !!opencv-matrix
   rows: 3
   cols: 3
   dt: f
   data: [ 9.37411468e-03, -9.99949038e-01, -3.76148685e-03,
       7.95865431e-02, -3.00363824e-03, 9.96823490e-01, 9.96783972e-01,
       9.64369997e-03, -7.95543268e-02 ]
fx: 5.4068603515625000e+02
fy: 5.4068603515625000e+02
cx: 4.7975000000000000e+02
cy: 2.6975000000000000e+02
