%YAML:1.0
TVector: !!opencv-matrix
   rows: 3
   cols: 1
   dt: f
   data: [ -1.19943521e-03, -2.70477012e-02, -1.87804028e-01 ]
RMatrix: !!opencv-matrix
   rows: 3
   cols: 3
   dt: f
   data: [ 5.29276371e-01, -8.48360002e-01, -1.22987125e-02,
       2.51732260e-01, 1.43175423e-01, 9.57147479e-01, 8.10244977e-01,
       5.09691834e-01, -2.89339066e-01 ]
fx: 5.4068603515625000e+02
fy: 5.4068603515625000e+02
cx: 4.7975000000000000e+02
cy: 2.6975000000000000e+02
