%YAML:1.0
TVector: !!opencv-matrix
   rows: 3
   cols: 1
   dt: f
   data: [ -1.01537455e-03, -2.32577994e-02, -1.82541713e-01 ]
RMatrix: !!opencv-matrix
   rows: 3
   cols: 3
   dt: f
   data: [ 5.31022906e-01, -8.47217500e-01, -1.53980833e-02,
       2.59327292e-01, 1.45188704e-01, 9.54813957e-01, 8.06699395e-01,
       5.11021137e-01, -2.96805173e-01 ]
fx: 5.4068603515625000e+02
fy: 5.4068603515625000e+02
cx: 4.7975000000000000e+02
cy: 2.6975000000000000e+02
