%YAML:1.0
TVector: !!opencv-matrix
   rows: 3
   cols: 1
   dt: f
   data: [ -4.93773585e-03, -1.80775188e-02, -2.02499077e-01 ]
RMatrix: !!opencv-matrix
   rows: 3
   cols: 3
   dt: f
   data: [ 5.43982029e-01, -8.38647187e-01, -2.74659097e-02,
       2.97230214e-01, 1.61979169e-01, 9.40966010e-01, 7.84689605e-01,
       5.20032287e-01, -3.37385088e-01 ]
fx: 5.4068603515625000e+02
fy: 5.4068603515625000e+02
cx: 4.7975000000000000e+02
cy: 2.6975000000000000e+02
