%YAML:1.0
TVector: !!opencv-matrix
   rows: 3
   cols: 1
   dt: f
   data: [ 7.77690765e-03, -1.40195265e-02, -1.96743354e-01 ]
RMatrix: !!opencv-matrix
   rows: 3
   cols: 3
   dt: f
   data: [ 5.43824613e-01, -8.38720024e-01, -2.83509791e-02,
       3.03543895e-01, 1.65096760e-01, 9.38405097e-01, 7.82378316e-01,
       5.18933535e-01, -3.44371915e-01 ]
fx: 5.4068603515625000e+02
fy: 5.4068603515625000e+02
cx: 4.7975000000000000e+02
cy: 2.6975000000000000e+02
