%YAML:1.0
TVector: !!opencv-matrix
   rows: 3
   cols: 1
   dt: f
   data: [ 3.38582277e-06, -3.07148807e-02, -1.95271283e-01 ]
RMatrix: !!opencv-matrix
   rows: 3
   cols: 3
   dt: f
   data: [ 5.50693750e-01, -8.34107816e-01, -3.16292457e-02,
       3.20197493e-01, 1.76103100e-01, 9.30838943e-01, 7.70850182e-01,
       5.22734821e-01, -3.64058107e-01 ]
fx: 5.4068603515625000e+02
fy: 5.4068603515625000e+02
cx: 4.7975000000000000e+02
cy: 2.6975000000000000e+02
