%YAML:1.0
TVector: !!opencv-matrix
   rows: 3
   cols: 1
   dt: f
   data: [ -4.17826697e-04, -3.03370208e-02, -1.96904227e-01 ]
RMatrix: !!opencv-matrix
   rows: 3
   cols: 3
   dt: f
   data: [ 5.54359734e-01, -8.31615150e-01, -3.31911147e-02,
       3.24569613e-01, 1.79293633e-01, 9.28713202e-01, 7.66381085e-01,
       5.25614083e-01, -3.69310141e-01 ]
fx: 5.4068603515625000e+02
fy: 5.4068603515625000e+02
cx: 4.7975000000000000e+02
cy: 2.6975000000000000e+02
