%YAML:1.0
TVector: !!opencv-matrix
   rows: 3
   cols: 1
   dt: f
   data: [ -3.31300590e-03, -1.81494430e-02, -2.01388583e-01 ]
RMatrix: !!opencv-matrix
   rows: 3
   cols: 3
   dt: f
   data: [ 5.58370113e-01, -8.28873515e-01, -3.45143899e-02,
       3.26658815e-01, 1.81429610e-01, 9.27565157e-01, 7.62572408e-01,
       5.29199064e-01, -3.72063756e-01 ]
fx: 5.4068603515625000e+02
fy: 5.4068603515625000e+02
cx: 4.7975000000000000e+02
cy: 2.6975000000000000e+02
