%YAML:1.0
TVector: !!opencv-matrix
   rows: 3
   cols: 1
   dt: f
   data: [ 6.12223241e-03, -2.50351951e-02, -1.96146235e-01 ]
RMatrix: !!opencv-matrix
   rows: 3
   cols: 3
   dt: f
   data: [ 5.60913861e-01, -8.27050865e-01, -3.69114392e-02,
       3.34328502e-01, 1.85505629e-01, 9.24019516e-01, 7.57363856e-01,
       5.30635834e-01, -3.80559295e-01 ]
fx: 5.4068603515625000e+02
fy: 5.4068603515625000e+02
cx: 4.7975000000000000e+02
cy: 2.6975000000000000e+02
