%YAML:1.0
TVector: !!opencv-matrix
   rows: 3
   cols: 1
   dt: f
   data: [ 8.09816457e-03, -2.21603978e-02, -1.99941084e-01 ]
RMatrix: !!opencv-matrix
   rows: 3
   cols: 3
   dt: f
   data: [ 5.64930975e-01, -8.24153721e-01, -4.02966253e-02,
       3.39054734e-01, 1.87334031e-01, 9.21926260e-01, 7.52259910e-01,
       5.34487486e-01, -3.85264009e-01 ]
fx: 5.4068603515625000e+02
fy: 5.4068603515625000e+02
cx: 4.7975000000000000e+02
cy: 2.6975000000000000e+02
