%YAML:1.0
TVector: !!opencv-matrix
   rows: 3
   cols: 1
   dt: f
   data: [ 1.09318877e-04, -1.91610269e-02, -2.02486813e-01 ]
RMatrix: !!opencv-matrix
   rows: 3
   cols: 3
   dt: f
   data: [ 5.71018755e-01, -8.19791734e-01, -4.33494300e-02,
       3.40080798e-01, 1.88159078e-01, 9.21380043e-01, 7.47183084e-01,
       5.40867627e-01, -3.86237830e-01 ]
fx: 5.4068603515625000e+02
fy: 5.4068603515625000e+02
cx: 4.7975000000000000e+02
cy: 2.6975000000000000e+02
