%YAML:1.0
TVector: !!opencv-matrix
   rows: 3
   cols: 1
   dt: f
   data: [ 2.25975481e-03, 1.46247875e-02, -1.72913373e-02 ]
RMatrix: !!opencv-matrix
   rows: 3
   cols: 3
   dt: f
   data: [ 1.21273706e-02, -9.99914944e-01, -4.80510248e-03,
       9.78848711e-02, -3.59521527e-03, 9.95191216e-01, 9.95123863e-01,
       1.25394007e-02, -9.78329480e-02 ]
fx: 5.4068603515625000e+02
fy: 5.4068603515625000e+02
cx: 4.7975000000000000e+02
cy: 2.6975000000000000e+02
