%YAML:1.0
TVector: !!opencv-matrix
   rows: 3
   cols: 1
   dt: f
   data: [ 4.34347009e-03, -1.51819568e-02, -1.97252914e-01 ]
RMatrix: !!opencv-matrix
   rows: 3
   cols: 3
   dt: f
   data: [ 5.83452225e-01, -8.10740590e-01, -4.77805808e-02,
       3.50360870e-01, 1.98189363e-01, 9.15405989e-01, 7.32687473e-01,
       5.50836146e-01, -3.99685860e-01 ]
fx: 5.4068603515625000e+02
fy: 5.4068603515625000e+02
cx: 4.7975000000000000e+02
cy: 2.6975000000000000e+02
