%YAML:1.0
TVector: !!opencv-matrix
   rows: 3
   cols: 1
   dt: f
   data: [ 5.41221583e-03, -1.48320049e-02, -1.98911741e-01 ]
RMatrix: !!opencv-matrix
   rows: 3
   cols: 3
   dt: f
   data: [ 5.84843516e-01, -8.09810460e-01, -4.65309955e-02,
       3.61045450e-01, 2.08519593e-01, 9.08936620e-01, 7.26363659e-01,
       5.48385382e-01, -4.14329737e-01 ]
fx: 5.4068603515625000e+02
fy: 5.4068603515625000e+02
cx: 4.7975000000000000e+02
cy: 2.6975000000000000e+02
