%YAML:1.0
TVector: !!opencv-matrix
   rows: 3
   cols: 1
   dt: f
   data: [ 6.06917636e-03, -1.33776572e-02, -2.02108741e-01 ]
RMatrix: !!opencv-matrix
   rows: 3
   cols: 3
   dt: f
   data: [ 5.85229278e-01, -8.09546769e-01, -4.62677144e-02,
       3.64544630e-01, 2.11706832e-01, 9.06800568e-01, 7.24302411e-01,
       5.47552884e-01, -4.19012964e-01 ]
fx: 5.4068603515625000e+02
fy: 5.4068603515625000e+02
cx: 4.7975000000000000e+02
cy: 2.6975000000000000e+02
