%YAML:1.0
TVector: !!opencv-matrix
   rows: 3
   cols: 1
   dt: f
   data: [ 3.94909224e-03, -1.39643252e-02, -2.04837009e-01 ]
RMatrix: !!opencv-matrix
   rows: 3
   cols: 3
   dt: f
   data: [ 5.86218357e-01, -8.08781326e-01, -4.71268892e-02,
       3.68553609e-01, 2.14427367e-01, 9.04538155e-01, 7.21468151e-01,
       5.47625601e-01, -4.23780501e-01 ]
fx: 5.4068603515625000e+02
fy: 5.4068603515625000e+02
cx: 4.7975000000000000e+02
cy: 2.6975000000000000e+02
