%YAML:1.0
TVector: !!opencv-matrix
   rows: 3
   cols: 1
   dt: f
   data: [ 5.21438709e-03, -1.34921800e-02, -2.04139337e-01 ]
RMatrix: !!opencv-matrix
   rows: 3
   cols: 3
   dt: f
   data: [ 5.86671591e-01, -8.08403254e-01, -4.79661003e-02,
       3.76632154e-01, 2.19934642e-01, 8.99875998e-01, 7.16913342e-01,
       5.45997143e-01, -4.33500111e-01 ]
fx: 5.4068603515625000e+02
fy: 5.4068603515625000e+02
cx: 4.7975000000000000e+02
cy: 2.6975000000000000e+02
