%YAML:1.0
TVector: !!opencv-matrix
   rows: 3
   cols: 1
   dt: f
   data: [ 6.79616351e-03, -1.41537394e-02, -2.02061459e-01 ]
RMatrix: !!opencv-matrix
   rows: 3
   cols: 3
   dt: f
   data: [ 5.86224973e-01, -8.08780909e-01, -4.70499620e-02,
       3.79852414e-01, 2.23101601e-01, 8.97740364e-01, 7.15578377e-01,
       5.44149816e-01, -4.38005090e-01 ]
fx: 5.4068603515625000e+02
fy: 5.4068603515625000e+02
cx: 4.7975000000000000e+02
cy: 2.6975000000000000e+02
