%YAML:1.0
TVector: !!opencv-matrix
   rows: 3
   cols: 1
   dt: f
   data: [ 9.57858004e-03, -1.21341525e-02, -2.02633575e-01 ]
RMatrix: !!opencv-matrix
   rows: 3
   cols: 3
   dt: f
   data: [ 5.86420834e-01, -8.08693945e-01, -4.60911989e-02,
       3.82037044e-01, 2.25959837e-01, 8.96096885e-01, 7.14253426e-01,
       5.43098509e-01, -4.41458672e-01 ]
fx: 5.4068603515625000e+02
fy: 5.4068603515625000e+02
cx: 4.7975000000000000e+02
cy: 2.6975000000000000e+02
