%YAML:1.0
TVector: !!opencv-matrix
   rows: 3
   cols: 1
   dt: f
   data: [ 9.71294660e-03, -1.27313826e-02, -2.02054426e-01 ]
RMatrix: !!opencv-matrix
   rows: 3
   cols: 3
   dt: f
   data: [ 5.87401092e-01, -8.07866335e-01, -4.80845496e-02,
       3.86876732e-01, 2.28119090e-01, 8.93469751e-01, 7.10834920e-01,
       5.43427944e-01, -4.46542084e-01 ]
fx: 5.4068603515625000e+02
fy: 5.4068603515625000e+02
cx: 4.7975000000000000e+02
cy: 2.6975000000000000e+02
