%YAML:1.0
TVector: !!opencv-matrix
   rows: 3
   cols: 1
   dt: f
   data: [ 3.61290597e-03, 1.66509002e-02, -1.76472254e-02 ]
RMatrix: !!opencv-matrix
   rows: 3
   cols: 3
   dt: f
   data: [ 1.28725292e-02, -9.99910057e-01, -3.76987667e-03,
       1.06875651e-01, -2.37272726e-03, 9.94269609e-01, 9.94189084e-01,
       1.32016735e-02, -1.06835492e-01 ]
fx: 5.4068603515625000e+02
fy: 5.4068603515625000e+02
cx: 4.7975000000000000e+02
cy: 2.6975000000000000e+02
