%YAML:1.0
TVector: !!opencv-matrix
   rows: 3
   cols: 1
   dt: f
   data: [ 1.49314031e-02, -1.08128237e-02, -1.99890360e-01 ]
RMatrix: !!opencv-matrix
   rows: 3
   cols: 3
   dt: f
   data: [ 5.92586279e-01, -8.04027319e-01, -4.88016941e-02,
       3.97939891e-01, 2.39538550e-01, 8.85587335e-01, 7.00346470e-01,
       5.44206977e-01, -4.61901784e-01 ]
fx: 5.4068603515625000e+02
fy: 5.4068603515625000e+02
cx: 4.7975000000000000e+02
cy: 2.6975000000000000e+02
