%YAML:1.0
TVector: !!opencv-matrix
   rows: 3
   cols: 1
   dt: f
   data: [ 2.09362004e-02, -7.20863603e-03, -1.97945863e-01 ]
RMatrix: !!opencv-matrix
   rows: 3
   cols: 3
   dt: f
   data: [ 5.98980546e-01, -7.98756301e-01, -5.66606075e-02,
       4.17699695e-01, 2.51292109e-01, 8.73143315e-01, 6.83190525e-01,
       5.46663046e-01, -4.84159410e-01 ]
fx: 5.4068603515625000e+02
fy: 5.4068603515625000e+02
cx: 4.7975000000000000e+02
cy: 2.6975000000000000e+02
