%YAML:1.0
TVector: !!opencv-matrix
   rows: 3
   cols: 1
   dt: f
   data: [ 3.58383288e-03, 1.61078200e-02, -1.91042125e-02 ]
RMatrix: !!opencv-matrix
   rows: 3
   cols: 3
   dt: f
   data: [ 1.41952345e-02, -9.99890208e-01, -4.23265062e-03,
       1.14890434e-01, -2.57399306e-03, 9.93374765e-01, 9.93276715e-01,
       1.45874824e-02, -1.14841305e-01 ]
fx: 5.4068603515625000e+02
fy: 5.4068603515625000e+02
cx: 4.7975000000000000e+02
cy: 2.6975000000000000e+02
