%YAML:1.0
TVector: !!opencv-matrix
   rows: 3
   cols: 1
   dt: f
   data: [ 2.13121306e-02, -6.22175494e-03, -1.99223354e-01 ]
RMatrix: !!opencv-matrix
   rows: 3
   cols: 3
   dt: f
   data: [ 6.00964248e-01, -7.97105372e-01, -5.88620752e-02,
       4.21260834e-01, 2.53294706e-01, 8.70850742e-01, 6.79250419e-01,
       5.48146427e-01, -4.88010406e-01 ]
fx: 5.4068603515625000e+02
fy: 5.4068603515625000e+02
cx: 4.7975000000000000e+02
cy: 2.6975000000000000e+02
