%YAML:1.0
TVector: !!opencv-matrix
   rows: 3
   cols: 1
   dt: f
   data: [ 2.32787784e-02, -5.34678996e-03, -1.98184133e-01 ]
RMatrix: !!opencv-matrix
   rows: 3
   cols: 3
   dt: f
   data: [ 6.02725506e-01, -7.95733213e-01, -5.94191700e-02,
       4.26253676e-01, 2.58124113e-01, 8.66994619e-01, 6.74558938e-01,
       5.47887564e-01, -4.94762182e-01 ]
fx: 5.4068603515625000e+02
fy: 5.4068603515625000e+02
cx: 4.7975000000000000e+02
cy: 2.6975000000000000e+02
