%YAML:1.0
TVector: !!opencv-matrix
   rows: 3
   cols: 1
   dt: f
   data: [ 2.43385099e-02, -5.40335337e-03, -2.01002255e-01 ]
RMatrix: !!opencv-matrix
   rows: 3
   cols: 3
   dt: f
   data: [ 6.05366468e-01, -7.93418884e-01, -6.33859932e-02,
       4.39977616e-01, 2.67204165e-01, 8.57334018e-01, 6.63287997e-01,
       5.46889722e-01, -5.10842979e-01 ]
fx: 5.4068603515625000e+02
fy: 5.4068603515625000e+02
cx: 4.7975000000000000e+02
cy: 2.6975000000000000e+02
