%YAML:1.0
TVector: !!opencv-matrix
   rows: 3
   cols: 1
   dt: f
   data: [ 2.51865741e-02, -5.61736571e-03, -2.00726092e-01 ]
RMatrix: !!opencv-matrix
   rows: 3
   cols: 3
   dt: f
   data: [ 6.06279910e-01, -7.92647481e-01, -6.43038675e-02,
       4.44214463e-01, 2.70480067e-01, 8.54115963e-01, 6.59619868e-01,
       5.46397984e-01, -5.16092002e-01 ]
fx: 5.4068603515625000e+02
fy: 5.4068603515625000e+02
cx: 4.7975000000000000e+02
cy: 2.6975000000000000e+02
