%YAML:1.0
TVector: !!opencv-matrix
   rows: 3
   cols: 1
   dt: f
   data: [ 2.58056205e-02, -6.25857711e-03, -2.01187253e-01 ]
RMatrix: !!opencv-matrix
   rows: 3
   cols: 3
   dt: f
   data: [ 6.07675314e-01, -7.91119218e-01, -6.97234273e-02,
       4.49603885e-01, 2.70319074e-01, 8.51342380e-01, 6.54665709e-01,
       5.48687637e-01, -5.19956470e-01 ]
fx: 5.4068603515625000e+02
fy: 5.4068603515625000e+02
cx: 4.7975000000000000e+02
cy: 2.6975000000000000e+02
