%YAML:1.0
TVector: !!opencv-matrix
   rows: 3
   cols: 1
   dt: f
   data: [ 4.53953724e-03, 1.70109291e-02, -2.12510489e-02 ]
RMatrix: !!opencv-matrix
   rows: 3
   cols: 3
   dt: f
   data: [ 1.58135556e-02, -9.99865770e-01, -4.29092115e-03,
       1.21227987e-01, -2.34253239e-03, 9.92621958e-01, 9.92498696e-01,
       1.62170641e-02, -1.21174663e-01 ]
fx: 5.4068603515625000e+02
fy: 5.4068603515625000e+02
cx: 4.7975000000000000e+02
cy: 2.6975000000000000e+02
