%YAML:1.0
TVector: !!opencv-matrix
   rows: 3
   cols: 1
   dt: f
   data: [ 2.81218067e-02, -4.44748905e-03, -1.99823558e-01 ]
RMatrix: !!opencv-matrix
   rows: 3
   cols: 3
   dt: f
   data: [ 6.08611107e-01, -7.90457070e-01, -6.90656751e-02,
       4.49752808e-01, 2.71953374e-01, 8.50742996e-01, 6.53693140e-01,
       5.48834026e-01, -5.21024108e-01 ]
fx: 5.4068603515625000e+02
fy: 5.4068603515625000e+02
cx: 4.7975000000000000e+02
cy: 2.6975000000000000e+02
