%YAML:1.0
TVector: !!opencv-matrix
   rows: 3
   cols: 1
   dt: f
   data: [ 2.80604679e-02, -3.97681491e-03, -1.99061230e-01 ]
RMatrix: !!opencv-matrix
   rows: 3
   cols: 3
   dt: f
   data: [ 6.10369027e-01, -7.89057314e-01, -6.95565566e-02,
       4.50512171e-01, 2.73577243e-01, 8.49820137e-01, 6.51527703e-01,
       5.50040007e-01, -5.22463083e-01 ]
fx: 5.4068603515625000e+02
fy: 5.4068603515625000e+02
cx: 4.7975000000000000e+02
cy: 2.6975000000000000e+02
