%YAML:1.0
TVector: !!opencv-matrix
   rows: 3
   cols: 1
   dt: f
   data: [ 3.04587409e-02, -6.30739424e-03, -1.98263168e-01 ]
RMatrix: !!opencv-matrix
   rows: 3
   cols: 3
   dt: f
   data: [ 6.12750232e-01, -7.87410438e-01, -6.72465488e-02,
       4.49698269e-01, 2.77441710e-01, 8.48998070e-01, 6.49852812e-01,
       5.50464332e-01, -5.24099588e-01 ]
fx: 5.4068603515625000e+02
fy: 5.4068603515625000e+02
cx: 4.7975000000000000e+02
cy: 2.6975000000000000e+02
