%YAML:1.0
TVector: !!opencv-matrix
   rows: 3
   cols: 1
   dt: f
   data: [ 2.97652315e-02, -4.42718621e-03, -1.98965877e-01 ]
RMatrix: !!opencv-matrix
   rows: 3
   cols: 3
   dt: f
   data: [ 6.14967763e-01, -7.85678267e-01, -6.72613382e-02,
       4.48732346e-01, 2.78537542e-01, 8.49150181e-01, 6.48424208e-01,
       5.52382350e-01, -5.23850918e-01 ]
fx: 5.4068603515625000e+02
fy: 5.4068603515625000e+02
cx: 4.7975000000000000e+02
cy: 2.6975000000000000e+02
