%YAML:1.0
TVector: !!opencv-matrix
   rows: 3
   cols: 1
   dt: f
   data: [ 3.13138142e-02, -6.39021071e-03, -1.98730633e-01 ]
RMatrix: !!opencv-matrix
   rows: 3
   cols: 3
   dt: f
   data: [ 6.21487319e-01, -7.80470252e-01, -6.79663718e-02,
       4.52013463e-01, 2.86369711e-01, 8.44793379e-01, 6.39872670e-01,
       5.55750191e-01, -5.30758381e-01 ]
fx: 5.4068603515625000e+02
fy: 5.4068603515625000e+02
cx: 4.7975000000000000e+02
cy: 2.6975000000000000e+02
