%YAML:1.0
TVector: !!opencv-matrix
   rows: 3
   cols: 1
   dt: f
   data: [ 3.30608785e-02, -6.52620941e-03, -1.96869299e-01 ]
RMatrix: !!opencv-matrix
   rows: 3
   cols: 3
   dt: f
   data: [ 6.24397874e-01, -7.78420031e-01, -6.47256672e-02,
       4.46598172e-01, 2.87788182e-01, 8.47188354e-01, 6.40841186e-01,
       5.57888985e-01, -5.27335227e-01 ]
fx: 5.4068603515625000e+02
fy: 5.4068603515625000e+02
cx: 4.7975000000000000e+02
cy: 2.6975000000000000e+02
