%YAML:1.0
TVector: !!opencv-matrix
   rows: 3
   cols: 1
   dt: f
   data: [ 3.57269198e-02, -3.83793702e-03, -1.93500623e-01 ]
RMatrix: !!opencv-matrix
   rows: 3
   cols: 3
   dt: f
   data: [ 6.26344681e-01, -7.76861429e-01, -6.46441057e-02,
       4.45198983e-01, 2.88401663e-01, 8.47716033e-01, 6.39914453e-01,
       5.59741914e-01, -5.26496768e-01 ]
fx: 5.4068603515625000e+02
fy: 5.4068603515625000e+02
cx: 4.7975000000000000e+02
cy: 2.6975000000000000e+02
