%YAML:1.0
TVector: !!opencv-matrix
   rows: 3
   cols: 1
   dt: f
   data: [ 3.36340182e-02, -4.87064524e-03, -1.94833666e-01 ]
RMatrix: !!opencv-matrix
   rows: 3
   cols: 3
   dt: f
   data: [ 6.35759532e-01, -7.68667758e-01, -7.04252198e-02,
       4.44336593e-01, 2.89843589e-01, 8.47676575e-01, 6.31169379e-01,
       5.70210993e-01, -5.25817990e-01 ]
fx: 5.4068603515625000e+02
fy: 5.4068603515625000e+02
cx: 4.7975000000000000e+02
cy: 2.6975000000000000e+02
