%YAML:1.0
TVector: !!opencv-matrix
   rows: 3
   cols: 1
   dt: f
   data: [ 3.49928848e-02, -5.60702384e-03, -1.93307564e-01 ]
RMatrix: !!opencv-matrix
   rows: 3
   cols: 3
   dt: f
   data: [ 6.38352275e-01, -7.66721487e-01, -6.81500286e-02,
       4.41524297e-01, 2.92197138e-01, 8.48337889e-01, 6.30525589e-01,
       5.71628392e-01, -5.25050938e-01 ]
fx: 5.4068603515625000e+02
fy: 5.4068603515625000e+02
cx: 4.7975000000000000e+02
cy: 2.6975000000000000e+02
