%YAML:1.0
TVector: !!opencv-matrix
   rows: 3
   cols: 1
   dt: f
   data: [ 3.91314253e-02, -5.22331335e-03, -1.88836709e-01 ]
RMatrix: !!opencv-matrix
   rows: 3
   cols: 3
   dt: f
   data: [ 6.47668540e-01, -7.60033429e-01, -5.36184348e-02,
       4.27922994e-01, 3.04626912e-01, 8.50931466e-01, 6.30402684e-01,
       5.74066043e-01, -5.22533059e-01 ]
fx: 5.4068603515625000e+02
fy: 5.4068603515625000e+02
cx: 4.7975000000000000e+02
cy: 2.6975000000000000e+02
