%YAML:1.0
TVector: !!opencv-matrix
   rows: 3
   cols: 1
   dt: f
   data: [ 3.74585688e-02, -7.51367491e-03, -1.90367922e-01 ]
RMatrix: !!opencv-matrix
   rows: 3
   cols: 3
   dt: f
   data: [ 6.51333928e-01, -7.56755769e-01, -5.55432476e-02,
       4.29176569e-01, 3.07043701e-01, 8.49430382e-01, 6.25757098e-01,
       5.77100635e-01, -5.24769783e-01 ]
fx: 5.4068603515625000e+02
fy: 5.4068603515625000e+02
cx: 4.7975000000000000e+02
cy: 2.6975000000000000e+02
