%YAML:1.0
TVector: !!opencv-matrix
   rows: 3
   cols: 1
   dt: f
   data: [ 4.04498428e-02, -1.23374434e-02, -1.89018026e-01 ]
RMatrix: !!opencv-matrix
   rows: 3
   cols: 3
   dt: f
   data: [ 6.55623317e-01, -7.53208876e-01, -5.32369204e-02,
       4.24525976e-01, 3.09381485e-01, 8.50917518e-01, 6.24448121e-01,
       5.80481946e-01, -5.22594452e-01 ]
fx: 5.4068603515625000e+02
fy: 5.4068603515625000e+02
cx: 4.7975000000000000e+02
cy: 2.6975000000000000e+02
