%YAML:1.0
TVector: !!opencv-matrix
   rows: 3
   cols: 1
   dt: f
   data: [ 4.50523272e-02, -1.09413480e-02, -1.78830877e-01 ]
RMatrix: !!opencv-matrix
   rows: 3
   cols: 3
   dt: f
   data: [ 6.70470715e-01, -7.40849078e-01, -4.01456170e-02,
       3.73055041e-01, 2.89855719e-01, 8.81370366e-01, 6.41325891e-01,
       6.05909526e-01, -4.70717132e-01 ]
fx: 5.4068603515625000e+02
fy: 5.4068603515625000e+02
cx: 4.7975000000000000e+02
cy: 2.6975000000000000e+02
