%YAML:1.0
TVector: !!opencv-matrix
   rows: 3
   cols: 1
   dt: f
   data: [ 4.23833542e-02, -1.40151232e-02, -1.71500802e-01 ]
RMatrix: !!opencv-matrix
   rows: 3
   cols: 3
   dt: f
   data: [ 6.72830701e-01, -7.38699317e-01, -4.02791910e-02,
       3.65671873e-01, 2.84748077e-01, 8.86116743e-01, 6.43104374e-01,
       6.10935330e-01, -4.61708754e-01 ]
fx: 5.4068603515625000e+02
fy: 5.4068603515625000e+02
cx: 4.7975000000000000e+02
cy: 2.6975000000000000e+02
