%YAML:1.0
TVector: !!opencv-matrix
   rows: 3
   cols: 1
   dt: f
   data: [ 4.23601419e-02, -1.26599157e-02, -1.72299132e-01 ]
RMatrix: !!opencv-matrix
   rows: 3
   cols: 3
   dt: f
   data: [ 6.73239887e-01, -7.38236725e-01, -4.18872871e-02,
       3.61221969e-01, 2.78932810e-01, 8.89783502e-01, 6.45187318e-01,
       6.14168644e-01, -4.54456061e-01 ]
fx: 5.4068603515625000e+02
fy: 5.4068603515625000e+02
cx: 4.7975000000000000e+02
cy: 2.6975000000000000e+02
