%YAML:1.0
TVector: !!opencv-matrix
   rows: 3
   cols: 1
   dt: f
   data: [ 4.53878157e-02, -1.07448502e-02, -1.69792697e-01 ]
RMatrix: !!opencv-matrix
   rows: 3
   cols: 3
   dt: f
   data: [ 6.74394906e-01, -7.37354934e-01, -3.87187116e-02,
       3.49143416e-01, 2.72248060e-01, 8.96649182e-01, 6.50607765e-01,
       6.18214071e-01, -4.41045284e-01 ]
fx: 5.4068603515625000e+02
fy: 5.4068603515625000e+02
cx: 4.7975000000000000e+02
cy: 2.6975000000000000e+02
