%YAML:1.0
TVector: !!opencv-matrix
   rows: 3
   cols: 1
   dt: f
   data: [ 4.24078368e-02, -1.36389285e-02, -1.69471160e-01 ]
RMatrix: !!opencv-matrix
   rows: 3
   cols: 3
   dt: f
   data: [ 6.77533209e-01, -7.34555483e-01, -3.71084660e-02,
       3.43573302e-01, 2.71484941e-01, 8.99029195e-01, 6.50312304e-01,
       6.21871531e-01, -4.36313689e-01 ]
fx: 5.4068603515625000e+02
fy: 5.4068603515625000e+02
cx: 4.7975000000000000e+02
cy: 2.6975000000000000e+02
