%YAML:1.0
TVector: !!opencv-matrix
   rows: 3
   cols: 1
   dt: f
   data: [ 6.03358867e-03, 1.86427068e-02, -2.67314818e-02 ]
RMatrix: !!opencv-matrix
   rows: 3
   cols: 3
   dt: f
   data: [ 2.23658551e-02, -9.99746978e-01, -2.36869650e-03,
       1.38654575e-01, 7.55502435e-04, 9.90340471e-01, 9.90088105e-01,
       2.24782396e-02, -1.38636380e-01 ]
fx: 5.4068603515625000e+02
fy: 5.4068603515625000e+02
cx: 4.7975000000000000e+02
cy: 2.6975000000000000e+02
