%YAML:1.0
TVector: !!opencv-matrix
   rows: 3
   cols: 1
   dt: f
   data: [ 3.96488048e-02, -1.51621830e-02, -1.64754793e-01 ]
RMatrix: !!opencv-matrix
   rows: 3
   cols: 3
   dt: f
   data: [ 6.79212749e-01, -7.33081818e-01, -3.55048813e-02,
       3.31809551e-01, 2.63558060e-01, 9.05781150e-01, 6.54654145e-01,
       6.26999080e-01, -4.22255605e-01 ]
fx: 5.4068603515625000e+02
fy: 5.4068603515625000e+02
cx: 4.7975000000000000e+02
cy: 2.6975000000000000e+02
