%YAML:1.0
TVector: !!opencv-matrix
   rows: 3
   cols: 1
   dt: f
   data: [ 3.81641090e-02, -1.32649504e-02, -1.61188170e-01 ]
RMatrix: !!opencv-matrix
   rows: 3
   cols: 3
   dt: f
   data: [ 6.79891765e-01, -7.32567251e-01, -3.30509543e-02,
       3.16687822e-01, 2.52668053e-01, 9.14258003e-01, 6.61404610e-01,
       6.32063329e-01, -4.03782070e-01 ]
fx: 5.4068603515625000e+02
fy: 5.4068603515625000e+02
cx: 4.7975000000000000e+02
cy: 2.6975000000000000e+02
