%YAML:1.0
TVector: !!opencv-matrix
   rows: 3
   cols: 1
   dt: f
   data: [ 3.67417671e-02, -1.55265871e-02, -1.58574432e-01 ]
RMatrix: !!opencv-matrix
   rows: 3
   cols: 3
   dt: f
   data: [ 6.80047095e-01, -7.32526660e-01, -3.06691341e-02,
       3.11808407e-01, 2.51103908e-01, 9.16363597e-01, 6.63559675e-01,
       6.32733405e-01, -3.99170458e-01 ]
fx: 5.4068603515625000e+02
fy: 5.4068603515625000e+02
cx: 4.7975000000000000e+02
cy: 2.6975000000000000e+02
