%YAML:1.0
TVector: !!opencv-matrix
   rows: 3
   cols: 1
   dt: f
   data: [ 3.45980860e-02, -1.46847386e-02, -1.56464770e-01 ]
RMatrix: !!opencv-matrix
   rows: 3
   cols: 3
   dt: f
   data: [ 6.80049837e-01, -7.32535899e-01, -3.03888135e-02,
       3.07948112e-01, 2.47777179e-01, 9.18571889e-01, 6.65357351e-01,
       6.34032667e-01, -3.94083798e-01 ]
fx: 5.4068603515625000e+02
fy: 5.4068603515625000e+02
cx: 4.7975000000000000e+02
cy: 2.6975000000000000e+02
