%YAML:1.0
TVector: !!opencv-matrix
   rows: 3
   cols: 1
   dt: f
   data: [ 3.50655168e-02, -1.38319675e-02, -1.57708585e-01 ]
RMatrix: !!opencv-matrix
   rows: 3
   cols: 3
   dt: f
   data: [ 6.79263771e-01, -7.33269632e-01, -3.02683078e-02,
       3.05179358e-01, 2.44713426e-01, 9.20315564e-01, 6.67432487e-01,
       6.34374440e-01, -3.90003860e-01 ]
fx: 5.4068603515625000e+02
fy: 5.4068603515625000e+02
cx: 4.7975000000000000e+02
cy: 2.6975000000000000e+02
