%YAML:1.0
TVector: !!opencv-matrix
   rows: 3
   cols: 1
   dt: f
   data: [ 3.35921086e-02, -1.70421507e-02, -1.53693348e-01 ]
RMatrix: !!opencv-matrix
   rows: 3
   cols: 3
   dt: f
   data: [ 6.78776979e-01, -7.33773172e-01, -2.89626904e-02,
       3.01864833e-01, 2.42851883e-01, 9.21900630e-01, 6.69432163e-01,
       6.34507775e-01, -3.86342645e-01 ]
fx: 5.4068603515625000e+02
fy: 5.4068603515625000e+02
cx: 4.7975000000000000e+02
cy: 2.6975000000000000e+02
