%YAML:1.0
TVector: !!opencv-matrix
   rows: 3
   cols: 1
   dt: f
   data: [ 2.78485529e-02, -1.96774993e-02, -1.47572950e-01 ]
RMatrix: !!opencv-matrix
   rows: 3
   cols: 3
   dt: f
   data: [ 6.78235948e-01, -7.34238565e-01, -2.98239365e-02,
       2.96872884e-01, 2.36651778e-01, 9.25128222e-01, 6.72207117e-01,
       6.36309266e-01, -3.78481358e-01 ]
fx: 5.4068603515625000e+02
fy: 5.4068603515625000e+02
cx: 4.7975000000000000e+02
cy: 2.6975000000000000e+02
