%YAML:1.0
TVector: !!opencv-matrix
   rows: 3
   cols: 1
   dt: f
   data: [ 7.20215822e-03, 2.00904235e-02, -2.76543777e-02 ]
RMatrix: !!opencv-matrix
   rows: 3
   cols: 3
   dt: f
   data: [ 2.36222688e-02, -9.99720335e-01, -1.09726447e-03,
       1.42313078e-01, 2.27630162e-03, 9.89819109e-01, 9.89539802e-01,
       2.35379245e-02, -1.42327055e-01 ]
fx: 5.4068603515625000e+02
fy: 5.4068603515625000e+02
cx: 4.7975000000000000e+02
cy: 2.6975000000000000e+02
