%YAML:1.0
TVector: !!opencv-matrix
   rows: 3
   cols: 1
   dt: f
   data: [ 2.07924936e-02, -2.32923385e-02, -1.41354546e-01 ]
RMatrix: !!opencv-matrix
   rows: 3
   cols: 3
   dt: f
   data: [ 6.84901237e-01, -7.27563918e-01, -3.95085476e-02,
       2.72573382e-01, 2.05550164e-01, 9.39921737e-01, 6.75732195e-01,
       6.54522598e-01, -3.39096159e-01 ]
fx: 5.4068603515625000e+02
fy: 5.4068603515625000e+02
cx: 4.7975000000000000e+02
cy: 2.6975000000000000e+02
