%YAML:1.0
TVector: !!opencv-matrix
   rows: 3
   cols: 1
   dt: f
   data: [ 3.28871571e-02, -2.54110508e-02, -1.48117736e-01 ]
RMatrix: !!opencv-matrix
   rows: 3
   cols: 3
   dt: f
   data: [ 6.84967637e-01, -7.27714062e-01, -3.53767835e-02,
       2.61386901e-01, 2.00129032e-01, 9.44258928e-01, 6.80070758e-01,
       6.56033874e-01, -3.27296883e-01 ]
fx: 5.4068603515625000e+02
fy: 5.4068603515625000e+02
cx: 4.7975000000000000e+02
cy: 2.6975000000000000e+02
