%YAML:1.0
TVector: !!opencv-matrix
   rows: 3
   cols: 1
   dt: f
   data: [ 8.69706832e-03, -3.31940688e-02, -1.34130284e-01 ]
RMatrix: !!opencv-matrix
   rows: 3
   cols: 3
   dt: f
   data: [ 6.95945442e-01, -7.17262805e-01, -3.45528573e-02,
       2.30922788e-01, 1.77979335e-01, 9.56555188e-01, 6.79951787e-01,
       6.73689246e-01, -2.89496303e-01 ]
fx: 5.4068603515625000e+02
fy: 5.4068603515625000e+02
cx: 4.7975000000000000e+02
cy: 2.6975000000000000e+02
