%YAML:1.0
TVector: !!opencv-matrix
   rows: 3
   cols: 1
   dt: f
   data: [ 7.70046050e-03, -3.36227901e-02, -1.33909047e-01 ]
RMatrix: !!opencv-matrix
   rows: 3
   cols: 3
   dt: f
   data: [ 6.96914494e-01, -7.16389298e-01, -3.31126079e-02,
       2.25677162e-01, 1.75247610e-01, 9.58310008e-01, 6.80720270e-01,
       6.75332904e-01, -2.83805311e-01 ]
fx: 5.4068603515625000e+02
fy: 5.4068603515625000e+02
cx: 4.7975000000000000e+02
cy: 2.6975000000000000e+02
