%YAML:1.0
TVector: !!opencv-matrix
   rows: 3
   cols: 1
   dt: f
   data: [ 1.62102270e-03, -3.83016318e-02, -1.28903955e-01 ]
RMatrix: !!opencv-matrix
   rows: 3
   cols: 3
   dt: f
   data: [ 6.98745608e-01, -7.14607656e-01, -3.30203101e-02,
       2.22051263e-01, 1.72781453e-01, 9.59603846e-01, 6.80034995e-01,
       6.77851260e-01, -2.79409885e-01 ]
fx: 5.4068603515625000e+02
fy: 5.4068603515625000e+02
cx: 4.7975000000000000e+02
cy: 2.6975000000000000e+02
