%YAML:1.0
TVector: !!opencv-matrix
   rows: 3
   cols: 1
   dt: f
   data: [ 3.92003777e-03, -3.62895466e-02, -1.32146552e-01 ]
RMatrix: !!opencv-matrix
   rows: 3
   cols: 3
   dt: f
   data: [ 6.99730933e-01, -7.13647127e-01, -3.29352207e-02,
       2.16680452e-01, 1.68073669e-01, 9.61665750e-01, 6.80754364e-01,
       6.80043638e-01, -2.72239715e-01 ]
fx: 5.4068603515625000e+02
fy: 5.4068603515625000e+02
cx: 4.7975000000000000e+02
cy: 2.6975000000000000e+02
