%YAML:1.0
TVector: !!opencv-matrix
   rows: 3
   cols: 1
   dt: f
   data: [ -6.00169296e-04, -3.72950882e-02, -1.30337417e-01 ]
RMatrix: !!opencv-matrix
   rows: 3
   cols: 3
   dt: f
   data: [ 7.01192975e-01, -7.12211847e-01, -3.29046585e-02,
       2.12130889e-01, 1.64342806e-01, 9.63323236e-01, 6.80682480e-01,
       6.82455719e-01, -2.66318142e-01 ]
fx: 5.4068603515625000e+02
fy: 5.4068603515625000e+02
cx: 4.7975000000000000e+02
cy: 2.6975000000000000e+02
