%YAML:1.0
TVector: !!opencv-matrix
   rows: 3
   cols: 1
   dt: f
   data: [ -1.20262112e-02, -4.06063944e-02, -1.25802889e-01 ]
RMatrix: !!opencv-matrix
   rows: 3
   cols: 3
   dt: f
   data: [ 7.03593314e-01, -7.09930837e-01, -3.09050381e-02,
       1.93874270e-01, 1.49938792e-01, 9.69500542e-01, 6.83644354e-01,
       6.88125670e-01, -2.43133202e-01 ]
fx: 5.4068603515625000e+02
fy: 5.4068603515625000e+02
cx: 4.7975000000000000e+02
cy: 2.6975000000000000e+02
