%YAML:1.0
TVector: !!opencv-matrix
   rows: 3
   cols: 1
   dt: f
   data: [ -1.00406678e-02, -3.97061370e-02, -1.28974125e-01 ]
RMatrix: !!opencv-matrix
   rows: 3
   cols: 3
   dt: f
   data: [ 7.02754438e-01, -7.10972428e-01, -2.55744699e-02,
       1.88959301e-01, 1.51877180e-01, 9.70168829e-01, 6.85879111e-01,
       6.86623156e-01, -2.41077214e-01 ]
fx: 5.4068603515625000e+02
fy: 5.4068603515625000e+02
cx: 4.7975000000000000e+02
cy: 2.6975000000000000e+02
