%YAML:1.0
TVector: !!opencv-matrix
   rows: 3
   cols: 1
   dt: f
   data: [ -1.35584234e-03, -3.29312161e-02, -1.37788326e-01 ]
RMatrix: !!opencv-matrix
   rows: 3
   cols: 3
   dt: f
   data: [ 7.01165020e-01, -7.12641895e-01, -2.25585941e-02,
       1.84138834e-01, 1.50426269e-01, 9.71321046e-01, 6.88810647e-01,
       6.85210347e-01, -2.36698732e-01 ]
fx: 5.4068603515625000e+02
fy: 5.4068603515625000e+02
cx: 4.7975000000000000e+02
cy: 2.6975000000000000e+02
