%YAML:1.0
TVector: !!opencv-matrix
   rows: 3
   cols: 1
   dt: f
   data: [ -1.89773515e-02, -4.56279032e-02, -1.25149772e-01 ]
RMatrix: !!opencv-matrix
   rows: 3
   cols: 3
   dt: f
   data: [ 7.03667402e-01, -7.10145414e-01, -2.33628172e-02,
       1.80472299e-01, 1.46830097e-01, 9.72558856e-01, 6.87227845e-01,
       6.88574255e-01, -2.31481135e-01 ]
fx: 5.4068603515625000e+02
fy: 5.4068603515625000e+02
cx: 4.7975000000000000e+02
cy: 2.6975000000000000e+02
