%YAML:1.0
TVector: !!opencv-matrix
   rows: 3
   cols: 1
   dt: f
   data: [ -2.64180861e-02, -4.54491638e-02, -1.24878511e-01 ]
RMatrix: !!opencv-matrix
   rows: 3
   cols: 3
   dt: f
   data: [ 7.05298185e-01, -7.08378971e-01, -2.74511389e-02,
       1.66560322e-01, 1.27948210e-01, 9.77694750e-01, 6.89066112e-01,
       6.94138706e-01, -2.08229467e-01 ]
fx: 5.4068603515625000e+02
fy: 5.4068603515625000e+02
cx: 4.7975000000000000e+02
cy: 2.6975000000000000e+02
