%YAML:1.0
TVector: !!opencv-matrix
   rows: 3
   cols: 1
   dt: f
   data: [ -3.02106589e-02, -4.80535664e-02, -1.24102615e-01 ]
RMatrix: !!opencv-matrix
   rows: 3
   cols: 3
   dt: f
   data: [ 7.05388546e-01, -7.08302140e-01, -2.71081794e-02,
       1.60874709e-01, 1.22732610e-01, 9.79314029e-01, 6.90323174e-01,
       6.95158064e-01, -2.00522080e-01 ]
fx: 5.4068603515625000e+02
fy: 5.4068603515625000e+02
cx: 4.7975000000000000e+02
cy: 2.6975000000000000e+02
