%YAML:1.0
TVector: !!opencv-matrix
   rows: 3
   cols: 1
   dt: f
   data: [ -3.68653052e-02, -5.10650314e-02, -1.23370968e-01 ]
RMatrix: !!opencv-matrix
   rows: 3
   cols: 3
   dt: f
   data: [ 7.06081569e-01, -7.07609892e-01, -2.71485653e-02,
       1.55429453e-01, 1.17462307e-01, 9.80838418e-01, 6.90862119e-01,
       6.96771622e-01, -1.92921415e-01 ]
fx: 5.4068603515625000e+02
fy: 5.4068603515625000e+02
cx: 4.7975000000000000e+02
cy: 2.6975000000000000e+02
