%YAML:1.0
TVector: !!opencv-matrix
   rows: 3
   cols: 1
   dt: f
   data: [ -4.06332947e-02, -4.99108061e-02, -1.22229919e-01 ]
RMatrix: !!opencv-matrix
   rows: 3
   cols: 3
   dt: f
   data: [ 7.06078529e-01, -7.07668304e-01, -2.56660413e-02,
       1.41510248e-01, 1.05493300e-01, 9.84299779e-01, 6.93850279e-01,
       6.98625028e-01, -1.74628854e-01 ]
fx: 5.4068603515625000e+02
fy: 5.4068603515625000e+02
cx: 4.7975000000000000e+02
cy: 2.6975000000000000e+02
