%YAML:1.0
TVector: !!opencv-matrix
   rows: 3
   cols: 1
   dt: f
   data: [ -4.50069234e-02, -5.03109209e-02, -1.20522313e-01 ]
RMatrix: !!opencv-matrix
   rows: 3
   cols: 3
   dt: f
   data: [ 7.06159234e-01, -7.07659364e-01, -2.36097574e-02,
       1.30736589e-01, 9.75430831e-02, 9.86607015e-01, 6.95878744e-01,
       6.99788153e-01, -1.61397904e-01 ]
fx: 5.4068603515625000e+02
fy: 5.4068603515625000e+02
cx: 4.7975000000000000e+02
cy: 2.6975000000000000e+02
