%YAML:1.0
TVector: !!opencv-matrix
   rows: 3
   cols: 1
   dt: f
   data: [ -3.64899673e-02, -5.13207950e-02, -1.10300623e-01 ]
RMatrix: !!opencv-matrix
   rows: 3
   cols: 3
   dt: f
   data: [ 7.08902836e-01, -7.05057502e-01, -1.87248420e-02,
       1.13534808e-01, 8.78712460e-02, 9.89640594e-01, 6.96108162e-01,
       7.03684926e-01, -1.42340735e-01 ]
fx: 5.4068603515625000e+02
fy: 5.4068603515625000e+02
cx: 4.7975000000000000e+02
cy: 2.6975000000000000e+02
