%YAML:1.0
TVector: !!opencv-matrix
   rows: 3
   cols: 1
   dt: f
   data: [ -4.50609848e-02, -4.79884520e-02, -1.08191587e-01 ]
RMatrix: !!opencv-matrix
   rows: 3
   cols: 3
   dt: f
   data: [ 7.12698340e-01, -7.01250553e-01, -1.75691526e-02,
       1.06950372e-01, 8.38747993e-02, 9.90720272e-01, 6.93269432e-01,
       7.07963765e-01, -1.34776458e-01 ]
fx: 5.4068603515625000e+02
fy: 5.4068603515625000e+02
cx: 4.7975000000000000e+02
cy: 2.6975000000000000e+02
