%YAML:1.0
TVector: !!opencv-matrix
   rows: 3
   cols: 1
   dt: f
   data: [ -6.22974560e-02, -5.29257394e-02, -1.16781898e-01 ]
RMatrix: !!opencv-matrix
   rows: 3
   cols: 3
   dt: f
   data: [ 7.16921389e-01, -6.96951210e-01, -1.68240461e-02,
       1.03655748e-01, 8.26995596e-02, 9.91169214e-01, 6.89405203e-01,
       7.12334216e-01, -1.31532058e-01 ]
fx: 5.4068603515625000e+02
fy: 5.4068603515625000e+02
cx: 4.7975000000000000e+02
cy: 2.6975000000000000e+02
