%YAML:1.0
TVector: !!opencv-matrix
   rows: 3
   cols: 1
   dt: f
   data: [ -5.97873107e-02, -4.96347994e-02, -1.06538512e-01 ]
RMatrix: !!opencv-matrix
   rows: 3
   cols: 3
   dt: f
   data: [ 7.21451700e-01, -6.92353845e-01, -1.23956520e-02,
       9.35933515e-02, 7.97590837e-02, 9.92410541e-01, 6.86110556e-01,
       7.17136443e-01, -1.22342043e-01 ]
fx: 5.4068603515625000e+02
fy: 5.4068603515625000e+02
cx: 4.7975000000000000e+02
cy: 2.6975000000000000e+02
