%YAML:1.0
TVector: !!opencv-matrix
   rows: 3
   cols: 1
   dt: f
   data: [ -7.26061016e-02, -5.64556047e-02, -1.15613826e-01 ]
RMatrix: !!opencv-matrix
   rows: 3
   cols: 3
   dt: f
   data: [ 7.25470781e-01, -6.88176572e-01, -1.02636376e-02,
       8.83158296e-02, 7.82918856e-02, 9.93010938e-01, 6.82563365e-01,
       7.21306741e-01, -1.17575377e-01 ]
fx: 5.4068603515625000e+02
fy: 5.4068603515625000e+02
cx: 4.7975000000000000e+02
cy: 2.6975000000000000e+02
