%YAML:1.0
TVector: !!opencv-matrix
   rows: 3
   cols: 1
   dt: f
   data: [ -8.26580152e-02, -5.78051507e-02, -1.13034956e-01 ]
RMatrix: !!opencv-matrix
   rows: 3
   cols: 3
   dt: f
   data: [ 7.30498314e-01, -6.82907164e-01, 3.11043789e-03,
       6.92454353e-02, 7.86007270e-02, 9.94498253e-01, 6.79394662e-01,
       7.26263940e-01, -1.04705915e-01 ]
fx: 5.4068603515625000e+02
fy: 5.4068603515625000e+02
cx: 4.7975000000000000e+02
cy: 2.6975000000000000e+02
