%YAML:1.0
TVector: !!opencv-matrix
   rows: 3
   cols: 1
   dt: f
   data: [ 1.14236316e-02, 2.40871720e-02, -3.73526849e-02 ]
RMatrix: !!opencv-matrix
   rows: 3
   cols: 3
   dt: f
   data: [ 3.46082896e-02, -9.99398887e-01, 2.01455527e-03,
       1.71735212e-01, 7.93279242e-03, 9.85111177e-01, 9.84534979e-01,
       3.37470397e-02, -1.71906516e-01 ]
fx: 5.4068603515625000e+02
fy: 5.4068603515625000e+02
cx: 4.7975000000000000e+02
cy: 2.6975000000000000e+02
