%YAML:1.0
TVector: !!opencv-matrix
   rows: 3
   cols: 1
   dt: f
   data: [ -6.92762956e-02, -5.10029197e-02, -1.05915993e-01 ]
RMatrix: !!opencv-matrix
   rows: 3
   cols: 3
   dt: f
   data: [ 7.34687030e-01, -6.78219616e-01, 1.59144234e-02,
       4.78825644e-02, 7.52406791e-02, 9.96015072e-01, 6.76714361e-01,
       7.30997264e-01, -8.77532437e-02 ]
fx: 5.4068603515625000e+02
fy: 5.4068603515625000e+02
cx: 4.7975000000000000e+02
cy: 2.6975000000000000e+02
