%YAML:1.0
TVector: !!opencv-matrix
   rows: 3
   cols: 1
   dt: f
   data: [ -9.48267654e-02, -6.47560582e-02, -1.13212958e-01 ]
RMatrix: !!opencv-matrix
   rows: 3
   cols: 3
   dt: f
   data: [ 7.41448164e-01, -6.70662940e-01, 2.15875823e-02,
       3.73162553e-02, 7.33340904e-02, 9.96609211e-01, 6.69971943e-01,
       7.38128424e-01, -7.94000551e-02 ]
fx: 5.4068603515625000e+02
fy: 5.4068603515625000e+02
cx: 4.7975000000000000e+02
cy: 2.6975000000000000e+02
