%YAML:1.0
TVector: !!opencv-matrix
   rows: 3
   cols: 1
   dt: f
   data: [ -8.65717679e-02, -5.45974225e-02, -1.09472968e-01 ]
RMatrix: !!opencv-matrix
   rows: 3
   cols: 3
   dt: f
   data: [ 7.42800713e-01, -6.69051886e-01, 2.48295143e-02,
       2.87104249e-02, 6.88831434e-02, 9.97211337e-01, 6.68896556e-01,
       7.40016520e-01, -7.03752190e-02 ]
fx: 5.4068603515625000e+02
fy: 5.4068603515625000e+02
cx: 4.7975000000000000e+02
cy: 2.6975000000000000e+02
