%YAML:1.0
TVector: !!opencv-matrix
   rows: 3
   cols: 1
   dt: f
   data: [ -7.95745850e-02, -6.15667813e-02, -1.07369296e-01 ]
RMatrix: !!opencv-matrix
   rows: 3
   cols: 3
   dt: f
   data: [ 7.44531214e-01, -6.67153776e-01, 2.40670163e-02,
       2.56338771e-02, 6.45938888e-02, 9.97582197e-01, 6.67095304e-01,
       7.42114246e-01, -6.51938990e-02 ]
fx: 5.4068603515625000e+02
fy: 5.4068603515625000e+02
cx: 4.7975000000000000e+02
cy: 2.6975000000000000e+02
