%YAML:1.0
TVector: !!opencv-matrix
   rows: 3
   cols: 1
   dt: f
   data: [ -8.65944996e-02, -5.87205440e-02, -1.08503997e-01 ]
RMatrix: !!opencv-matrix
   rows: 3
   cols: 3
   dt: f
   data: [ 7.48125672e-01, -6.63087904e-01, 2.49443743e-02,
       1.89107824e-02, 5.88824749e-02, 9.98085737e-01, 6.63287461e-01,
       7.46221900e-01, -5.65909930e-02 ]
fx: 5.4068603515625000e+02
fy: 5.4068603515625000e+02
cx: 4.7975000000000000e+02
cy: 2.6975000000000000e+02
