%YAML:1.0
TVector: !!opencv-matrix
   rows: 3
   cols: 1
   dt: f
   data: [ -1.02102831e-01, -6.73066229e-02, -1.10413648e-01 ]
RMatrix: !!opencv-matrix
   rows: 3
   cols: 3
   dt: f
   data: [ 7.53458023e-01, -6.57021999e-01, 2.49582212e-02,
       1.60298590e-02, 5.63044287e-02, 9.98284936e-01, 6.57300353e-01,
       7.51765728e-01, -5.29549979e-02 ]
fx: 5.4068603515625000e+02
fy: 5.4068603515625000e+02
cx: 4.7975000000000000e+02
cy: 2.6975000000000000e+02
