%YAML:1.0
TVector: !!opencv-matrix
   rows: 3
   cols: 1
   dt: f
   data: [ -9.21720788e-02, -5.49194142e-02, -1.06521390e-01 ]
RMatrix: !!opencv-matrix
   rows: 3
   cols: 3
   dt: f
   data: [ 7.54840612e-01, -6.55322492e-01, 2.77136061e-02,
       9.38346051e-03, 5.30370809e-02, 9.98548269e-01, 6.55841172e-01,
       7.53484786e-01, -4.61837351e-02 ]
fx: 5.4068603515625000e+02
fy: 5.4068603515625000e+02
cx: 4.7975000000000000e+02
cy: 2.6975000000000000e+02
