%YAML:1.0
TVector: !!opencv-matrix
   rows: 3
   cols: 1
   dt: f
   data: [ 1.12818452e-02, 2.32896693e-02, -4.07398641e-02 ]
RMatrix: !!opencv-matrix
   rows: 3
   cols: 3
   dt: f
   data: [ 3.78424861e-02, -9.99283254e-01, 9.36216558e-04,
       1.79034993e-01, 7.70171126e-03, 9.83812511e-01, 9.83114660e-01,
       3.70622873e-02, -1.79198131e-01 ]
fx: 5.4068603515625000e+02
fy: 5.4068603515625000e+02
cx: 4.7975000000000000e+02
cy: 2.6975000000000000e+02
