%YAML:1.0
TVector: !!opencv-matrix
   rows: 3
   cols: 1
   dt: f
   data: [ -8.27394873e-02, -5.32796532e-02, -1.02351077e-01 ]
RMatrix: !!opencv-matrix
   rows: 3
   cols: 3
   dt: f
   data: [ 7.55913675e-01, -6.54009461e-01, 2.94237416e-02,
       7.13631837e-03, 5.31732328e-02, 9.98559713e-01, 6.54632151e-01,
       7.54614949e-01, -4.48616110e-02 ]
fx: 5.4068603515625000e+02
fy: 5.4068603515625000e+02
cx: 4.7975000000000000e+02
cy: 2.6975000000000000e+02
