%YAML:1.0
TVector: !!opencv-matrix
   rows: 3
   cols: 1
   dt: f
   data: [ -1.02202460e-01, -5.33774719e-02, -1.06362574e-01 ]
RMatrix: !!opencv-matrix
   rows: 3
   cols: 3
   dt: f
   data: [ 7.71208346e-01, -6.35644019e-01, 3.45600694e-02,
       -1.41630508e-03, 5.25765419e-02, 9.98615921e-01, 6.36581302e-01,
       7.70189881e-01, -3.96472029e-02 ]
fx: 5.4068603515625000e+02
fy: 5.4068603515625000e+02
cx: 4.7975000000000000e+02
cy: 2.6975000000000000e+02
