%YAML:1.0
TVector: !!opencv-matrix
   rows: 3
   cols: 1
   dt: f
   data: [ -1.12909228e-01, -6.32101297e-02, -1.11498192e-01 ]
RMatrix: !!opencv-matrix
   rows: 3
   cols: 3
   dt: f
   data: [ 7.75066793e-01, -6.30905747e-01, 3.50596160e-02,
       -9.49768117e-04, 5.43214045e-02, 9.98522997e-01, 6.31878436e-01,
       7.73955345e-01, -4.15035076e-02 ]
fx: 5.4068603515625000e+02
fy: 5.4068603515625000e+02
cx: 4.7975000000000000e+02
cy: 2.6975000000000000e+02
