%YAML:1.0
TVector: !!opencv-matrix
   rows: 3
   cols: 1
   dt: f
   data: [ -8.48492384e-02, -6.03909381e-02, -1.05573952e-01 ]
RMatrix: !!opencv-matrix
   rows: 3
   cols: 3
   dt: f
   data: [ 7.78650224e-01, -6.26419961e-01, 3.60746868e-02,
       -5.98197011e-03, 5.00796624e-02, 9.98727202e-01, 6.27429247e-01,
       7.77875245e-01, -3.52473296e-02 ]
fx: 5.4068603515625000e+02
fy: 5.4068603515625000e+02
cx: 4.7975000000000000e+02
cy: 2.6975000000000000e+02
