%YAML:1.0
TVector: !!opencv-matrix
   rows: 3
   cols: 1
   dt: f
   data: [ -8.86004120e-02, -5.90376928e-02, -1.03251331e-01 ]
RMatrix: !!opencv-matrix
   rows: 3
   cols: 3
   dt: f
   data: [ 7.84081042e-01, -6.19658351e-01, 3.52238901e-02,
       -8.64893291e-03, 4.58383113e-02, 9.98911560e-01, 6.20598614e-01,
       7.83532262e-01, -3.05815600e-02 ]
fx: 5.4068603515625000e+02
fy: 5.4068603515625000e+02
cx: 4.7975000000000000e+02
cy: 2.6975000000000000e+02
