%YAML:1.0
TVector: !!opencv-matrix
   rows: 3
   cols: 1
   dt: f
   data: [ -6.81242198e-02, -5.64245172e-02, -9.97816473e-02 ]
RMatrix: !!opencv-matrix
   rows: 3
   cols: 3
   dt: f
   data: [ 7.85297751e-01, -6.18112624e-01, 3.52664888e-02,
       -1.16237337e-02, 4.22326587e-02, 9.99040127e-01, 6.19008720e-01,
       7.84954011e-01, -2.59804428e-02 ]
fx: 5.4068603515625000e+02
fy: 5.4068603515625000e+02
cx: 4.7975000000000000e+02
cy: 2.6975000000000000e+02
