%YAML:1.0
TVector: !!opencv-matrix
   rows: 3
   cols: 1
   dt: f
   data: [ 1.12064676e-02, 2.40872316e-02, -4.14465964e-02 ]
RMatrix: !!opencv-matrix
   rows: 3
   cols: 3
   dt: f
   data: [ 4.06467170e-02, -9.99172032e-01, 1.75465713e-03,
       1.83820322e-01, 9.20399465e-03, 9.82916772e-01, 9.82119143e-01,
       3.96298021e-02, -1.84042245e-01 ]
fx: 5.4068603515625000e+02
fy: 5.4068603515625000e+02
cx: 4.7975000000000000e+02
cy: 2.6975000000000000e+02
