%YAML:1.0
TVector: !!opencv-matrix
   rows: 3
   cols: 1
   dt: f
   data: [ -1.00709490e-01, -4.96137440e-02, -1.08629189e-01 ]
RMatrix: !!opencv-matrix
   rows: 3
   cols: 3
   dt: f
   data: [ 7.92227268e-01, -6.09032035e-01, 3.81566100e-02,
       -1.61737762e-02, 4.15501110e-02, 9.99005437e-01, 6.10011697e-01,
       7.92056501e-01, -2.30667870e-02 ]
fx: 5.4068603515625000e+02
fy: 5.4068603515625000e+02
cx: 4.7975000000000000e+02
cy: 2.6975000000000000e+02
