%YAML:1.0
TVector: !!opencv-matrix
   rows: 3
   cols: 1
   dt: f
   data: [ -8.83095115e-02, -5.28754927e-02, -1.06879108e-01 ]
RMatrix: !!opencv-matrix
   rows: 3
   cols: 3
   dt: f
   data: [ 8.10167491e-01, -5.84381402e-01, 4.61193137e-02,
       -2.40091812e-02, 4.55297157e-02, 9.98674452e-01, 5.85706472e-01,
       8.10200810e-01, -2.28561740e-02 ]
fx: 5.4068603515625000e+02
fy: 5.4068603515625000e+02
cx: 4.7975000000000000e+02
cy: 2.6975000000000000e+02
