%YAML:1.0
TVector: !!opencv-matrix
   rows: 3
   cols: 1
   dt: f
   data: [ -8.14516991e-02, -5.08867987e-02, -1.09423697e-01 ]
RMatrix: !!opencv-matrix
   rows: 3
   cols: 3
   dt: f
   data: [ 8.11579049e-01, -5.82289696e-01, 4.77289371e-02,
       -2.32338868e-02, 4.94624563e-02, 9.98505712e-01, 5.83780348e-01,
       8.11475217e-01, -2.66138408e-02 ]
fx: 5.4068603515625000e+02
fy: 5.4068603515625000e+02
cx: 4.7975000000000000e+02
cy: 2.6975000000000000e+02
