%YAML:1.0
TVector: !!opencv-matrix
   rows: 3
   cols: 1
   dt: f
   data: [ 1.14195729e-02, 2.47114021e-02, -4.44284901e-02 ]
RMatrix: !!opencv-matrix
   rows: 3
   cols: 3
   dt: f
   data: [ 4.32630144e-02, -9.99061763e-01, 1.85260014e-03,
       1.89581141e-01, 1.00301709e-02, 9.81813729e-01, 9.80911314e-01,
       4.21250127e-02, -1.89837217e-01 ]
fx: 5.4068603515625000e+02
fy: 5.4068603515625000e+02
cx: 4.7975000000000000e+02
cy: 2.6975000000000000e+02
