%YAML:1.0
TVector: !!opencv-matrix
   rows: 3
   cols: 1
   dt: f
   data: [ -9.86971632e-02, -5.01372479e-02, -1.12760931e-01 ]
RMatrix: !!opencv-matrix
   rows: 3
   cols: 3
   dt: f
   data: [ 8.23896408e-01, -5.64514399e-01, 5.01833856e-02,
       -2.26989221e-02, 5.56074902e-02, 9.98194695e-01, 5.66285789e-01,
       8.23547959e-01, -3.30009386e-02 ]
fx: 5.4068603515625000e+02
fy: 5.4068603515625000e+02
cx: 4.7975000000000000e+02
cy: 2.6975000000000000e+02
