%YAML:1.0
TVector: !!opencv-matrix
   rows: 3
   cols: 1
   dt: f
   data: [ -1.06575802e-01, -5.95385209e-02, -1.15068167e-01 ]
RMatrix: !!opencv-matrix
   rows: 3
   cols: 3
   dt: f
   data: [ 8.30383539e-01, -5.54714799e-01, 5.24849333e-02,
       -2.17783097e-02, 6.18114918e-02, 9.97850299e-01, 5.56766391e-01,
       8.29741418e-01, -3.92465033e-02 ]
fx: 5.4068603515625000e+02
fy: 5.4068603515625000e+02
cx: 4.7975000000000000e+02
cy: 2.6975000000000000e+02
