%YAML:1.0
TVector: !!opencv-matrix
   rows: 3
   cols: 1
   dt: f
   data: [ -9.57355425e-02, -4.75307666e-02, -1.18652925e-01 ]
RMatrix: !!opencv-matrix
   rows: 3
   cols: 3
   dt: f
   data: [ 8.31449449e-01, -5.52836895e-01, 5.53460866e-02,
       -2.39239279e-02, 6.38987198e-02, 9.97669578e-01, 5.55085123e-01,
       8.30835879e-01, -3.99025232e-02 ]
fx: 5.4068603515625000e+02
fy: 5.4068603515625000e+02
cx: 4.7975000000000000e+02
cy: 2.6975000000000000e+02
