%YAML:1.0
TVector: !!opencv-matrix
   rows: 3
   cols: 1
   dt: f
   data: [ -1.06653109e-01, -6.51445538e-02, -1.22844949e-01 ]
RMatrix: !!opencv-matrix
   rows: 3
   cols: 3
   dt: f
   data: [ 8.37851882e-01, -5.43336809e-01, 5.28131500e-02,
       -1.85650922e-02, 6.83292523e-02, 9.97489989e-01, 5.45581818e-01,
       8.36729407e-01, -4.71627042e-02 ]
fx: 5.4068603515625000e+02
fy: 5.4068603515625000e+02
cx: 4.7975000000000000e+02
cy: 2.6975000000000000e+02
