%YAML:1.0
TVector: !!opencv-matrix
   rows: 3
   cols: 1
   dt: f
   data: [ -1.08296826e-01, -6.49489388e-02, -1.22213438e-01 ]
RMatrix: !!opencv-matrix
   rows: 3
   cols: 3
   dt: f
   data: [ 8.40597808e-01, -5.39145529e-01, 5.21272458e-02,
       -1.75289977e-02, 6.91089109e-02, 9.97455180e-01, 5.41375875e-01,
       8.39372277e-01, -4.86421213e-02 ]
fx: 5.4068603515625000e+02
fy: 5.4068603515625000e+02
cx: 4.7975000000000000e+02
cy: 2.6975000000000000e+02
