%YAML:1.0
TVector: !!opencv-matrix
   rows: 3
   cols: 1
   dt: f
   data: [ -1.06404528e-01, -6.49057478e-02, -1.26998663e-01 ]
RMatrix: !!opencv-matrix
   rows: 3
   cols: 3
   dt: f
   data: [ 8.47508132e-01, -5.28089285e-01, 5.34013212e-02,
       -1.84603799e-02, 7.12214261e-02, 9.97289658e-01, 5.30461371e-01,
       8.46196949e-01, -5.06120026e-02 ]
fx: 5.4068603515625000e+02
fy: 5.4068603515625000e+02
cx: 4.7975000000000000e+02
cy: 2.6975000000000000e+02
