%YAML:1.0
TVector: !!opencv-matrix
   rows: 3
   cols: 1
   dt: f
   data: [ -1.06974527e-01, -6.30072057e-02, -1.27454534e-01 ]
RMatrix: !!opencv-matrix
   rows: 3
   cols: 3
   dt: f
   data: [ 8.49863410e-01, -5.24242103e-01, 5.38733825e-02,
       -1.92057453e-02, 7.13484436e-02, 9.97266650e-01, 5.26652932e-01,
       8.48574996e-01, -5.05679734e-02 ]
fx: 5.4068603515625000e+02
fy: 5.4068603515625000e+02
cx: 4.7975000000000000e+02
cy: 2.6975000000000000e+02
