%YAML:1.0
TVector: !!opencv-matrix
   rows: 3
   cols: 1
   dt: f
   data: [ -1.04395993e-01, -6.37407377e-02, -1.29732966e-01 ]
RMatrix: !!opencv-matrix
   rows: 3
   cols: 3
   dt: f
   data: [ 8.54616225e-01, -5.16039252e-01, 5.77433631e-02,
       -1.87964421e-02, 8.03863406e-02, 9.96586561e-01, 5.18919587e-01,
       8.52784336e-01, -5.89997806e-02 ]
fx: 5.4068603515625000e+02
fy: 5.4068603515625000e+02
cx: 4.7975000000000000e+02
cy: 2.6975000000000000e+02
