%YAML:1.0
TVector: !!opencv-matrix
   rows: 3
   cols: 1
   dt: f
   data: [ -1.01580009e-01, -6.24627061e-02, -1.31682709e-01 ]
RMatrix: !!opencv-matrix
   rows: 3
   cols: 3
   dt: f
   data: [ 8.56647074e-01, -5.12679338e-01, 5.75782768e-02,
       -1.80855449e-02, 8.16951767e-02, 9.96493101e-01, 5.15585423e-01,
       8.54684472e-01, -6.07118607e-02 ]
fx: 5.4068603515625000e+02
fy: 5.4068603515625000e+02
cx: 4.7975000000000000e+02
cy: 2.6975000000000000e+02
