%YAML:1.0
TVector: !!opencv-matrix
   rows: 3
   cols: 1
   dt: f
   data: [ -1.02224916e-01, -6.23867624e-02, -1.33725688e-01 ]
RMatrix: !!opencv-matrix
   rows: 3
   cols: 3
   dt: f
   data: [ 8.58901978e-01, -5.08741379e-01, 5.89011721e-02,
       -1.86419971e-02, 8.38769898e-02, 9.96301591e-01, 5.11800408e-01,
       8.56823623e-01, -6.25581816e-02 ]
fx: 5.4068603515625000e+02
fy: 5.4068603515625000e+02
cx: 4.7975000000000000e+02
cy: 2.6975000000000000e+02
