%YAML:1.0
TVector: !!opencv-matrix
   rows: 3
   cols: 1
   dt: f
   data: [ -1.03415206e-01, -6.40846640e-02, -1.30732030e-01 ]
RMatrix: !!opencv-matrix
   rows: 3
   cols: 3
   dt: f
   data: [ 8.63965869e-01, -4.99885917e-01, 6.06371276e-02,
       -1.75603684e-02, 9.04360563e-02, 9.95747387e-01, 5.03243983e-01,
       8.61356616e-01, -6.93554878e-02 ]
fx: 5.4068603515625000e+02
fy: 5.4068603515625000e+02
cx: 4.7975000000000000e+02
cy: 2.6975000000000000e+02
