%YAML:1.0
TVector: !!opencv-matrix
   rows: 3
   cols: 1
   dt: f
   data: [ 1.28478706e-02, 2.59778295e-02, -4.91482355e-02 ]
RMatrix: !!opencv-matrix
   rows: 3
   cols: 3
   dt: f
   data: [ 4.75531034e-02, -9.98865843e-01, 2.34479271e-03,
       2.00048476e-01, 1.18235657e-02, 9.79714453e-01, 9.78631198e-01,
       4.61194068e-02, -2.00383827e-01 ]
fx: 5.4068603515625000e+02
fy: 5.4068603515625000e+02
cx: 4.7975000000000000e+02
cy: 2.6975000000000000e+02
