%YAML:1.0
TVector: !!opencv-matrix
   rows: 3
   cols: 1
   dt: f
   data: [ -8.99207070e-02, -5.88692799e-02, -1.34245381e-01 ]
RMatrix: !!opencv-matrix
   rows: 3
   cols: 3
   dt: f
   data: [ 8.71057987e-01, -4.86964315e-01, 6.42154664e-02,
       -1.83229670e-02, 9.84310508e-02, 9.94975090e-01, 4.90838289e-01,
       8.67857754e-01, -7.68165365e-02 ]
fx: 5.4068603515625000e+02
fy: 5.4068603515625000e+02
cx: 4.7975000000000000e+02
cy: 2.6975000000000000e+02
