%YAML:1.0
TVector: !!opencv-matrix
   rows: 3
   cols: 1
   dt: f
   data: [ -9.66800973e-02, -5.84153980e-02, -1.35987356e-01 ]
RMatrix: !!opencv-matrix
   rows: 3
   cols: 3
   dt: f
   data: [ 8.74299049e-01, -4.81297463e-01, 6.28824607e-02,
       -1.62527449e-02, 1.00449957e-01, 9.94809389e-01, 4.85115767e-01,
       8.70782852e-01, -8.00008774e-02 ]
fx: 5.4068603515625000e+02
fy: 5.4068603515625000e+02
cx: 4.7975000000000000e+02
cy: 2.6975000000000000e+02
