%YAML:1.0
TVector: !!opencv-matrix
   rows: 3
   cols: 1
   dt: f
   data: [ -9.06614959e-02, -5.87293208e-02, -1.42789945e-01 ]
RMatrix: !!opencv-matrix
   rows: 3
   cols: 3
   dt: f
   data: [ 8.76927316e-01, -4.76792365e-01, 6.05600998e-02,
       -1.17200408e-02, 1.04752339e-01, 9.94429231e-01, 4.80480075e-01,
       8.72751832e-01, -8.62721577e-02 ]
fx: 5.4068603515625000e+02
fy: 5.4068603515625000e+02
cx: 4.7975000000000000e+02
cy: 2.6975000000000000e+02
