%YAML:1.0
TVector: !!opencv-matrix
   rows: 3
   cols: 1
   dt: f
   data: [ -9.37021077e-02, -6.03927597e-02, -1.38449147e-01 ]
RMatrix: !!opencv-matrix
   rows: 3
   cols: 3
   dt: f
   data: [ 8.86266291e-01, -4.59308028e-01, 5.97326644e-02,
       -9.25427116e-03, 1.11377746e-01, 9.93735015e-01, 4.63083357e-01,
       8.81266713e-01, -9.44597721e-02 ]
fx: 5.4068603515625000e+02
fy: 5.4068603515625000e+02
cx: 4.7975000000000000e+02
cy: 2.6975000000000000e+02
