%YAML:1.0
TVector: !!opencv-matrix
   rows: 3
   cols: 1
   dt: f
   data: [ -9.54102054e-02, -6.00478165e-02, -1.38414994e-01 ]
RMatrix: !!opencv-matrix
   rows: 3
   cols: 3
   dt: f
   data: [ 8.88742149e-01, -4.54504699e-01, 5.96873462e-02,
       -8.91427789e-03, 1.13045834e-01, 9.93549764e-01, 4.58320439e-01,
       8.83541703e-01, -9.64170098e-02 ]
fx: 5.4068603515625000e+02
fy: 5.4068603515625000e+02
cx: 4.7975000000000000e+02
cy: 2.6975000000000000e+02
