%YAML:1.0
TVector: !!opencv-matrix
   rows: 3
   cols: 1
   dt: f
   data: [ -9.14334208e-02, -5.82096390e-02, -1.42136961e-01 ]
RMatrix: !!opencv-matrix
   rows: 3
   cols: 3
   dt: f
   data: [ 8.89601231e-01, -4.52729493e-01, 6.03750236e-02,
       -8.66210833e-03, 1.15440376e-01, 9.93276536e-01, 4.56655324e-01,
       8.84143174e-01, -9.87743586e-02 ]
fx: 5.4068603515625000e+02
fy: 5.4068603515625000e+02
cx: 4.7975000000000000e+02
cy: 2.6975000000000000e+02
