%YAML:1.0
TVector: !!opencv-matrix
   rows: 3
   cols: 1
   dt: f
   data: [ -8.99422690e-02, -5.84619977e-02, -1.42293319e-01 ]
RMatrix: !!opencv-matrix
   rows: 3
   cols: 3
   dt: f
   data: [ 8.91114175e-01, -4.49833602e-01, 5.97124174e-02,
       -6.07684767e-03, 1.19747557e-01, 9.92785871e-01, 4.53738809e-01,
       8.85048330e-01, -1.03975154e-01 ]
fx: 5.4068603515625000e+02
fy: 5.4068603515625000e+02
cx: 4.7975000000000000e+02
cy: 2.6975000000000000e+02
