%YAML:1.0
TVector: !!opencv-matrix
   rows: 3
   cols: 1
   dt: f
   data: [ -8.95343274e-02, -6.05495125e-02, -1.43627644e-01 ]
RMatrix: !!opencv-matrix
   rows: 3
   cols: 3
   dt: f
   data: [ 8.95029426e-01, -4.42147642e-01, 5.85453846e-02,
       -5.04041789e-03, 1.21229865e-01, 9.92611706e-01, 4.45978373e-01,
       8.88711691e-01, -1.06275700e-01 ]
fx: 5.4068603515625000e+02
fy: 5.4068603515625000e+02
cx: 4.7975000000000000e+02
cy: 2.6975000000000000e+02
