%YAML:1.0
TVector: !!opencv-matrix
   rows: 3
   cols: 1
   dt: f
   data: [ -9.04575214e-02, -5.83534613e-02, -1.43948868e-01 ]
RMatrix: !!opencv-matrix
   rows: 3
   cols: 3
   dt: f
   data: [ 8.97325873e-01, -4.37563449e-01, 5.78327589e-02,
       -4.58357204e-03, 1.21785119e-01, 9.92545962e-01, 4.41345006e-01,
       8.90902221e-01, -1.07275315e-01 ]
fx: 5.4068603515625000e+02
fy: 5.4068603515625000e+02
cx: 4.7975000000000000e+02
cy: 2.6975000000000000e+02
