%YAML:1.0
TVector: !!opencv-matrix
   rows: 3
   cols: 1
   dt: f
   data: [ -8.96951035e-02, -5.87739013e-02, -1.44007817e-01 ]
RMatrix: !!opencv-matrix
   rows: 3
   cols: 3
   dt: f
   data: [ 9.00660455e-01, -4.30617452e-01, 5.81323020e-02,
       -2.56938860e-03, 1.28503785e-01, 9.91705716e-01, 4.34516072e-01,
       8.93339515e-01, -1.14631861e-01 ]
fx: 5.4068603515625000e+02
fy: 5.4068603515625000e+02
cx: 4.7975000000000000e+02
cy: 2.6975000000000000e+02
