%YAML:1.0
TVector: !!opencv-matrix
   rows: 3
   cols: 1
   dt: f
   data: [ -9.11231413e-02, -5.72682247e-02, -1.44650266e-01 ]
RMatrix: !!opencv-matrix
   rows: 3
   cols: 3
   dt: f
   data: [ 9.04089451e-01, -4.23448622e-01, 5.75646907e-02,
       -1.12855074e-03, 1.32337332e-01, 9.91204143e-01, 4.27341968e-01,
       8.96202147e-01, -1.19166881e-01 ]
fx: 5.4068603515625000e+02
fy: 5.4068603515625000e+02
cx: 4.7975000000000000e+02
cy: 2.6975000000000000e+02
