%YAML:1.0
TVector: !!opencv-matrix
   rows: 3
   cols: 1
   dt: f
   data: [ 1.37065751e-02, 2.72747893e-02, -5.14215827e-02 ]
RMatrix: !!opencv-matrix
   rows: 3
   cols: 3
   dt: f
   data: [ 5.07736839e-02, -9.98708725e-01, 1.60106004e-03,
       2.14188978e-01, 1.24550257e-02, 9.76712644e-01, 9.75471497e-01,
       4.92483787e-02, -2.14544848e-01 ]
fx: 5.4068603515625000e+02
fy: 5.4068603515625000e+02
cx: 4.7975000000000000e+02
cy: 2.6975000000000000e+02
