%YAML:1.0
TVector: !!opencv-matrix
   rows: 3
   cols: 1
   dt: f
   data: [ -8.75156820e-02, -5.47263920e-02, -1.50191724e-01 ]
RMatrix: !!opencv-matrix
   rows: 3
   cols: 3
   dt: f
   data: [ 9.09334838e-01, -4.12756354e-01, 5.23677506e-02,
       8.82076472e-03, 1.44961029e-01, 9.89398003e-01, 4.15971577e-01,
       8.99232209e-01, -1.35458946e-01 ]
fx: 5.4068603515625000e+02
fy: 5.4068603515625000e+02
cx: 4.7975000000000000e+02
cy: 2.6975000000000000e+02
