%YAML:1.0
TVector: !!opencv-matrix
   rows: 3
   cols: 1
   dt: f
   data: [ -8.79174471e-02, -5.51927909e-02, -1.49410039e-01 ]
RMatrix: !!opencv-matrix
   rows: 3
   cols: 3
   dt: f
   data: [ 9.10673976e-01, -4.09902483e-01, 5.15088551e-02,
       1.04625700e-02, 1.47523880e-01, 9.89003241e-01, 4.12993640e-01,
       9.00120497e-01, -1.38634771e-01 ]
fx: 5.4068603515625000e+02
fy: 5.4068603515625000e+02
cx: 4.7975000000000000e+02
cy: 2.6975000000000000e+02
