%YAML:1.0
TVector: !!opencv-matrix
   rows: 3
   cols: 1
   dt: f
   data: [ -9.03680474e-02, -5.62587716e-02, -1.47541463e-01 ]
RMatrix: !!opencv-matrix
   rows: 3
   cols: 3
   dt: f
   data: [ 9.12189126e-01, -4.06693280e-01, 5.01103029e-02,
       1.24242920e-02, 1.49683192e-01, 9.88655806e-01, 4.09580439e-01,
       9.01218712e-01, -1.41592279e-01 ]
fx: 5.4068603515625000e+02
fy: 5.4068603515625000e+02
cx: 4.7975000000000000e+02
cy: 2.6975000000000000e+02
