%YAML:1.0
TVector: !!opencv-matrix
   rows: 3
   cols: 1
   dt: f
   data: [ -8.95589441e-02, -5.43424077e-02, -1.48927808e-01 ]
RMatrix: !!opencv-matrix
   rows: 3
   cols: 3
   dt: f
   data: [ 9.13580835e-01, -4.03773904e-01, 4.83425893e-02,
       1.44997910e-02, 1.51145980e-01, 9.88405108e-01, 4.06398982e-01,
       9.02287006e-01, -1.43938690e-01 ]
fx: 5.4068603515625000e+02
fy: 5.4068603515625000e+02
cx: 4.7975000000000000e+02
cy: 2.6975000000000000e+02
