%YAML:1.0
TVector: !!opencv-matrix
   rows: 3
   cols: 1
   dt: f
   data: [ -8.77946317e-02, -5.52313700e-02, -1.50995821e-01 ]
RMatrix: !!opencv-matrix
   rows: 3
   cols: 3
   dt: f
   data: [ 9.14677560e-01, -4.01453972e-01, 4.69011292e-02,
       1.67049039e-02, 1.53487980e-01, 9.88009274e-01, 4.03839022e-01,
       9.02926385e-01, -1.47098273e-01 ]
fx: 5.4068603515625000e+02
fy: 5.4068603515625000e+02
cx: 4.7975000000000000e+02
cy: 2.6975000000000000e+02
