%YAML:1.0
TVector: !!opencv-matrix
   rows: 3
   cols: 1
   dt: f
   data: [ -9.09466073e-02, -5.51468953e-02, -1.47246405e-01 ]
RMatrix: !!opencv-matrix
   rows: 3
   cols: 3
   dt: f
   data: [ 9.17565286e-01, -3.95162910e-01, 4.38222215e-02,
       1.99222974e-02, 1.55779868e-01, 9.87590790e-01, 3.97085935e-01,
       9.05306041e-01, -1.50810763e-01 ]
fx: 5.4068603515625000e+02
fy: 5.4068603515625000e+02
cx: 4.7975000000000000e+02
cy: 2.6975000000000000e+02
