%YAML:1.0
TVector: !!opencv-matrix
   rows: 3
   cols: 1
   dt: f
   data: [ -8.87134746e-02, -5.20355627e-02, -1.50263399e-01 ]
RMatrix: !!opencv-matrix
   rows: 3
   cols: 3
   dt: f
   data: [ 9.18670475e-01, -3.92837942e-01, 4.15098406e-02,
       2.48008333e-02, 1.62231818e-01, 9.86440957e-01, 3.94245744e-01,
       9.05184686e-01, -1.58780277e-01 ]
fx: 5.4068603515625000e+02
fy: 5.4068603515625000e+02
cx: 4.7975000000000000e+02
cy: 2.6975000000000000e+02
