%YAML:1.0
TVector: !!opencv-matrix
   rows: 3
   cols: 1
   dt: f
   data: [ -8.65367875e-02, -5.24174273e-02, -1.50532231e-01 ]
RMatrix: !!opencv-matrix
   rows: 3
   cols: 3
   dt: f
   data: [ 9.19273376e-01, -3.91642660e-01, 3.94013450e-02,
       2.85702460e-02, 1.66224852e-01, 9.85674024e-01, 3.92581463e-01,
       9.04978156e-01, -1.63995400e-01 ]
fx: 5.4068603515625000e+02
fy: 5.4068603515625000e+02
cx: 4.7975000000000000e+02
cy: 2.6975000000000000e+02
