%YAML:1.0
TVector: !!opencv-matrix
   rows: 3
   cols: 1
   dt: f
   data: [ -8.78013298e-02, -5.36447801e-02, -1.49545223e-01 ]
RMatrix: !!opencv-matrix
   rows: 3
   cols: 3
   dt: f
   data: [ 9.20440614e-01, -3.89213234e-01, 3.60821746e-02,
       3.27957980e-02, 1.68881163e-01, 9.85090613e-01, 3.89503837e-01,
       9.05534029e-01, -1.68209627e-01 ]
fx: 5.4068603515625000e+02
fy: 5.4068603515625000e+02
cx: 4.7975000000000000e+02
cy: 2.6975000000000000e+02
