%YAML:1.0
TVector: !!opencv-matrix
   rows: 3
   cols: 1
   dt: f
   data: [ -8.89903978e-02, -5.20747453e-02, -1.49981722e-01 ]
RMatrix: !!opencv-matrix
   rows: 3
   cols: 3
   dt: f
   data: [ 9.21908677e-01, -3.86264473e-01, 2.97396146e-02,
       4.09998856e-02, 1.73613548e-01, 9.83960152e-01, 3.85231972e-01,
       9.05902028e-01, -1.75892621e-01 ]
fx: 5.4068603515625000e+02
fy: 5.4068603515625000e+02
cx: 4.7975000000000000e+02
cy: 2.6975000000000000e+02
