%YAML:1.0
TVector: !!opencv-matrix
   rows: 3
   cols: 1
   dt: f
   data: [ -8.63070413e-02, -5.04718348e-02, -1.54622138e-01 ]
RMatrix: !!opencv-matrix
   rows: 3
   cols: 3
   dt: f
   data: [ 9.23240781e-01, -3.83584529e-01, 2.21123062e-02,
       5.17583862e-02, 1.81189805e-01, 9.82084990e-01, 3.80719215e-01,
       9.05556440e-01, -1.87135562e-01 ]
fx: 5.4068603515625000e+02
fy: 5.4068603515625000e+02
cx: 4.7975000000000000e+02
cy: 2.6975000000000000e+02
