%YAML:1.0
TVector: !!opencv-matrix
   rows: 3
   cols: 1
   dt: f
   data: [ -9.02059227e-02, -4.86811623e-02, -1.53829679e-01 ]
RMatrix: !!opencv-matrix
   rows: 3
   cols: 3
   dt: f
   data: [ 9.23655152e-01, -3.82868916e-01, 1.65025610e-02,
       6.30655959e-02, 1.94336236e-01, 9.78905499e-01, 3.77999574e-01,
       9.03130591e-01, -2.03645572e-01 ]
fx: 5.4068603515625000e+02
fy: 5.4068603515625000e+02
cx: 4.7975000000000000e+02
cy: 2.6975000000000000e+02
