%YAML:1.0
TVector: !!opencv-matrix
   rows: 3
   cols: 1
   dt: f
   data: [ -8.75499398e-02, -4.88800257e-02, -1.57774970e-01 ]
RMatrix: !!opencv-matrix
   rows: 3
   cols: 3
   dt: f
   data: [ 9.23966050e-01, -3.82305443e-01, 1.13841454e-02,
       7.11256564e-02, 2.00991333e-01, 9.77007627e-01, 3.75803411e-01,
       9.01911914e-01, -2.12900847e-01 ]
fx: 5.4068603515625000e+02
fy: 5.4068603515625000e+02
cx: 4.7975000000000000e+02
cy: 2.6975000000000000e+02
