%YAML:1.0
TVector: !!opencv-matrix
   rows: 3
   cols: 1
   dt: f
   data: [ -9.09293368e-02, -4.49179262e-02, -1.58816904e-01 ]
RMatrix: !!opencv-matrix
   rows: 3
   cols: 3
   dt: f
   data: [ 9.25109863e-01, -3.79681408e-01, 3.67531879e-03,
       8.20701420e-02, 2.09399357e-01, 9.74379957e-01, 3.70723665e-01,
       9.01106894e-01, -2.24877939e-01 ]
fx: 5.4068603515625000e+02
fy: 5.4068603515625000e+02
cx: 4.7975000000000000e+02
cy: 2.6975000000000000e+02
