%YAML:1.0
TVector: !!opencv-matrix
   rows: 3
   cols: 1
   dt: f
   data: [ -8.97186622e-02, -4.44864891e-02, -1.61668062e-01 ]
RMatrix: !!opencv-matrix
   rows: 3
   cols: 3
   dt: f
   data: [ 9.26018357e-01, -3.77472401e-01, -2.05761148e-03,
       9.18922871e-02, 2.20137253e-01, 9.71130848e-01, 3.66122186e-01,
       8.99474323e-01, -2.38537997e-01 ]
fx: 5.4068603515625000e+02
fy: 5.4068603515625000e+02
cx: 4.7975000000000000e+02
cy: 2.6975000000000000e+02
