%YAML:1.0
TVector: !!opencv-matrix
   rows: 3
   cols: 1
   dt: f
   data: [ -8.95421356e-02, -4.57743518e-02, -1.63549393e-01 ]
RMatrix: !!opencv-matrix
   rows: 3
   cols: 3
   dt: f
   data: [ 9.26982701e-01, -3.75075281e-01, -4.64527356e-03,
       9.60250720e-02, 2.25314200e-01, 9.69542503e-01, 3.62604767e-01,
       8.99195313e-01, -2.44878978e-01 ]
fx: 5.4068603515625000e+02
fy: 5.4068603515625000e+02
cx: 4.7975000000000000e+02
cy: 2.6975000000000000e+02
