%YAML:1.0
TVector: !!opencv-matrix
   rows: 3
   cols: 1
   dt: f
   data: [ -9.31096375e-02, -4.20540869e-02, -1.64566815e-01 ]
RMatrix: !!opencv-matrix
   rows: 3
   cols: 3
   dt: f
   data: [ 9.29408014e-01, -3.68949890e-01, -8.74663517e-03,
       1.03127480e-01, 2.36882672e-01, 9.66049194e-01, 3.54351878e-01,
       8.98755968e-01, -2.58209527e-01 ]
fx: 5.4068603515625000e+02
fy: 5.4068603515625000e+02
cx: 4.7975000000000000e+02
cy: 2.6975000000000000e+02
