%YAML:1.0
TVector: !!opencv-matrix
   rows: 3
   cols: 1
   dt: f
   data: [ -9.28508565e-02, -4.17898707e-02, -1.65452629e-01 ]
RMatrix: !!opencv-matrix
   rows: 3
   cols: 3
   dt: f
   data: [ 9.30142164e-01, -3.67058247e-01, -1.01951435e-02,
       1.06946312e-01, 2.44236961e-01, 9.63800192e-01, 3.51280749e-01,
       8.97561431e-01, -2.66430587e-01 ]
fx: 5.4068603515625000e+02
fy: 5.4068603515625000e+02
cx: 4.7975000000000000e+02
cy: 2.6975000000000000e+02
