%YAML:1.0
TVector: !!opencv-matrix
   rows: 3
   cols: 1
   dt: f
   data: [ -9.22747254e-02, -4.16646078e-02, -1.69016823e-01 ]
RMatrix: !!opencv-matrix
   rows: 3
   cols: 3
   dt: f
   data: [ 9.30853367e-01, -3.65216494e-01, -1.13622556e-02,
       1.09798089e-01, 2.49920771e-01, 9.62020755e-01, 3.48506182e-01,
       8.96747768e-01, -2.72739679e-01 ]
fx: 5.4068603515625000e+02
fy: 5.4068603515625000e+02
cx: 4.7975000000000000e+02
cy: 2.6975000000000000e+02
