%YAML:1.0
TVector: !!opencv-matrix
   rows: 3
   cols: 1
   dt: f
   data: [ -9.50250849e-02, -4.14347909e-02, -1.67329475e-01 ]
RMatrix: !!opencv-matrix
   rows: 3
   cols: 3
   dt: f
   data: [ 9.31879818e-01, -3.62577289e-01, -1.17233740e-02,
       1.11752532e-01, 2.56176502e-01, 9.60148335e-01, 3.45124722e-01,
       8.96053076e-01, -2.79244632e-01 ]
fx: 5.4068603515625000e+02
fy: 5.4068603515625000e+02
cx: 4.7975000000000000e+02
cy: 2.6975000000000000e+02
