%YAML:1.0
TVector: !!opencv-matrix
   rows: 3
   cols: 1
   dt: f
   data: [ -9.37777683e-02, -4.11178321e-02, -1.70468569e-01 ]
RMatrix: !!opencv-matrix
   rows: 3
   cols: 3
   dt: f
   data: [ 9.32506859e-01, -3.60907465e-01, -1.33069111e-02,
       1.15917899e-01, 2.64203966e-01, 9.57475543e-01, 3.42044294e-01,
       8.94394994e-01, -2.88207650e-01 ]
fx: 5.4068603515625000e+02
fy: 5.4068603515625000e+02
cx: 4.7975000000000000e+02
cy: 2.6975000000000000e+02
