%YAML:1.0
TVector: !!opencv-matrix
   rows: 3
   cols: 1
   dt: f
   data: [ -9.17562842e-02, -4.22234163e-02, -1.74670160e-01 ]
RMatrix: !!opencv-matrix
   rows: 3
   cols: 3
   dt: f
   data: [ 9.33240891e-01, -3.58973861e-01, -1.41203683e-02,
       1.18611559e-01, 2.70782590e-01, 9.55305099e-01, 3.39106053e-01,
       8.93204629e-01, -2.95283854e-01 ]
fx: 5.4068603515625000e+02
fy: 5.4068603515625000e+02
cx: 4.7975000000000000e+02
cy: 2.6975000000000000e+02
