%YAML:1.0
TVector: !!opencv-matrix
   rows: 3
   cols: 1
   dt: f
   data: [ -9.30853561e-02, -4.09506075e-02, -1.76904738e-01 ]
RMatrix: !!opencv-matrix
   rows: 3
   cols: 3
   dt: f
   data: [ 9.35069025e-01, -3.53970259e-01, -1.87339801e-02,
       1.25505447e-01, 2.81189054e-01, 9.51410115e-01, 3.31503093e-01,
       8.91985357e-01, -3.07356447e-01 ]
fx: 5.4068603515625000e+02
fy: 5.4068603515625000e+02
cx: 4.7975000000000000e+02
cy: 2.6975000000000000e+02
