%YAML:1.0
TVector: !!opencv-matrix
   rows: 3
   cols: 1
   dt: f
   data: [ -9.37805250e-02, -4.27544713e-02, -1.78632170e-01 ]
RMatrix: !!opencv-matrix
   rows: 3
   cols: 3
   dt: f
   data: [ 9.36347187e-01, -3.50502819e-01, -2.00401172e-02,
       1.27968892e-01, 2.87592322e-01, 9.49165225e-01, 3.26921731e-01,
       8.91312778e-01, -3.14139754e-01 ]
fx: 5.4068603515625000e+02
fy: 5.4068603515625000e+02
cx: 4.7975000000000000e+02
cy: 2.6975000000000000e+02
