%YAML:1.0
TVector: !!opencv-matrix
   rows: 3
   cols: 1
   dt: f
   data: [ 1.33096389e-02, 2.78104395e-02, -6.13540895e-02 ]
RMatrix: !!opencv-matrix
   rows: 3
   cols: 3
   dt: f
   data: [ 5.75539805e-02, -9.98335898e-01, 3.60308588e-03,
       2.38142341e-01, 1.72335934e-02, 9.71077263e-01, 9.69523549e-01,
       5.50313182e-02, -2.38737926e-01 ]
fx: 5.4068603515625000e+02
fy: 5.4068603515625000e+02
cx: 4.7975000000000000e+02
cy: 2.6975000000000000e+02
