%YAML:1.0
TVector: !!opencv-matrix
   rows: 3
   cols: 1
   dt: f
   data: [ -9.46898460e-02, -4.27986383e-02, -1.81871712e-01 ]
RMatrix: !!opencv-matrix
   rows: 3
   cols: 3
   dt: f
   data: [ 9.37768221e-01, -3.46835732e-01, -1.71934441e-02,
       1.27089992e-01, 2.96704739e-01, 9.46474791e-01, 3.23169917e-01,
       8.89759123e-01, -3.22319627e-01 ]
fx: 5.4068603515625000e+02
fy: 5.4068603515625000e+02
cx: 4.7975000000000000e+02
cy: 2.6975000000000000e+02
