%YAML:1.0
TVector: !!opencv-matrix
   rows: 3
   cols: 1
   dt: f
   data: [ -9.63240489e-02, -3.81353050e-02, -1.84288859e-01 ]
RMatrix: !!opencv-matrix
   rows: 3
   cols: 3
   dt: f
   data: [ 9.38518047e-01, -3.44910204e-01, -1.48710348e-02,
       1.26332447e-01, 3.03031147e-01, 9.44569945e-01, 3.21285456e-01,
       8.88374567e-01, -3.27973455e-01 ]
fx: 5.4068603515625000e+02
fy: 5.4068603515625000e+02
cx: 4.7975000000000000e+02
cy: 2.6975000000000000e+02
