%YAML:1.0
TVector: !!opencv-matrix
   rows: 3
   cols: 1
   dt: f
   data: [ -9.71627831e-02, -4.21629511e-02, -1.84556514e-01 ]
RMatrix: !!opencv-matrix
   rows: 3
   cols: 3
   dt: f
   data: [ 9.39448893e-01, -3.42553735e-01, -9.61478706e-03,
       1.24669358e-01, 3.15500468e-01, 9.40700233e-01, 3.19206893e-01,
       8.84938598e-01, -3.39102536e-01 ]
fx: 5.4068603515625000e+02
fy: 5.4068603515625000e+02
cx: 4.7975000000000000e+02
cy: 2.6975000000000000e+02
