%YAML:1.0
TVector: !!opencv-matrix
   rows: 3
   cols: 1
   dt: f
   data: [ -8.89771581e-02, -4.46933173e-02, -1.89490780e-01 ]
RMatrix: !!opencv-matrix
   rows: 3
   cols: 3
   dt: f
   data: [ 9.40472603e-01, -3.39835972e-01, -4.73511871e-03,
       1.22508690e-01, 3.25973064e-01, 9.37407434e-01, 3.17021340e-01,
       8.82186532e-01, -3.48201632e-01 ]
fx: 5.4068603515625000e+02
fy: 5.4068603515625000e+02
cx: 4.7975000000000000e+02
cy: 2.6975000000000000e+02
