%YAML:1.0
TVector: !!opencv-matrix
   rows: 3
   cols: 1
   dt: f
   data: [ -9.04427320e-02, -4.58810404e-02, -1.90756053e-01 ]
RMatrix: !!opencv-matrix
   rows: 3
   cols: 3
   dt: f
   data: [ 9.42260444e-01, -3.34810287e-01, -6.86945021e-03,
       1.24011301e-01, 3.29804838e-01, 9.35868621e-01, 3.11072797e-01,
       8.82683933e-01, -3.52282345e-01 ]
fx: 5.4068603515625000e+02
fy: 5.4068603515625000e+02
cx: 4.7975000000000000e+02
cy: 2.6975000000000000e+02
