%YAML:1.0
TVector: !!opencv-matrix
   rows: 3
   cols: 1
   dt: f
   data: [ -9.13533494e-02, -4.83797826e-02, -1.93681866e-01 ]
RMatrix: !!opencv-matrix
   rows: 3
   cols: 3
   dt: f
   data: [ 9.45821702e-01, -3.24565232e-01, -8.87499005e-03,
       1.25446573e-01, 3.40081543e-01, 9.31991398e-01, 2.99473792e-01,
       8.82610798e-01, -3.62372071e-01 ]
fx: 5.4068603515625000e+02
fy: 5.4068603515625000e+02
cx: 4.7975000000000000e+02
cy: 2.6975000000000000e+02
