%YAML:1.0
TVector: !!opencv-matrix
   rows: 3
   cols: 1
   dt: f
   data: [ -9.06304047e-02, -4.70265150e-02, -1.94134846e-01 ]
RMatrix: !!opencv-matrix
   rows: 3
   cols: 3
   dt: f
   data: [ 9.46647465e-01, -3.22192997e-01, -7.07656052e-03,
       1.23814017e-01, 3.43334079e-01, 9.31016505e-01, 2.97537357e-01,
       8.82220566e-01, -3.64908427e-01 ]
fx: 5.4068603515625000e+02
fy: 5.4068603515625000e+02
cx: 4.7975000000000000e+02
cy: 2.6975000000000000e+02
