%YAML:1.0
TVector: !!opencv-matrix
   rows: 3
   cols: 1
   dt: f
   data: [ -9.04588178e-02, -4.85761613e-02, -1.95893809e-01 ]
RMatrix: !!opencv-matrix
   rows: 3
   cols: 3
   dt: f
   data: [ 9.47583079e-01, -3.19391787e-01, -8.67290795e-03,
       1.25378385e-01, 3.46735716e-01, 9.29545283e-01, 2.93882012e-01,
       8.81908834e-01, -3.68605733e-01 ]
fx: 5.4068603515625000e+02
fy: 5.4068603515625000e+02
cx: 4.7975000000000000e+02
cy: 2.6975000000000000e+02
