%YAML:1.0
TVector: !!opencv-matrix
   rows: 3
   cols: 1
   dt: f
   data: [ -8.96417573e-02, -5.01960441e-02, -1.97412506e-01 ]
RMatrix: !!opencv-matrix
   rows: 3
   cols: 3
   dt: f
   data: [ 9.48351741e-01, -3.17108780e-01, -8.44027940e-03,
       1.24527067e-01, 3.47678214e-01, 9.29307818e-01, 2.91757137e-01,
       8.82361591e-01, -3.69209826e-01 ]
fx: 5.4068603515625000e+02
fy: 5.4068603515625000e+02
cx: 4.7975000000000000e+02
cy: 2.6975000000000000e+02
