%YAML:1.0
TVector: !!opencv-matrix
   rows: 3
   cols: 1
   dt: f
   data: [ -9.01422054e-02, -4.81115319e-02, -1.97497144e-01 ]
RMatrix: !!opencv-matrix
   rows: 3
   cols: 3
   dt: f
   data: [ 9.49618876e-01, -3.13324720e-01, -7.16436561e-03,
       1.23322926e-01, 3.52554053e-01, 9.27629888e-01, 2.88123548e-01,
       8.81778419e-01, -3.73432219e-01 ]
fx: 5.4068603515625000e+02
fy: 5.4068603515625000e+02
cx: 4.7975000000000000e+02
cy: 2.6975000000000000e+02
