%YAML:1.0
TVector: !!opencv-matrix
   rows: 3
   cols: 1
   dt: f
   data: [ -8.88721794e-02, -5.07467166e-02, -2.02469990e-01 ]
RMatrix: !!opencv-matrix
   rows: 3
   cols: 3
   dt: f
   data: [ 9.51236010e-01, -3.08435977e-01, -4.14860295e-03,
       1.19470842e-01, 3.55989486e-01, 9.26821589e-01, 2.84388304e-01,
       8.82121801e-01, -3.75479162e-01 ]
fx: 5.4068603515625000e+02
fy: 5.4068603515625000e+02
cx: 4.7975000000000000e+02
cy: 2.6975000000000000e+02
