%YAML:1.0
TVector: !!opencv-matrix
   rows: 3
   cols: 1
   dt: f
   data: [ -8.87667984e-02, -4.89395149e-02, -2.01498762e-01 ]
RMatrix: !!opencv-matrix
   rows: 3
   cols: 3
   dt: f
   data: [ 9.52112556e-01, -3.05738389e-01, -2.39517563e-03,
       1.17133267e-01, 3.57511044e-01, 9.26534295e-01, 2.82420725e-01,
       8.82445514e-01, -3.76202881e-01 ]
fx: 5.4068603515625000e+02
fy: 5.4068603515625000e+02
cx: 4.7975000000000000e+02
cy: 2.6975000000000000e+02
