%YAML:1.0
TVector: !!opencv-matrix
   rows: 3
   cols: 1
   dt: f
   data: [ -8.69608074e-02, -5.07579520e-02, -2.03809261e-01 ]
RMatrix: !!opencv-matrix
   rows: 3
   cols: 3
   dt: f
   data: [ 9.52937007e-01, -3.03163618e-01, -1.81667577e-03,
       1.16313875e-01, 3.60063583e-01, 9.25648689e-01, 2.79968858e-01,
       8.82296026e-01, -3.78379941e-01 ]
fx: 5.4068603515625000e+02
fy: 5.4068603515625000e+02
cx: 4.7975000000000000e+02
cy: 2.6975000000000000e+02
