%YAML:1.0
TVector: !!opencv-matrix
   rows: 3
   cols: 1
   dt: f
   data: [ -8.74265209e-02, -5.08466810e-02, -2.03685224e-01 ]
RMatrix: !!opencv-matrix
   rows: 3
   cols: 3
   dt: f
   data: [ 9.54115391e-01, -2.99432397e-01, -2.01705866e-03,
       1.15048684e-01, 3.60356957e-01, 9.25692499e-01, 2.76455492e-01,
       8.83449674e-01, -3.78271490e-01 ]
fx: 5.4068603515625000e+02
fy: 5.4068603515625000e+02
cx: 4.7975000000000000e+02
cy: 2.6975000000000000e+02
