%YAML:1.0
TVector: !!opencv-matrix
   rows: 3
   cols: 1
   dt: f
   data: [ 1.57583784e-02, 2.86784153e-02, -6.25678077e-02 ]
RMatrix: !!opencv-matrix
   rows: 3
   cols: 3
   dt: f
   data: [ 5.89027368e-02, -9.98254418e-01, 4.27624537e-03,
       2.44913489e-01, 1.86037999e-02, 9.69366312e-01, 9.67753887e-01,
       5.60510233e-02, -2.45581850e-01 ]
fx: 5.4068603515625000e+02
fy: 5.4068603515625000e+02
cx: 4.7975000000000000e+02
cy: 2.6975000000000000e+02
