%YAML:1.0
TVector: !!opencv-matrix
   rows: 3
   cols: 1
   dt: f
   data: [ -8.66782218e-02, -5.22277243e-02, -2.06717953e-01 ]
RMatrix: !!opencv-matrix
   rows: 3
   cols: 3
   dt: f
   data: [ 9.55898702e-01, -2.93691546e-01, -1.69221277e-03,
       1.12864807e-01, 3.62017483e-01, 9.25313294e-01, 2.71144092e-01,
       8.84696722e-01, -3.79199475e-01 ]
fx: 5.4068603515625000e+02
fy: 5.4068603515625000e+02
cx: 4.7975000000000000e+02
cy: 2.6975000000000000e+02
