%YAML:1.0
TVector: !!opencv-matrix
   rows: 3
   cols: 1
   dt: f
   data: [ -8.63692835e-02, -5.22173420e-02, -2.06962541e-01 ]
RMatrix: !!opencv-matrix
   rows: 3
   cols: 3
   dt: f
   data: [ 9.56695616e-01, -2.91087717e-01, -1.22358638e-03,
       1.11072235e-01, 3.61160636e-01, 9.25864875e-01, 2.69065946e-01,
       8.85906756e-01, -3.77852529e-01 ]
fx: 5.4068603515625000e+02
fy: 5.4068603515625000e+02
cx: 4.7975000000000000e+02
cy: 2.6975000000000000e+02
