%YAML:1.0
TVector: !!opencv-matrix
   rows: 3
   cols: 1
   dt: f
   data: [ -8.57269540e-02, -5.32789528e-02, -2.09328264e-01 ]
RMatrix: !!opencv-matrix
   rows: 3
   cols: 3
   dt: f
   data: [ 9.59552467e-01, -2.81529307e-01, -8.33884056e-04,
       1.07243031e-01, 3.62780631e-01, 9.25683081e-01, 2.60304421e-01,
       8.88330817e-01, -3.78299147e-01 ]
fx: 5.4068603515625000e+02
fy: 5.4068603515625000e+02
cx: 4.7975000000000000e+02
cy: 2.6975000000000000e+02
