%YAML:1.0
TVector: !!opencv-matrix
   rows: 3
   cols: 1
   dt: f
   data: [ -8.37313905e-02, -5.31664863e-02, -2.09770769e-01 ]
RMatrix: !!opencv-matrix
   rows: 3
   cols: 3
   dt: f
   data: [ 9.61263061e-01, -2.75618792e-01, 2.80528516e-03,
       1.02057442e-01, 3.65358382e-01, 9.25255418e-01, 2.56042719e-01,
       8.89127374e-01, -3.79334480e-01 ]
fx: 5.4068603515625000e+02
fy: 5.4068603515625000e+02
cx: 4.7975000000000000e+02
cy: 2.6975000000000000e+02
