%YAML:1.0
TVector: !!opencv-matrix
   rows: 3
   cols: 1
   dt: f
   data: [ -8.25869888e-02, -5.60239293e-02, -2.12244079e-01 ]
RMatrix: !!opencv-matrix
   rows: 3
   cols: 3
   dt: f
   data: [ 9.63138580e-01, -2.68963218e-01, 4.80300980e-03,
       9.77753326e-02, 3.66648525e-01, 9.25207496e-01, 2.50607818e-01,
       8.90633285e-01, -3.79431307e-01 ]
fx: 5.4068603515625000e+02
fy: 5.4068603515625000e+02
cx: 4.7975000000000000e+02
cy: 2.6975000000000000e+02
