%YAML:1.0
TVector: !!opencv-matrix
   rows: 3
   cols: 1
   dt: f
   data: [ -8.15720558e-02, -5.55576831e-02, -2.15932667e-01 ]
RMatrix: !!opencv-matrix
   rows: 3
   cols: 3
   dt: f
   data: [ 9.65140700e-01, -2.61696249e-01, 4.28403914e-03,
       9.41419527e-02, 3.62376809e-01, 9.27264929e-01, 2.44214252e-01,
       8.94538045e-01, -3.74381304e-01 ]
fx: 5.4068603515625000e+02
fy: 5.4068603515625000e+02
cx: 4.7975000000000000e+02
cy: 2.6975000000000000e+02
