%YAML:1.0
TVector: !!opencv-matrix
   rows: 3
   cols: 1
   dt: f
   data: [ -8.14357400e-02, -5.46589009e-02, -2.14875713e-01 ]
RMatrix: !!opencv-matrix
   rows: 3
   cols: 3
   dt: f
   data: [ 9.65987802e-01, -2.58517653e-01, 6.00996474e-03,
       9.06372443e-02, 3.60262990e-01, 9.28436995e-01, 2.42182538e-01,
       8.96314085e-01, -3.71440977e-01 ]
fx: 5.4068603515625000e+02
fy: 5.4068603515625000e+02
cx: 4.7975000000000000e+02
cy: 2.6975000000000000e+02
