%YAML:1.0
TVector: !!opencv-matrix
   rows: 3
   cols: 1
   dt: f
   data: [ -7.99222216e-02, -5.52942082e-02, -2.17417791e-01 ]
RMatrix: !!opencv-matrix
   rows: 3
   cols: 3
   dt: f
   data: [ 9.68023896e-01, -2.50557154e-01, 1.22702913e-02,
       8.17712173e-02, 3.61407876e-01, 9.28815067e-01, 2.37155870e-01,
       8.98111999e-01, -3.70339990e-01 ]
fx: 5.4068603515625000e+02
fy: 5.4068603515625000e+02
cx: 4.7975000000000000e+02
cy: 2.6975000000000000e+02
