%YAML:1.0
TVector: !!opencv-matrix
   rows: 3
   cols: 1
   dt: f
   data: [ -7.73346722e-02, -5.92098609e-02, -2.19897985e-01 ]
RMatrix: !!opencv-matrix
   rows: 3
   cols: 3
   dt: f
   data: [ 9.69710827e-01, -2.43869513e-01, 1.37457373e-02,
       7.73662552e-02, 3.60039413e-01, 9.29723859e-01, 2.31680274e-01,
       9.00499523e-01, -3.68001312e-01 ]
fx: 5.4068603515625000e+02
fy: 5.4068603515625000e+02
cx: 4.7975000000000000e+02
cy: 2.6975000000000000e+02
