%YAML:1.0
TVector: !!opencv-matrix
   rows: 3
   cols: 1
   dt: f
   data: [ -7.48949051e-02, -5.85397929e-02, -2.21118391e-01 ]
RMatrix: !!opencv-matrix
   rows: 3
   cols: 3
   dt: f
   data: [ 9.72485125e-01, -2.32428059e-01, 1.58045795e-02,
       6.69460371e-02, 3.43794405e-01, 9.36655521e-01, 2.23138556e-01,
       9.09825563e-01, -3.49895120e-01 ]
fx: 5.4068603515625000e+02
fy: 5.4068603515625000e+02
cx: 4.7975000000000000e+02
cy: 2.6975000000000000e+02
