%YAML:1.0
TVector: !!opencv-matrix
   rows: 3
   cols: 1
   dt: f
   data: [ -7.53531456e-02, -5.54472208e-02, -2.25259960e-01 ]
RMatrix: !!opencv-matrix
   rows: 3
   cols: 3
   dt: f
   data: [ 9.75341201e-01, -2.19736785e-01, 2.06305515e-02,
       5.07872067e-02, 3.14426392e-01, 9.47922468e-01, 2.14780152e-01,
       9.23499823e-01, -3.17832768e-01 ]
fx: 5.4068603515625000e+02
fy: 5.4068603515625000e+02
cx: 4.7975000000000000e+02
cy: 2.6975000000000000e+02
