%YAML:1.0
TVector: !!opencv-matrix
   rows: 3
   cols: 1
   dt: f
   data: [ -7.25720748e-02, -5.91786355e-02, -2.20912591e-01 ]
RMatrix: !!opencv-matrix
   rows: 3
   cols: 3
   dt: f
   data: [ 9.75559235e-01, -2.17728615e-01, 2.96382681e-02,
       3.99381630e-02, 3.08326423e-01, 9.50441837e-01, 2.16076657e-01,
       9.26028728e-01, -3.09486419e-01 ]
fx: 5.4068603515625000e+02
fy: 5.4068603515625000e+02
cx: 4.7975000000000000e+02
cy: 2.6975000000000000e+02
