%YAML:1.0
TVector: !!opencv-matrix
   rows: 3
   cols: 1
   dt: f
   data: [ -6.95177317e-02, -5.82614206e-02, -2.22923249e-01 ]
RMatrix: !!opencv-matrix
   rows: 3
   cols: 3
   dt: f
   data: [ 9.75770891e-01, -2.16243103e-01, 3.33155468e-02,
       3.40493135e-02, 3.00494552e-01, 9.53175485e-01, 2.16128796e-01,
       9.28946614e-01, -3.00576866e-01 ]
fx: 5.4068603515625000e+02
fy: 5.4068603515625000e+02
cx: 4.7975000000000000e+02
cy: 2.6975000000000000e+02
