%YAML:1.0
TVector: !!opencv-matrix
   rows: 3
   cols: 1
   dt: f
   data: [ -6.78897426e-02, -6.22683167e-02, -2.25237802e-01 ]
RMatrix: !!opencv-matrix
   rows: 3
   cols: 3
   dt: f
   data: [ 9.76049900e-01, -2.14483440e-01, 3.63777615e-02,
       2.96549425e-02, 2.96834737e-01, 9.54468250e-01, 2.15515837e-01,
       9.30529952e-01, -2.96086013e-01 ]
fx: 5.4068603515625000e+02
fy: 5.4068603515625000e+02
cx: 4.7975000000000000e+02
cy: 2.6975000000000000e+02
