%YAML:1.0
TVector: !!opencv-matrix
   rows: 3
   cols: 1
   dt: f
   data: [ -6.98247999e-02, -6.11544698e-02, -2.21203417e-01 ]
RMatrix: !!opencv-matrix
   rows: 3
   cols: 3
   dt: f
   data: [ 9.76237893e-01, -2.13088676e-01, 3.94072123e-02,
       2.51591057e-02, 2.92071581e-01, 9.56065536e-01, 2.15236485e-01,
       9.32356000e-01, -2.90492415e-01 ]
fx: 5.4068603515625000e+02
fy: 5.4068603515625000e+02
cx: 4.7975000000000000e+02
cy: 2.6975000000000000e+02
