%YAML:1.0
TVector: !!opencv-matrix
   rows: 3
   cols: 1
   dt: f
   data: [ -6.87912330e-02, -5.89178838e-02, -2.22158819e-01 ]
RMatrix: !!opencv-matrix
   rows: 3
   cols: 3
   dt: f
   data: [ 9.76069570e-01, -2.13711575e-01, 4.01942842e-02,
       2.35254969e-02, 2.87527174e-01, 9.57483411e-01, 2.16182262e-01,
       9.33624804e-01, -2.85674185e-01 ]
fx: 5.4068603515625000e+02
fy: 5.4068603515625000e+02
cx: 4.7975000000000000e+02
cy: 2.6975000000000000e+02
