%YAML:1.0
TVector: !!opencv-matrix
   rows: 3
   cols: 1
   dt: f
   data: [ -6.77061006e-02, -6.07264563e-02, -2.22266942e-01 ]
RMatrix: !!opencv-matrix
   rows: 3
   cols: 3
   dt: f
   data: [ 9.76037741e-01, -2.13067502e-01, 4.41890880e-02,
       1.82782095e-02, 2.82633126e-01, 9.59054053e-01, 2.16832519e-01,
       9.35265124e-01, -2.79755086e-01 ]
fx: 5.4068603515625000e+02
fy: 5.4068603515625000e+02
cx: 4.7975000000000000e+02
cy: 2.6975000000000000e+02
