%YAML:1.0
TVector: !!opencv-matrix
   rows: 3
   cols: 1
   dt: f
   data: [ -6.52877986e-02, -6.15071990e-02, -2.21779972e-01 ]
RMatrix: !!opencv-matrix
   rows: 3
   cols: 3
   dt: f
   data: [ 9.75711524e-01, -2.12928995e-01, 5.14614061e-02,
       6.23776019e-03, 2.61830568e-01, 9.65093732e-01, 2.18970627e-01,
       9.41331983e-01, -2.56799310e-01 ]
fx: 5.4068603515625000e+02
fy: 5.4068603515625000e+02
cx: 4.7975000000000000e+02
cy: 2.6975000000000000e+02
