%YAML:1.0
TVector: !!opencv-matrix
   rows: 3
   cols: 1
   dt: f
   data: [ -6.36120886e-02, -6.13501668e-02, -2.17709318e-01 ]
RMatrix: !!opencv-matrix
   rows: 3
   cols: 3
   dt: f
   data: [ 9.74836528e-01, -2.15787441e-01, 5.59424050e-02,
       -1.42576534e-03, 2.44911224e-01, 9.69544411e-01, 2.22916439e-01,
       9.45227027e-01, -2.38440722e-01 ]
fx: 5.4068603515625000e+02
fy: 5.4068603515625000e+02
cx: 4.7975000000000000e+02
cy: 2.6975000000000000e+02
