%YAML:1.0
TVector: !!opencv-matrix
   rows: 3
   cols: 1
   dt: f
   data: [ -6.31302744e-02, -6.14608377e-02, -2.15674579e-01 ]
RMatrix: !!opencv-matrix
   rows: 3
   cols: 3
   dt: f
   data: [ 9.73909676e-01, -2.18514681e-01, 6.12469092e-02,
       -8.25846754e-03, 2.35581189e-01, 9.71819520e-01, 2.26785451e-01,
       9.46970224e-01, -2.27630168e-01 ]
fx: 5.4068603515625000e+02
fy: 5.4068603515625000e+02
cx: 4.7975000000000000e+02
cy: 2.6975000000000000e+02
