%YAML:1.0
TVector: !!opencv-matrix
   rows: 3
   cols: 1
   dt: f
   data: [ -6.22716844e-02, -6.25693277e-02, -2.14243650e-01 ]
RMatrix: !!opencv-matrix
   rows: 3
   cols: 3
   dt: f
   data: [ 9.73545849e-01, -2.19657511e-01, 6.29211441e-02,
       -1.05124163e-02, 2.32025385e-01, 9.72652972e-01, 2.28249863e-01,
       9.47583735e-01, -2.23578230e-01 ]
fx: 5.4068603515625000e+02
fy: 5.4068603515625000e+02
cx: 4.7975000000000000e+02
cy: 2.6975000000000000e+02
