%YAML:1.0
TVector: !!opencv-matrix
   rows: 3
   cols: 1
   dt: f
   data: [ -6.16821796e-02, -6.28503710e-02, -2.15071395e-01 ]
RMatrix: !!opencv-matrix
   rows: 3
   cols: 3
   dt: f
   data: [ 9.73179042e-01, -2.20810086e-01, 6.45396039e-02,
       -1.31366029e-02, 2.26749435e-01, 9.73864615e-01, 2.29673415e-01,
       9.48592484e-01, -2.17767105e-01 ]
fx: 5.4068603515625000e+02
fy: 5.4068603515625000e+02
cx: 4.7975000000000000e+02
cy: 2.6975000000000000e+02
