%YAML:1.0
TVector: !!opencv-matrix
   rows: 3
   cols: 1
   dt: f
   data: [ -6.08564802e-02, -6.41243383e-02, -2.14009061e-01 ]
RMatrix: !!opencv-matrix
   rows: 3
   cols: 3
   dt: f
   data: [ 9.72662508e-01, -2.22462758e-01, 6.66142479e-02,
       -1.59056410e-02, 2.22360998e-01, 9.74834502e-01, 2.31676832e-01,
       9.49244738e-01, -2.12743849e-01 ]
fx: 5.4068603515625000e+02
fy: 5.4068603515625000e+02
cx: 4.7975000000000000e+02
cy: 2.6975000000000000e+02
