%YAML:1.0
TVector: !!opencv-matrix
   rows: 3
   cols: 1
   dt: f
   data: [ -6.10750988e-02, -6.65539727e-02, -2.11832121e-01 ]
RMatrix: !!opencv-matrix
   rows: 3
   cols: 3
   dt: f
   data: [ 9.70891178e-01, -2.28216022e-01, 7.27191642e-02,
       -2.43203491e-02, 2.08104223e-01, 9.77804303e-01, 2.38283724e-01,
       9.51110125e-01, -1.96496233e-01 ]
fx: 5.4068603515625000e+02
fy: 5.4068603515625000e+02
cx: 4.7975000000000000e+02
cy: 2.6975000000000000e+02
