%YAML:1.0
TVector: !!opencv-matrix
   rows: 3
   cols: 1
   dt: f
   data: [ 1.90012027e-02, 3.21564861e-02, -7.12023750e-02 ]
RMatrix: !!opencv-matrix
   rows: 3
   cols: 3
   dt: f
   data: [ 6.84861019e-02, -9.97636735e-01, 5.54594630e-03,
       2.67112672e-01, 2.36923173e-02, 9.63374078e-01, 9.61228669e-01,
       6.44963384e-02, -2.68104017e-01 ]
fx: 5.4068603515625000e+02
fy: 5.4068603515625000e+02
cx: 4.7975000000000000e+02
cy: 2.6975000000000000e+02
