%YAML:1.0
TVector: !!opencv-matrix
   rows: 3
   cols: 1
   dt: f
   data: [ -6.02732748e-02, -6.76651746e-02, -2.08713144e-01 ]
RMatrix: !!opencv-matrix
   rows: 3
   cols: 3
   dt: f
   data: [ 9.68427479e-01, -2.37989724e-01, 7.42233768e-02,
       -2.92799473e-02, 1.87087625e-01, 9.81906772e-01, 2.47570023e-01,
       9.53078747e-01, -1.74212456e-01 ]
fx: 5.4068603515625000e+02
fy: 5.4068603515625000e+02
cx: 4.7975000000000000e+02
cy: 2.6975000000000000e+02
