%YAML:1.0
TVector: !!opencv-matrix
   rows: 3
   cols: 1
   dt: f
   data: [ -6.28684461e-02, -6.56872168e-02, -2.05976471e-01 ]
RMatrix: !!opencv-matrix
   rows: 3
   cols: 3
   dt: f
   data: [ 9.67597246e-01, -2.40659684e-01, 7.64100552e-02,
       -3.32111716e-02, 1.78685755e-01, 9.83345568e-01, 2.50305027e-01,
       9.54020202e-01, -1.64903209e-01 ]
fx: 5.4068603515625000e+02
fy: 5.4068603515625000e+02
cx: 4.7975000000000000e+02
cy: 2.6975000000000000e+02
