%YAML:1.0
TVector: !!opencv-matrix
   rows: 3
   cols: 1
   dt: f
   data: [ -6.18986413e-02, -6.66370988e-02, -2.06583396e-01 ]
RMatrix: !!opencv-matrix
   rows: 3
   cols: 3
   dt: f
   data: [ 9.66512203e-01, -2.43979022e-01, 7.95485824e-02,
       -3.63296047e-02, 1.76775053e-01, 9.83580291e-01, 2.54035264e-01,
       9.53532577e-01, -1.61991641e-01 ]
fx: 5.4068603515625000e+02
fy: 5.4068603515625000e+02
cx: 4.7975000000000000e+02
cy: 2.6975000000000000e+02
