%YAML:1.0
TVector: !!opencv-matrix
   rows: 3
   cols: 1
   dt: f
   data: [ -6.08884878e-02, -6.64819255e-02, -2.04832882e-01 ]
RMatrix: !!opencv-matrix
   rows: 3
   cols: 3
   dt: f
   data: [ 9.64510560e-01, -2.49934584e-01, 8.51607546e-02,
       -4.54870984e-02, 1.60424694e-01, 9.85999525e-01, 2.60097206e-01,
       9.54880595e-01, -1.43362507e-01 ]
fx: 5.4068603515625000e+02
fy: 5.4068603515625000e+02
cx: 4.7975000000000000e+02
cy: 2.6975000000000000e+02
