%YAML:1.0
TVector: !!opencv-matrix
   rows: 3
   cols: 1
   dt: f
   data: [ -6.16083778e-02, -6.81953803e-02, -2.06664011e-01 ]
RMatrix: !!opencv-matrix
   rows: 3
   cols: 3
   dt: f
   data: [ 9.62278247e-01, -2.56062359e-01, 9.19381157e-02,
       -5.21878786e-02, 1.57923549e-01, 9.86071348e-01, 2.67014951e-01,
       9.53673065e-01, -1.38603047e-01 ]
fx: 5.4068603515625000e+02
fy: 5.4068603515625000e+02
cx: 4.7975000000000000e+02
cy: 2.6975000000000000e+02
