%YAML:1.0
TVector: !!opencv-matrix
   rows: 3
   cols: 1
   dt: f
   data: [ -6.27433807e-02, -7.33231381e-02, -2.04541385e-01 ]
RMatrix: !!opencv-matrix
   rows: 3
   cols: 3
   dt: f
   data: [ 9.60880160e-01, -2.60266006e-01, 9.47138220e-02,
       -5.44015914e-02, 1.57951534e-01, 9.85947013e-01, 2.71568686e-01,
       9.52529609e-01, -1.37613624e-01 ]
fx: 5.4068603515625000e+02
fy: 5.4068603515625000e+02
cx: 4.7975000000000000e+02
cy: 2.6975000000000000e+02
