%YAML:1.0
TVector: !!opencv-matrix
   rows: 3
   cols: 1
   dt: f
   data: [ -5.74369021e-02, -7.30411112e-02, -2.11386099e-01 ]
RMatrix: !!opencv-matrix
   rows: 3
   cols: 3
   dt: f
   data: [ 9.57567155e-01, -2.71768063e-01, 9.59557742e-02,
       -5.77835292e-02, 1.45145655e-01, 9.87721443e-01, 2.82358676e-01,
       9.51354206e-01, -1.23282984e-01 ]
fx: 5.4068603515625000e+02
fy: 5.4068603515625000e+02
cx: 4.7975000000000000e+02
cy: 2.6975000000000000e+02
