%YAML:1.0
TVector: !!opencv-matrix
   rows: 3
   cols: 1
   dt: f
   data: [ -6.06896356e-02, -7.23968744e-02, -2.07681134e-01 ]
RMatrix: !!opencv-matrix
   rows: 3
   cols: 3
   dt: f
   data: [ 9.56539929e-01, -2.74307609e-01, 9.89278555e-02,
       -6.16815016e-02, 1.41246393e-01, 9.88051057e-01, 2.85003126e-01,
       9.51212287e-01, -1.18188113e-01 ]
fx: 5.4068603515625000e+02
fy: 5.4068603515625000e+02
cx: 4.7975000000000000e+02
cy: 2.6975000000000000e+02
