%YAML:1.0
TVector: !!opencv-matrix
   rows: 3
   cols: 1
   dt: f
   data: [ -5.50273880e-02, -7.42442980e-02, -2.13846669e-01 ]
RMatrix: !!opencv-matrix
   rows: 3
   cols: 3
   dt: f
   data: [ 9.53440845e-01, -2.81865299e-01, 1.07248619e-01,
       -7.05358759e-02, 1.37338191e-01, 9.88009453e-01, 2.93214947e-01,
       9.49573636e-01, -1.11062244e-01 ]
fx: 5.4068603515625000e+02
fy: 5.4068603515625000e+02
cx: 4.7975000000000000e+02
cy: 2.6975000000000000e+02
