%YAML:1.0
TVector: !!opencv-matrix
   rows: 3
   cols: 1
   dt: f
   data: [ -5.58242202e-02, -7.61987790e-02, -2.13931620e-01 ]
RMatrix: !!opencv-matrix
   rows: 3
   cols: 3
   dt: f
   data: [ 9.52177286e-01, -2.85319060e-01, 1.09323196e-01,
       -7.34444410e-02, 1.33581594e-01, 9.88312721e-01, 2.96587974e-01,
       9.49077964e-01, -1.06238246e-01 ]
fx: 5.4068603515625000e+02
fy: 5.4068603515625000e+02
cx: 4.7975000000000000e+02
cy: 2.6975000000000000e+02
