%YAML:1.0
TVector: !!opencv-matrix
   rows: 3
   cols: 1
   dt: f
   data: [ -5.71030304e-02, -7.59284198e-02, -2.13060886e-01 ]
RMatrix: !!opencv-matrix
   rows: 3
   cols: 3
   dt: f
   data: [ 9.49581921e-01, -2.93138236e-01, 1.11194178e-01,
       -7.68370330e-02, 1.26254246e-01, 9.89017665e-01, 3.03957641e-01,
       9.47697043e-01, -9.73648950e-02 ]
fx: 5.4068603515625000e+02
fy: 5.4068603515625000e+02
cx: 4.7975000000000000e+02
cy: 2.6975000000000000e+02
