%YAML:1.0
TVector: !!opencv-matrix
   rows: 3
   cols: 1
   dt: f
   data: [ -5.80322072e-02, -7.60064870e-02, -2.11913928e-01 ]
RMatrix: !!opencv-matrix
   rows: 3
   cols: 3
   dt: f
   data: [ 9.48098838e-01, -2.97353834e-01, 1.12648442e-01,
       -7.85770118e-02, 1.24184266e-01, 9.89143133e-01, 3.08114618e-01,
       9.46656823e-01, -9.43737552e-02 ]
fx: 5.4068603515625000e+02
fy: 5.4068603515625000e+02
cx: 4.7975000000000000e+02
cy: 2.6975000000000000e+02
