%YAML:1.0
TVector: !!opencv-matrix
   rows: 3
   cols: 1
   dt: f
   data: [ -5.59585094e-02, -7.56761953e-02, -2.14162096e-01 ]
RMatrix: !!opencv-matrix
   rows: 3
   cols: 3
   dt: f
   data: [ 9.46599066e-01, -3.01574975e-01, 1.14028662e-01,
       -7.97926262e-02, 1.23541839e-01, 9.89126086e-01, 3.12382966e-01,
       9.45404530e-01, -9.28811356e-02 ]
fx: 5.4068603515625000e+02
fy: 5.4068603515625000e+02
cx: 4.7975000000000000e+02
cy: 2.6975000000000000e+02
