%YAML:1.0
TVector: !!opencv-matrix
   rows: 3
   cols: 1
   dt: f
   data: [ -5.53627759e-02, -7.82642439e-02, -2.14786515e-01 ]
RMatrix: !!opencv-matrix
   rows: 3
   cols: 3
   dt: f
   data: [ 9.44036305e-01, -3.09670955e-01, 1.13576308e-01,
       -8.01104233e-02, 1.18763812e-01, 9.89685595e-01, 3.19965631e-01,
       9.43397760e-01, -8.73094574e-02 ]
fx: 5.4068603515625000e+02
fy: 5.4068603515625000e+02
cx: 4.7975000000000000e+02
cy: 2.6975000000000000e+02
