%YAML:1.0
TVector: !!opencv-matrix
   rows: 3
   cols: 1
   dt: f
   data: [ 2.13284176e-02, 3.23920883e-02, -7.81215355e-02 ]
RMatrix: !!opencv-matrix
   rows: 3
   cols: 3
   dt: f
   data: [ 7.79870972e-02, -9.96932149e-01, 6.64741639e-03,
       2.79123217e-01, 2.82350816e-02, 9.59840119e-01, 9.57083106e-01,
       7.29996860e-02, -2.80468851e-01 ]
fx: 5.4068603515625000e+02
fy: 5.4068603515625000e+02
cx: 4.7975000000000000e+02
cy: 2.6975000000000000e+02
