%YAML:1.0
TVector: !!opencv-matrix
   rows: 3
   cols: 1
   dt: f
   data: [ -6.04444444e-02, -7.98410997e-02, -2.11634710e-01 ]
RMatrix: !!opencv-matrix
   rows: 3
   cols: 3
   dt: f
   data: [ 9.39256072e-01, -3.21095914e-01, 1.21224657e-01,
       -9.08532366e-02, 1.07995436e-01, 9.89991128e-01, 3.30973744e-01,
       9.40868855e-01, -7.22627789e-02 ]
fx: 5.4068603515625000e+02
fy: 5.4068603515625000e+02
cx: 4.7975000000000000e+02
cy: 2.6975000000000000e+02
