%YAML:1.0
TVector: !!opencv-matrix
   rows: 3
   cols: 1
   dt: f
   data: [ -5.52675836e-02, -8.02325234e-02, -2.17327833e-01 ]
RMatrix: !!opencv-matrix
   rows: 3
   cols: 3
   dt: f
   data: [ 9.37455833e-01, -3.25392693e-01, 1.23676836e-01,
       -9.40335840e-02, 1.05364889e-01, 9.89977717e-01, 3.35162729e-01,
       9.39690113e-01, -6.81770816e-02 ]
fx: 5.4068603515625000e+02
fy: 5.4068603515625000e+02
cx: 4.7975000000000000e+02
cy: 2.6975000000000000e+02
