%YAML:1.0
TVector: !!opencv-matrix
   rows: 3
   cols: 1
   dt: f
   data: [ -5.49690537e-02, -7.99815133e-02, -2.17777237e-01 ]
RMatrix: !!opencv-matrix
   rows: 3
   cols: 3
   dt: f
   data: [ 9.34356570e-01, -3.32744449e-01, 1.27510697e-01,
       -1.01230547e-01, 9.52314883e-02, 9.90294635e-01, 3.41658145e-01,
       9.38196242e-01, -5.52962534e-02 ]
fx: 5.4068603515625000e+02
fy: 5.4068603515625000e+02
cx: 4.7975000000000000e+02
cy: 2.6975000000000000e+02
