%YAML:1.0
TVector: !!opencv-matrix
   rows: 3
   cols: 1
   dt: f
   data: [ -5.57493195e-02, -8.06325972e-02, -2.15625644e-01 ]
RMatrix: !!opencv-matrix
   rows: 3
   cols: 3
   dt: f
   data: [ 9.33103979e-01, -3.34863842e-01, 1.31085455e-01,
       -1.06129572e-01, 9.18520540e-02, 9.90100861e-01, 3.43589365e-01,
       9.37779069e-01, -5.01685515e-02 ]
fx: 5.4068603515625000e+02
fy: 5.4068603515625000e+02
cx: 4.7975000000000000e+02
cy: 2.6975000000000000e+02
