%YAML:1.0
TVector: !!opencv-matrix
   rows: 3
   cols: 1
   dt: f
   data: [ -5.61750755e-02, -8.29178989e-02, -2.16193184e-01 ]
RMatrix: !!opencv-matrix
   rows: 3
   cols: 3
   dt: f
   data: [ 9.31999087e-01, -3.36945683e-01, 1.33584723e-01,
       -1.09088331e-01, 9.07066613e-02, 9.89884734e-01, 3.45654458e-01,
       9.37144458e-01, -4.77816872e-02 ]
fx: 5.4068603515625000e+02
fy: 5.4068603515625000e+02
cx: 4.7975000000000000e+02
cy: 2.6975000000000000e+02
