%YAML:1.0
TVector: !!opencv-matrix
   rows: 3
   cols: 1
   dt: f
   data: [ -5.56723848e-02, -8.34505558e-02, -2.17288256e-01 ]
RMatrix: !!opencv-matrix
   rows: 3
   cols: 3
   dt: f
   data: [ 9.30935442e-01, -3.39122176e-01, 1.35482311e-01,
       -1.12250894e-01, 8.73050168e-02, 9.89837050e-01, 3.47504020e-01,
       9.36682463e-01, -4.32085581e-02 ]
fx: 5.4068603515625000e+02
fy: 5.4068603515625000e+02
cx: 4.7975000000000000e+02
cy: 2.6975000000000000e+02
