%YAML:1.0
TVector: !!opencv-matrix
   rows: 3
   cols: 1
   dt: f
   data: [ -5.76925799e-02, -8.38110670e-02, -2.16249004e-01 ]
RMatrix: !!opencv-matrix
   rows: 3
   cols: 3
   dt: f
   data: [ 9.27934229e-01, -3.46332073e-01, 1.37811109e-01,
       -1.20109119e-01, 7.21793175e-02, 9.90133226e-01, 3.52862000e-01,
       9.35330927e-01, -2.53800247e-02 ]
fx: 5.4068603515625000e+02
fy: 5.4068603515625000e+02
cx: 4.7975000000000000e+02
cy: 2.6975000000000000e+02
