%YAML:1.0
TVector: !!opencv-matrix
   rows: 3
   cols: 1
   dt: f
   data: [ -5.70182167e-02, -8.42512846e-02, -2.15933040e-01 ]
RMatrix: !!opencv-matrix
   rows: 3
   cols: 3
   dt: f
   data: [ 9.26653802e-01, -3.49463195e-01, 1.38522252e-01,
       -1.22137301e-01, 6.86117187e-02, 9.90138948e-01, 3.55521351e-01,
       9.34434712e-01, -2.08968092e-02 ]
fx: 5.4068603515625000e+02
fy: 5.4068603515625000e+02
cx: 4.7975000000000000e+02
cy: 2.6975000000000000e+02
