%YAML:1.0
TVector: !!opencv-matrix
   rows: 3
   cols: 1
   dt: f
   data: [ -5.72211184e-02, -8.58180374e-02, -2.17429787e-01 ]
RMatrix: !!opencv-matrix
   rows: 3
   cols: 3
   dt: f
   data: [ 9.25516903e-01, -3.51910591e-01, 1.39917925e-01,
       -1.25426710e-01, 6.37700111e-02, 9.90051150e-01, 3.57332110e-01,
       9.33858693e-01, -1.48812383e-02 ]
fx: 5.4068603515625000e+02
fy: 5.4068603515625000e+02
cx: 4.7975000000000000e+02
cy: 2.6975000000000000e+02
