%YAML:1.0
TVector: !!opencv-matrix
   rows: 3
   cols: 1
   dt: f
   data: [ -5.66377006e-02, -8.48518834e-02, -2.17540368e-01 ]
RMatrix: !!opencv-matrix
   rows: 3
   cols: 3
   dt: f
   data: [ 9.22671974e-01, -3.58238190e-01, 1.42624795e-01,
       -1.32321298e-01, 5.32532260e-02, 9.89775240e-01, 3.62170637e-01,
       9.32110250e-01, -1.73270702e-03 ]
fx: 5.4068603515625000e+02
fy: 5.4068603515625000e+02
cx: 4.7975000000000000e+02
cy: 2.6975000000000000e+02
