%YAML:1.0
TVector: !!opencv-matrix
   rows: 3
   cols: 1
   dt: f
   data: [ -5.66086173e-02, -8.64178538e-02, -2.18428433e-01 ]
RMatrix: !!opencv-matrix
   rows: 3
   cols: 3
   dt: f
   data: [ 9.21635389e-01, -3.60717356e-01, 1.43078953e-01,
       -1.34695485e-01, 4.84190844e-02, 9.89703476e-01, 3.63930941e-01,
       9.31417704e-01, 3.96226812e-03 ]
fx: 5.4068603515625000e+02
fy: 5.4068603515625000e+02
cx: 4.7975000000000000e+02
cy: 2.6975000000000000e+02
