%YAML:1.0
TVector: !!opencv-matrix
   rows: 3
   cols: 1
   dt: f
   data: [ -5.58592640e-02, -8.65469053e-02, -2.18186364e-01 ]
RMatrix: !!opencv-matrix
   rows: 3
   cols: 3
   dt: f
   data: [ 9.19634759e-01, -3.65706801e-01, 1.43284917e-01,
       -1.38898939e-01, 3.84264514e-02, 9.89560902e-01, 3.67395043e-01,
       9.29936647e-01, 1.54579878e-02 ]
fx: 5.4068603515625000e+02
fy: 5.4068603515625000e+02
cx: 4.7975000000000000e+02
cy: 2.6975000000000000e+02
