%YAML:1.0
TVector: !!opencv-matrix
   rows: 3
   cols: 1
   dt: f
   data: [ -5.73531799e-02, -8.67063776e-02, -2.16735214e-01 ]
RMatrix: !!opencv-matrix
   rows: 3
   cols: 3
   dt: f
   data: [ 9.19164836e-01, -3.67583603e-01, 1.41485512e-01,
       -1.39105171e-01, 3.31107304e-02, 9.89723861e-01, 3.68490994e-01,
       9.29400623e-01, 2.06985511e-02 ]
fx: 5.4068603515625000e+02
fy: 5.4068603515625000e+02
cx: 4.7975000000000000e+02
cy: 2.6975000000000000e+02
