%YAML:1.0
TVector: !!opencv-matrix
   rows: 3
   cols: 1
   dt: f
   data: [ -5.89106381e-02, -8.65644217e-02, -2.14798301e-01 ]
RMatrix: !!opencv-matrix
   rows: 3
   cols: 3
   dt: f
   data: [ 9.18665648e-01, -3.69083136e-01, 1.40823334e-01,
       -1.39743686e-01, 2.98052933e-02, 9.89739060e-01, 3.69493276e-01,
       9.28918540e-01, 2.41959374e-02 ]
fx: 5.4068603515625000e+02
fy: 5.4068603515625000e+02
cx: 4.7975000000000000e+02
cy: 2.6975000000000000e+02
