%YAML:1.0
TVector: !!opencv-matrix
   rows: 3
   cols: 1
   dt: f
   data: [ -5.85968159e-02, -8.76721665e-02, -2.15651929e-01 ]
RMatrix: !!opencv-matrix
   rows: 3
   cols: 3
   dt: f
   data: [ 9.11520541e-01, -3.84142905e-01, 1.46848217e-01,
       -1.50727421e-01, 2.01725308e-02, 9.88369524e-01, 3.82637411e-01,
       9.23053265e-01, 3.95131968e-02 ]
fx: 5.4068603515625000e+02
fy: 5.4068603515625000e+02
cx: 4.7975000000000000e+02
cy: 2.6975000000000000e+02
