%YAML:1.0
TVector: !!opencv-matrix
   rows: 3
   cols: 1
   dt: f
   data: [ -6.18233904e-02, -9.34255943e-02, -2.03528687e-01 ]
RMatrix: !!opencv-matrix
   rows: 3
   cols: 3
   dt: f
   data: [ 9.08282816e-01, -3.91561180e-01, 1.47315308e-01,
       -1.52174160e-01, 1.87866203e-02, 9.88175094e-01, 3.89698595e-01,
       9.19960141e-01, 4.25219201e-02 ]
fx: 5.4068603515625000e+02
fy: 5.4068603515625000e+02
cx: 4.7975000000000000e+02
cy: 2.6975000000000000e+02
