%YAML:1.0
TVector: !!opencv-matrix
   rows: 3
   cols: 1
   dt: f
   data: [ -6.22114167e-02, -9.27095339e-02, -2.06709832e-01 ]
RMatrix: !!opencv-matrix
   rows: 3
   cols: 3
   dt: f
   data: [ 9.04068232e-01, -4.00807410e-01, 1.48371592e-01,
       -1.56977668e-01, 1.14859389e-02, 9.87535477e-01, 3.97515625e-01,
       9.16090488e-01, 5.25337234e-02 ]
fx: 5.4068603515625000e+02
fy: 5.4068603515625000e+02
cx: 4.7975000000000000e+02
cy: 2.6975000000000000e+02
