%YAML:1.0
TVector: !!opencv-matrix
   rows: 3
   cols: 1
   dt: f
   data: [ -6.05538972e-02, -9.29637253e-02, -2.05712706e-01 ]
RMatrix: !!opencv-matrix
   rows: 3
   cols: 3
   dt: f
   data: [ 9.02523339e-01, -4.04006630e-01, 1.49097785e-01,
       -1.59505695e-01, 7.98607804e-03, 9.87164557e-01, 4.00011778e-01,
       9.14721072e-01, 5.72337434e-02 ]
fx: 5.4068603515625000e+02
fy: 5.4068603515625000e+02
cx: 4.7975000000000000e+02
cy: 2.6975000000000000e+02
