%YAML:1.0
TVector: !!opencv-matrix
   rows: 3
   cols: 1
   dt: f
   data: [ -6.07046001e-02, -9.44944546e-02, -2.06878960e-01 ]
RMatrix: !!opencv-matrix
   rows: 3
   cols: 3
   dt: f
   data: [ 9.01244760e-01, -4.06653345e-01, 1.49636507e-01,
       -1.61901057e-01, 4.29967837e-03, 9.86797690e-01, 4.01927948e-01,
       9.13572431e-01, 6.19625337e-02 ]
fx: 5.4068603515625000e+02
fy: 5.4068603515625000e+02
cx: 4.7975000000000000e+02
cy: 2.6975000000000000e+02
