%YAML:1.0
TVector: !!opencv-matrix
   rows: 3
   cols: 1
   dt: f
   data: [ -5.97797483e-02, -9.20636058e-02, -2.07191572e-01 ]
RMatrix: !!opencv-matrix
   rows: 3
   cols: 3
   dt: f
   data: [ 8.99729252e-01, -4.09615278e-01, 1.50673553e-01,
       -1.65334076e-01, -3.80828918e-04, 9.86237466e-01, 4.03920561e-01,
       9.12258148e-01, 6.80660084e-02 ]
fx: 5.4068603515625000e+02
fy: 5.4068603515625000e+02
cx: 4.7975000000000000e+02
cy: 2.6975000000000000e+02
