%YAML:1.0
TVector: !!opencv-matrix
   rows: 3
   cols: 1
   dt: f
   data: [ -6.14121631e-02, -9.43214744e-02, -2.04866722e-01 ]
RMatrix: !!opencv-matrix
   rows: 3
   cols: 3
   dt: f
   data: [ 8.97242367e-01, -4.13894802e-01, 1.53776959e-01,
       -1.71200454e-01, -5.08266641e-03, 9.85222995e-01, 4.06997114e-01,
       9.10310447e-01, 7.54193738e-02 ]
fx: 5.4068603515625000e+02
fy: 5.4068603515625000e+02
cx: 4.7975000000000000e+02
cy: 2.6975000000000000e+02
