%YAML:1.0
TVector: !!opencv-matrix
   rows: 3
   cols: 1
   dt: f
   data: [ -6.14999458e-02, -9.34936777e-02, -2.06112713e-01 ]
RMatrix: !!opencv-matrix
   rows: 3
   cols: 3
   dt: f
   data: [ 8.95385087e-01, -4.17908341e-01, 1.53747782e-01,
       -1.74805686e-01, -1.23226289e-02, 9.84525919e-01, 4.09546971e-01,
       9.08405781e-01, 8.40862542e-02 ]
fx: 5.4068603515625000e+02
fy: 5.4068603515625000e+02
cx: 4.7975000000000000e+02
cy: 2.6975000000000000e+02
