%YAML:1.0
TVector: !!opencv-matrix
   rows: 3
   cols: 1
   dt: f
   data: [ -6.59292787e-02, -9.48517993e-02, -2.01039687e-01 ]
RMatrix: !!opencv-matrix
   rows: 3
   cols: 3
   dt: f
   data: [ 8.92152250e-01, -4.23181653e-01, 1.58056647e-01,
       -1.81592152e-01, -1.55927725e-02, 9.83250439e-01, 4.13628966e-01,
       9.05910850e-01, 9.07575861e-02 ]
fx: 5.4068603515625000e+02
fy: 5.4068603515625000e+02
cx: 4.7975000000000000e+02
cy: 2.6975000000000000e+02
