%YAML:1.0
TVector: !!opencv-matrix
   rows: 3
   cols: 1
   dt: f
   data: [ -6.20981194e-02, -9.77849960e-02, -2.06890821e-01 ]
RMatrix: !!opencv-matrix
   rows: 3
   cols: 3
   dt: f
   data: [ 8.87956023e-01, -4.30573970e-01, 1.61679357e-01,
       -1.88444346e-01, -1.99275240e-02, 9.81881738e-01, 4.19550836e-01,
       9.02335346e-01, 9.88339931e-02 ]
fx: 5.4068603515625000e+02
fy: 5.4068603515625000e+02
cx: 4.7975000000000000e+02
cy: 2.6975000000000000e+02
