%YAML:1.0
TVector: !!opencv-matrix
   rows: 3
   cols: 1
   dt: f
   data: [ 5.87707793e-04, 1.13427651e-03, -7.34963251e-05 ]
RMatrix: !!opencv-matrix
   rows: 3
   cols: 3
   dt: f
   data: [ -1.85285218e-03, -9.99996543e-01, 1.83537032e-03,
       8.24099872e-03, 1.82004168e-03, 9.99964178e-01, 9.99964118e-01,
       -1.86791131e-03, -8.23759940e-03 ]
fx: 5.4068603515625000e+02
fy: 5.4068603515625000e+02
cx: 4.7975000000000000e+02
cy: 2.6975000000000000e+02
