%YAML:1.0
TVector: !!opencv-matrix
   rows: 3
   cols: 1
   dt: f
   data: [ 2.43808106e-02, 3.55149806e-02, -8.75450149e-02 ]
RMatrix: !!opencv-matrix
   rows: 3
   cols: 3
   dt: f
   data: [ 8.83775651e-02, -9.96052504e-01, 8.30019824e-03,
       2.96402663e-01, 3.42526771e-02, 9.54448760e-01, 9.50965345e-01,
       8.18916634e-02, -2.98259854e-01 ]
fx: 5.4068603515625000e+02
fy: 5.4068603515625000e+02
cx: 4.7975000000000000e+02
cy: 2.6975000000000000e+02
