%YAML:1.0
TVector: !!opencv-matrix
   rows: 3
   cols: 1
   dt: f
   data: [ -6.34148940e-02, -9.57958698e-02, -2.08216220e-01 ]
RMatrix: !!opencv-matrix
   rows: 3
   cols: 3
   dt: f
   data: [ 8.84133756e-01, -4.37770456e-01, 1.63292944e-01,
       -1.97372630e-01, -3.31558250e-02, 9.79767740e-01, 4.23499167e-01,
       8.98475230e-01, 1.15718074e-01 ]
fx: 5.4068603515625000e+02
fy: 5.4068603515625000e+02
cx: 4.7975000000000000e+02
cy: 2.6975000000000000e+02
