%YAML:1.0
TVector: !!opencv-matrix
   rows: 3
   cols: 1
   dt: f
   data: [ -6.67316914e-02, -1.00831404e-01, -2.08566993e-01 ]
RMatrix: !!opencv-matrix
   rows: 3
   cols: 3
   dt: f
   data: [ 8.79447520e-01, -4.46915120e-01, 1.63824901e-01,
       -2.07748622e-01, -5.07233664e-02, 9.76866186e-01, 4.28266585e-01,
       8.93137157e-01, 1.37454540e-01 ]
fx: 5.4068603515625000e+02
fy: 5.4068603515625000e+02
cx: 4.7975000000000000e+02
cy: 2.6975000000000000e+02
