%YAML:1.0
TVector: !!opencv-matrix
   rows: 3
   cols: 1
   dt: f
   data: [ -5.83323129e-02, -9.68035385e-02, -2.07025513e-01 ]
RMatrix: !!opencv-matrix
   rows: 3
   cols: 3
   dt: f
   data: [ 8.77671778e-01, -4.50400710e-01, 1.63803890e-01,
       -2.11266458e-01, -5.68085685e-02, 9.75776196e-01, 4.30184782e-01,
       8.91017437e-01, 1.45013809e-01 ]
fx: 5.4068603515625000e+02
fy: 5.4068603515625000e+02
cx: 4.7975000000000000e+02
cy: 2.6975000000000000e+02
