%YAML:1.0
TVector: !!opencv-matrix
   rows: 3
   cols: 1
   dt: f
   data: [ -6.83143064e-02, -9.76882726e-02, -2.06548780e-01 ]
RMatrix: !!opencv-matrix
   rows: 3
   cols: 3
   dt: f
   data: [ 8.76711726e-01, -4.51679558e-01, 1.65415421e-01,
       -2.15352163e-01, -6.10692576e-02, 9.74625170e-01, 4.30116445e-01,
       8.90087783e-01, 1.50810316e-01 ]
fx: 5.4068603515625000e+02
fy: 5.4068603515625000e+02
cx: 4.7975000000000000e+02
cy: 2.6975000000000000e+02
