%YAML:1.0
TVector: !!opencv-matrix
   rows: 3
   cols: 1
   dt: f
   data: [ 2.44878344e-02, 3.60330157e-02, -8.73637795e-02 ]
RMatrix: !!opencv-matrix
   rows: 3
   cols: 3
   dt: f
   data: [ 8.99713859e-02, -9.95914102e-01, 7.75582436e-03,
       3.05358022e-01, 3.49968784e-02, 9.51594234e-01, 9.47977543e-01,
       8.32479522e-02, -3.07259053e-01 ]
fx: 5.4068603515625000e+02
fy: 5.4068603515625000e+02
cx: 4.7975000000000000e+02
cy: 2.6975000000000000e+02
