%YAML:1.0
TVector: !!opencv-matrix
   rows: 3
   cols: 1
   dt: f
   data: [ -5.76442592e-02, -9.68770236e-02, -1.99686021e-01 ]
RMatrix: !!opencv-matrix
   rows: 3
   cols: 3
   dt: f
   data: [ 8.68472934e-01, -4.64457005e-01, 1.73304260e-01,
       -2.26352975e-01, -6.05033413e-02, 9.72164452e-01, 4.41043049e-01,
       8.83526385e-01, 1.57676756e-01 ]
fx: 5.4068603515625000e+02
fy: 5.4068603515625000e+02
cx: 4.7975000000000000e+02
cy: 2.6975000000000000e+02
