%YAML:1.0
TVector: !!opencv-matrix
   rows: 3
   cols: 1
   dt: f
   data: [ -6.81900382e-02, -9.87731144e-02, -2.07847014e-01 ]
RMatrix: !!opencv-matrix
   rows: 3
   cols: 3
   dt: f
   data: [ 8.67618442e-01, -4.66878593e-01, 1.71062648e-01,
       -2.24856392e-01, -6.15587384e-02, 9.72445428e-01, 4.43483561e-01,
       8.82176161e-01, 1.58390105e-01 ]
fx: 5.4068603515625000e+02
fy: 5.4068603515625000e+02
cx: 4.7975000000000000e+02
cy: 2.6975000000000000e+02
