%YAML:1.0
TVector: !!opencv-matrix
   rows: 3
   cols: 1
   dt: f
   data: [ -5.90567701e-02, -9.32679027e-02, -2.06150770e-01 ]
RMatrix: !!opencv-matrix
   rows: 3
   cols: 3
   dt: f
   data: [ 8.60139906e-01, -4.78796899e-01, 1.75820008e-01,
       -2.42650092e-01, -8.09152201e-02, 9.66733456e-01, 4.48642522e-01,
       8.74188840e-01, 1.85778543e-01 ]
fx: 5.4068603515625000e+02
fy: 5.4068603515625000e+02
cx: 4.7975000000000000e+02
cy: 2.6975000000000000e+02
