%YAML:1.0
TVector: !!opencv-matrix
   rows: 3
   cols: 1
   dt: f
   data: [ -6.14445917e-02, -9.51525122e-02, -2.07300141e-01 ]
RMatrix: !!opencv-matrix
   rows: 3
   cols: 3
   dt: f
   data: [ 8.58062685e-01, -4.81401443e-01, 1.78832635e-01,
       -2.49004543e-01, -8.54528770e-02, 9.64725077e-01, 4.49138284e-01,
       8.72324765e-01, 1.93195045e-01 ]
fx: 5.4068603515625000e+02
fy: 5.4068603515625000e+02
cx: 4.7975000000000000e+02
cy: 2.6975000000000000e+02
