%YAML:1.0
TVector: !!opencv-matrix
   rows: 3
   cols: 1
   dt: f
   data: [ -5.12863845e-02, -9.42530930e-02, -2.05664203e-01 ]
RMatrix: !!opencv-matrix
   rows: 3
   cols: 3
   dt: f
   data: [ 8.54142547e-01, -4.88168150e-01, 1.79254085e-01,
       -2.53977507e-01, -9.07930210e-02, 9.62939203e-01, 4.53801394e-01,
       8.68013918e-01, 2.01533899e-01 ]
fx: 5.4068603515625000e+02
fy: 5.4068603515625000e+02
cx: 4.7975000000000000e+02
cy: 2.6975000000000000e+02
