%YAML:1.0
TVector: !!opencv-matrix
   rows: 3
   cols: 1
   dt: f
   data: [ 2.56394558e-02, 3.62917371e-02, -8.81543979e-02 ]
RMatrix: !!opencv-matrix
   rows: 3
   cols: 3
   dt: f
   data: [ 9.16998386e-02, -9.95742738e-01, 9.36017837e-03,
       3.12736750e-01, 3.77221592e-02, 9.49090540e-01, 9.45403039e-01,
       8.41041729e-02, -3.14864486e-01 ]
fx: 5.4068603515625000e+02
fy: 5.4068603515625000e+02
cx: 4.7975000000000000e+02
cy: 2.6975000000000000e+02
