%YAML:1.0
TVector: !!opencv-matrix
   rows: 3
   cols: 1
   dt: f
   data: [ -5.92252202e-02, -9.32639092e-02, -2.07084313e-01 ]
RMatrix: !!opencv-matrix
   rows: 3
   cols: 3
   dt: f
   data: [ 8.52757394e-01, -4.90534127e-01, 1.79390579e-01,
       -2.57492214e-01, -9.60065797e-02, 9.61498976e-01, 4.54425454e-01,
       8.66117120e-01, 2.08179086e-01 ]
fx: 5.4068603515625000e+02
fy: 5.4068603515625000e+02
cx: 4.7975000000000000e+02
cy: 2.6975000000000000e+02
