%YAML:1.0
TVector: !!opencv-matrix
   rows: 3
   cols: 1
   dt: f
   data: [ -6.53093308e-02, -9.66939330e-02, -2.17722669e-01 ]
RMatrix: !!opencv-matrix
   rows: 3
   cols: 3
   dt: f
   data: [ 8.51582766e-01, -4.92961079e-01, 1.78314731e-01,
       -2.60510385e-01, -1.02780581e-01, 9.59984541e-01, 4.54907805e-01,
       8.63959312e-01, 2.15947688e-01 ]
fx: 5.4068603515625000e+02
fy: 5.4068603515625000e+02
cx: 4.7975000000000000e+02
cy: 2.6975000000000000e+02
