%YAML:1.0
TVector: !!opencv-matrix
   rows: 3
   cols: 1
   dt: f
   data: [ -5.70690446e-02, -9.40856263e-02, -2.07192436e-01 ]
RMatrix: !!opencv-matrix
   rows: 3
   cols: 3
   dt: f
   data: [ 8.46813619e-01, -5.00555396e-01, 1.79863438e-01,
       -2.69370675e-01, -1.12010226e-01, 9.56500292e-01, 4.58634973e-01,
       8.58427584e-01, 2.29686782e-01 ]
fx: 5.4068603515625000e+02
fy: 5.4068603515625000e+02
cx: 4.7975000000000000e+02
cy: 2.6975000000000000e+02
