%YAML:1.0
TVector: !!opencv-matrix
   rows: 3
   cols: 1
   dt: f
   data: [ -5.62291928e-02, -9.62183252e-02, -2.08375901e-01 ]
RMatrix: !!opencv-matrix
   rows: 3
   cols: 3
   dt: f
   data: [ 8.39278579e-01, -5.11593044e-01, 1.84075817e-01,
       -2.81297952e-01, -1.18853219e-01, 9.52231646e-01, 4.65277135e-01,
       8.50967944e-01, 2.43661046e-01 ]
fx: 5.4068603515625000e+02
fy: 5.4068603515625000e+02
cx: 4.7975000000000000e+02
cy: 2.6975000000000000e+02
