%YAML:1.0
TVector: !!opencv-matrix
   rows: 3
   cols: 1
   dt: f
   data: [ -6.55551404e-02, -9.76501182e-02, -2.14312539e-01 ]
RMatrix: !!opencv-matrix
   rows: 3
   cols: 3
   dt: f
   data: [ 8.38173330e-01, -5.13169050e-01, 1.84723258e-01,
       -2.81970203e-01, -1.17803670e-01, 9.52163219e-01, 4.66859728e-01,
       8.50164354e-01, 2.43438303e-01 ]
fx: 5.4068603515625000e+02
fy: 5.4068603515625000e+02
cx: 4.7975000000000000e+02
cy: 2.6975000000000000e+02
