%YAML:1.0
TVector: !!opencv-matrix
   rows: 3
   cols: 1
   dt: f
   data: [ -5.23175113e-02, -8.83809179e-02, -2.10066676e-01 ]
RMatrix: !!opencv-matrix
   rows: 3
   cols: 3
   dt: f
   data: [ 8.33655238e-01, -5.21289229e-01, 1.82418942e-01,
       -2.84085125e-01, -1.21498413e-01, 9.51069891e-01, 4.73618954e-01,
       8.44686866e-01, 2.49378324e-01 ]
fx: 5.4068603515625000e+02
fy: 5.4068603515625000e+02
cx: 4.7975000000000000e+02
cy: 2.6975000000000000e+02
