%YAML:1.0
TVector: !!opencv-matrix
   rows: 3
   cols: 1
   dt: f
   data: [ 2.53148787e-02, 3.53864804e-02, -9.08124372e-02 ]
RMatrix: !!opencv-matrix
   rows: 3
   cols: 3
   dt: f
   data: [ 9.41026509e-02, -9.95514631e-01, 9.75548662e-03,
       3.17975104e-01, 3.93399596e-02, 9.47282374e-01, 9.43417251e-01,
       8.60398039e-02, -3.20250928e-01 ]
fx: 5.4068603515625000e+02
fy: 5.4068603515625000e+02
cx: 4.7975000000000000e+02
cy: 2.6975000000000000e+02
