%YAML:1.0
TVector: !!opencv-matrix
   rows: 3
   cols: 1
   dt: f
   data: [ -5.45560457e-02, -9.09155607e-02, -2.07323715e-01 ]
RMatrix: !!opencv-matrix
   rows: 3
   cols: 3
   dt: f
   data: [ 8.24465871e-01, -5.36851168e-01, 1.79017127e-01,
       -2.85128504e-01, -1.20817967e-01, 9.50844407e-01, 4.88833398e-01,
       8.34981680e-01, 2.52681792e-01 ]
fx: 5.4068603515625000e+02
fy: 5.4068603515625000e+02
cx: 4.7975000000000000e+02
cy: 2.6975000000000000e+02
