%YAML:1.0
TVector: !!opencv-matrix
   rows: 3
   cols: 1
   dt: f
   data: [ -5.71994856e-02, -9.34150517e-02, -2.01252669e-01 ]
RMatrix: !!opencv-matrix
   rows: 3
   cols: 3
   dt: f
   data: [ 8.17945898e-01, -5.47132850e-01, 1.77792758e-01,
       -2.84327298e-01, -1.15799092e-01, 9.51708198e-01, 5.00122607e-01,
       8.28997254e-01, 2.50282198e-01 ]
fx: 5.4068603515625000e+02
fy: 5.4068603515625000e+02
cx: 4.7975000000000000e+02
cy: 2.6975000000000000e+02
