%YAML:1.0
TVector: !!opencv-matrix
   rows: 3
   cols: 1
   dt: f
   data: [ -5.02647422e-02, -1.01341657e-01, -1.96700841e-01 ]
RMatrix: !!opencv-matrix
   rows: 3
   cols: 3
   dt: f
   data: [ 8.14759910e-01, -5.52450478e-01, 1.75967440e-01,
       -2.82500327e-01, -1.13222949e-01, 9.52561855e-01, 5.06319761e-01,
       8.25820029e-01, 2.48316973e-01 ]
fx: 5.4068603515625000e+02
fy: 5.4068603515625000e+02
cx: 4.7975000000000000e+02
cy: 2.6975000000000000e+02
