%YAML:1.0
TVector: !!opencv-matrix
   rows: 3
   cols: 1
   dt: f
   data: [ -5.11884838e-02, -9.68159586e-02, -1.98037326e-01 ]
RMatrix: !!opencv-matrix
   rows: 3
   cols: 3
   dt: f
   data: [ 8.11925113e-01, -5.56902945e-01, 1.75034463e-01,
       -2.82103598e-01, -1.11807585e-01, 9.52846706e-01, 5.11072874e-01,
       8.23017895e-01, 2.47883677e-01 ]
fx: 5.4068603515625000e+02
fy: 5.4068603515625000e+02
cx: 4.7975000000000000e+02
cy: 2.6975000000000000e+02
