%YAML:1.0
TVector: !!opencv-matrix
   rows: 3
   cols: 1
   dt: f
   data: [ -5.66015318e-02, -9.49816927e-02, -2.02123314e-01 ]
RMatrix: !!opencv-matrix
   rows: 3
   cols: 3
   dt: f
   data: [ 8.09105515e-01, -5.60883641e-01, 1.75378978e-01,
       -2.82006830e-01, -1.08751506e-01, 9.53228831e-01, 5.15577734e-01,
       8.20720673e-01, 2.46164471e-01 ]
fx: 5.4068603515625000e+02
fy: 5.4068603515625000e+02
cx: 4.7975000000000000e+02
cy: 2.6975000000000000e+02
