%YAML:1.0
TVector: !!opencv-matrix
   rows: 3
   cols: 1
   dt: f
   data: [ 2.56076027e-02, 3.67459282e-02, -9.22005773e-02 ]
RMatrix: !!opencv-matrix
   rows: 3
   cols: 3
   dt: f
   data: [ 9.55742225e-02, -9.95353818e-01, 1.16769876e-02,
       3.22280139e-01, 4.20400463e-02, 9.45710361e-01, 9.41807449e-01,
       8.66222605e-02, -3.24800700e-01 ]
fx: 5.4068603515625000e+02
fy: 5.4068603515625000e+02
cx: 4.7975000000000000e+02
cy: 2.6975000000000000e+02
