%YAML:1.0
TVector: !!opencv-matrix
   rows: 3
   cols: 1
   dt: f
   data: [ -4.88141552e-02, -1.00672454e-01, -1.98605955e-01 ]
RMatrix: !!opencv-matrix
   rows: 3
   cols: 3
   dt: f
   data: [ 7.87888706e-01, -5.93073428e-01, 1.65816888e-01,
       -2.76857644e-01, -1.00617692e-01, 9.55628633e-01, 5.50073862e-01,
       7.98836648e-01, 2.43472472e-01 ]
fx: 5.4068603515625000e+02
fy: 5.4068603515625000e+02
cx: 4.7975000000000000e+02
cy: 2.6975000000000000e+02
