%YAML:1.0
TVector: !!opencv-matrix
   rows: 3
   cols: 1
   dt: f
   data: [ -5.19907847e-02, -9.86291021e-02, -1.99606583e-01 ]
RMatrix: !!opencv-matrix
   rows: 3
   cols: 3
   dt: f
   data: [ 7.83991814e-01, -5.97761214e-01, 1.67446509e-01,
       -2.78074414e-01, -9.70088467e-02, 9.55648422e-01, 5.55005670e-01,
       7.95783043e-01, 2.42276296e-01 ]
fx: 5.4068603515625000e+02
fy: 5.4068603515625000e+02
cx: 4.7975000000000000e+02
cy: 2.6975000000000000e+02
