%YAML:1.0
TVector: !!opencv-matrix
   rows: 3
   cols: 1
   dt: f
   data: [ -5.78301102e-02, -1.00910544e-01, -1.99585542e-01 ]
RMatrix: !!opencv-matrix
   rows: 3
   cols: 3
   dt: f
   data: [ 7.78194427e-01, -6.06149077e-01, 1.64306849e-01,
       -2.73808509e-01, -9.20126438e-02, 9.57372665e-01, 5.65192282e-01,
       7.90010691e-01, 2.37572506e-01 ]
fx: 5.4068603515625000e+02
fy: 5.4068603515625000e+02
cx: 4.7975000000000000e+02
cy: 2.6975000000000000e+02
