%YAML:1.0
TVector: !!opencv-matrix
   rows: 3
   cols: 1
   dt: f
   data: [ -5.33290878e-02, -1.03524566e-01, -1.98462188e-01 ]
RMatrix: !!opencv-matrix
   rows: 3
   cols: 3
   dt: f
   data: [ 7.70870090e-01, -6.15490973e-01, 1.64104223e-01,
       -2.71499157e-01, -8.44189227e-02, 9.58729148e-01, 5.76235652e-01,
       7.83609748e-01, 2.32181266e-01 ]
fx: 5.4068603515625000e+02
fy: 5.4068603515625000e+02
cx: 4.7975000000000000e+02
cy: 2.6975000000000000e+02
