%YAML:1.0
TVector: !!opencv-matrix
   rows: 3
   cols: 1
   dt: f
   data: [ -5.40108383e-02, -9.93199497e-02, -1.96045324e-01 ]
RMatrix: !!opencv-matrix
   rows: 3
   cols: 3
   dt: f
   data: [ 7.67502606e-01, -6.20508254e-01, 1.60963237e-01,
       -2.67836601e-01, -8.22703168e-02, 9.59945321e-01, 5.82411408e-01,
       7.79872417e-01, 2.29337469e-01 ]
fx: 5.4068603515625000e+02
fy: 5.4068603515625000e+02
cx: 4.7975000000000000e+02
cy: 2.6975000000000000e+02
