%YAML:1.0
TVector: !!opencv-matrix
   rows: 3
   cols: 1
   dt: f
   data: [ -5.94516434e-02, -1.00360170e-01, -1.98296472e-01 ]
RMatrix: !!opencv-matrix
   rows: 3
   cols: 3
   dt: f
   data: [ 7.56456912e-01, -6.35664821e-01, 1.53957397e-01,
       -2.67444044e-01, -8.58159810e-02, 9.59744215e-01, 5.96863747e-01,
       7.67180383e-01, 2.34920919e-01 ]
fx: 5.4068603515625000e+02
fy: 5.4068603515625000e+02
cx: 4.7975000000000000e+02
cy: 2.6975000000000000e+02
