%YAML:1.0
TVector: !!opencv-matrix
   rows: 3
   cols: 1
   dt: f
   data: [ -6.19425289e-02, -9.90375280e-02, -2.02903569e-01 ]
RMatrix: !!opencv-matrix
   rows: 3
   cols: 3
   dt: f
   data: [ 7.54304171e-01, -6.38319194e-01, 1.53538331e-01,
       -2.68120438e-01, -8.60365629e-02, 9.59535956e-01, 5.99280357e-01,
       7.64948785e-01, 2.36044168e-01 ]
fx: 5.4068603515625000e+02
fy: 5.4068603515625000e+02
cx: 4.7975000000000000e+02
cy: 2.6975000000000000e+02
