%YAML:1.0
TVector: !!opencv-matrix
   rows: 3
   cols: 1
   dt: f
   data: [ -5.16740158e-02, -9.67431664e-02, -1.87014446e-01 ]
RMatrix: !!opencv-matrix
   rows: 3
   cols: 3
   dt: f
   data: [ 7.50263214e-01, -6.43096745e-01, 1.53398529e-01,
       -2.69214004e-01, -8.52535143e-02, 9.59299386e-01, 6.03844762e-01,
       7.61024296e-01, 2.37093329e-01 ]
fx: 5.4068603515625000e+02
fy: 5.4068603515625000e+02
cx: 4.7975000000000000e+02
cy: 2.6975000000000000e+02
