%YAML:1.0
TVector: !!opencv-matrix
   rows: 3
   cols: 1
   dt: f
   data: [ -4.85488884e-02, -1.00408323e-01, -1.87118530e-01 ]
RMatrix: !!opencv-matrix
   rows: 3
   cols: 3
   dt: f
   data: [ 7.47123897e-01, -6.47016168e-01, 1.52237862e-01,
       -2.67392695e-01, -8.28798115e-02, 9.60016966e-01, 6.08528912e-01,
       7.57958710e-01, 2.34928772e-01 ]
fx: 5.4068603515625000e+02
fy: 5.4068603515625000e+02
cx: 4.7975000000000000e+02
cy: 2.6975000000000000e+02
