%YAML:1.0
TVector: !!opencv-matrix
   rows: 3
   cols: 1
   dt: f
   data: [ -5.57495058e-02, -1.01503991e-01, -1.86037496e-01 ]
RMatrix: !!opencv-matrix
   rows: 3
   cols: 3
   dt: f
   data: [ 7.42268384e-01, -6.53004229e-01, 1.50409594e-01,
       -2.64695525e-01, -7.95160085e-02, 9.61048126e-01, 6.15608573e-01,
       7.53168523e-01, 2.31869578e-01 ]
fx: 5.4068603515625000e+02
fy: 5.4068603515625000e+02
cx: 4.7975000000000000e+02
cy: 2.6975000000000000e+02
