%YAML:1.0
TVector: !!opencv-matrix
   rows: 3
   cols: 1
   dt: f
   data: [ -6.12820648e-02, -9.31711942e-02, -1.99332938e-01 ]
RMatrix: !!opencv-matrix
   rows: 3
   cols: 3
   dt: f
   data: [ 7.39778936e-01, -6.55945063e-01, 1.49877369e-01,
       -2.65006483e-01, -7.93008208e-02, 9.60980177e-01, 6.18464887e-01,
       7.50631273e-01, 2.32494757e-01 ]
fx: 5.4068603515625000e+02
fy: 5.4068603515625000e+02
cx: 4.7975000000000000e+02
cy: 2.6975000000000000e+02
