%YAML:1.0
TVector: !!opencv-matrix
   rows: 3
   cols: 1
   dt: f
   data: [ 2.70395949e-02, 3.57896462e-02, -9.88296345e-02 ]
RMatrix: !!opencv-matrix
   rows: 3
   cols: 3
   dt: f
   data: [ 9.97325107e-02, -9.94912028e-01, 1.42612252e-02,
       3.36881369e-01, 4.72491235e-02, 9.40360785e-01, 9.36250031e-01,
       8.89801905e-02, -3.39879602e-01 ]
fx: 5.4068603515625000e+02
fy: 5.4068603515625000e+02
cx: 4.7975000000000000e+02
cy: 2.6975000000000000e+02
