%YAML:1.0
TVector: !!opencv-matrix
   rows: 3
   cols: 1
   dt: f
   data: [ -6.14390709e-02, -9.82439741e-02, -1.92357987e-01 ]
RMatrix: !!opencv-matrix
   rows: 3
   cols: 3
   dt: f
   data: [ 7.34700859e-01, -6.62308753e-01, 1.46839634e-01,
       -2.61420280e-01, -7.66716152e-02, 9.62175250e-01, 6.25998616e-01,
       7.45297790e-01, 2.29471624e-01 ]
fx: 5.4068603515625000e+02
fy: 5.4068603515625000e+02
cx: 4.7975000000000000e+02
cy: 2.6975000000000000e+02
