%YAML:1.0
TVector: !!opencv-matrix
   rows: 3
   cols: 1
   dt: f
   data: [ -6.57424107e-02, -9.70685259e-02, -1.91632941e-01 ]
RMatrix: !!opencv-matrix
   rows: 3
   cols: 3
   dt: f
   data: [ 7.32557714e-01, -6.64813757e-01, 1.46223933e-01,
       -2.61076272e-01, -7.60200471e-02, 9.62319970e-01, 6.28647745e-01,
       7.43130624e-01, 2.29256243e-01 ]
fx: 5.4068603515625000e+02
fy: 5.4068603515625000e+02
cx: 4.7975000000000000e+02
cy: 2.6975000000000000e+02
