%YAML:1.0
TVector: !!opencv-matrix
   rows: 3
   cols: 1
   dt: f
   data: [ -5.58084734e-02, -1.00690879e-01, -1.83444723e-01 ]
RMatrix: !!opencv-matrix
   rows: 3
   cols: 3
   dt: f
   data: [ 7.19425499e-01, -6.79396987e-01, 1.44384176e-01,
       -2.61823356e-01, -7.27279708e-02, 9.62371647e-01, 6.43331528e-01,
       7.30157793e-01, 2.30204359e-01 ]
fx: 5.4068603515625000e+02
fy: 5.4068603515625000e+02
cx: 4.7975000000000000e+02
cy: 2.6975000000000000e+02
