%YAML:1.0
TVector: !!opencv-matrix
   rows: 3
   cols: 1
   dt: f
   data: [ -4.90882993e-02, -1.04700364e-01, -1.75995052e-01 ]
RMatrix: !!opencv-matrix
   rows: 3
   cols: 3
   dt: f
   data: [ 7.15424538e-01, -6.83396518e-01, 1.45386666e-01,
       -2.61329412e-01, -6.87499344e-02, 9.62798238e-01, 6.47977591e-01,
       7.26803303e-01, 2.27776974e-01 ]
fx: 5.4068603515625000e+02
fy: 5.4068603515625000e+02
cx: 4.7975000000000000e+02
cy: 2.6975000000000000e+02
