%YAML:1.0
TVector: !!opencv-matrix
   rows: 3
   cols: 1
   dt: f
   data: [ -5.22321612e-02, -9.88343805e-02, -1.74647644e-01 ]
RMatrix: !!opencv-matrix
   rows: 3
   cols: 3
   dt: f
   data: [ 7.12414980e-01, -6.86415076e-01, 1.45942390e-01,
       -2.61831999e-01, -6.70473948e-02, 9.62781727e-01, 6.51082814e-01,
       7.24112630e-01, 2.27490976e-01 ]
fx: 5.4068603515625000e+02
fy: 5.4068603515625000e+02
cx: 4.7975000000000000e+02
cy: 2.6975000000000000e+02
