%YAML:1.0
TVector: !!opencv-matrix
   rows: 3
   cols: 1
   dt: f
   data: [ -6.07915483e-02, -1.05243593e-01, -1.79986775e-01 ]
RMatrix: !!opencv-matrix
   rows: 3
   cols: 3
   dt: f
   data: [ 7.11312354e-01, -6.88119352e-01, 1.43271342e-01,
       -2.58394063e-01, -6.64431676e-02, 9.63752031e-01, 6.53657019e-01,
       7.22548902e-01, 2.25067779e-01 ]
fx: 5.4068603515625000e+02
fy: 5.4068603515625000e+02
cx: 4.7975000000000000e+02
cy: 2.6975000000000000e+02
