%YAML:1.0
TVector: !!opencv-matrix
   rows: 3
   cols: 1
   dt: f
   data: [ -5.95496148e-02, -1.03438042e-01, -1.80818856e-01 ]
RMatrix: !!opencv-matrix
   rows: 3
   cols: 3
   dt: f
   data: [ 7.06806123e-01, -6.93222106e-01, 1.40955880e-01,
       -2.58604795e-01, -6.77381083e-02, 9.63605285e-01, 6.58444345e-01,
       7.17533886e-01, 2.27148250e-01 ]
fx: 5.4068603515625000e+02
fy: 5.4068603515625000e+02
cx: 4.7975000000000000e+02
cy: 2.6975000000000000e+02
