%YAML:1.0
TVector: !!opencv-matrix
   rows: 3
   cols: 1
   dt: f
   data: [ -5.83705381e-02, -1.01856805e-01, -1.76242843e-01 ]
RMatrix: !!opencv-matrix
   rows: 3
   cols: 3
   dt: f
   data: [ 7.02656746e-01, -6.97704017e-01, 1.39579996e-01,
       -2.56409407e-01, -6.53034449e-02, 9.64359701e-01, 6.63722634e-01,
       7.13403583e-01, 2.24783778e-01 ]
fx: 5.4068603515625000e+02
fy: 5.4068603515625000e+02
cx: 4.7975000000000000e+02
cy: 2.6975000000000000e+02
