%YAML:1.0
TVector: !!opencv-matrix
   rows: 3
   cols: 1
   dt: f
   data: [ -5.91275021e-02, -9.93382037e-02, -1.77773014e-01 ]
RMatrix: !!opencv-matrix
   rows: 3
   cols: 3
   dt: f
   data: [ 6.99950755e-01, -7.00428963e-01, 1.39528021e-01,
       -2.57296234e-01, -6.50603175e-02, 9.64139938e-01, 6.66233897e-01,
       7.10750580e-01, 2.25756750e-01 ]
fx: 5.4068603515625000e+02
fy: 5.4068603515625000e+02
cx: 4.7975000000000000e+02
cy: 2.6975000000000000e+02
