%YAML:1.0
TVector: !!opencv-matrix
   rows: 3
   cols: 1
   dt: f
   data: [ -5.73136993e-02, -1.02904208e-01, -1.73096746e-01 ]
RMatrix: !!opencv-matrix
   rows: 3
   cols: 3
   dt: f
   data: [ 6.96286678e-01, -7.04152584e-01, 1.39119372e-01,
       -2.57761180e-01, -6.44127354e-02, 9.64059293e-01, 6.69883788e-01,
       7.07121193e-01, 2.26352930e-01 ]
fx: 5.4068603515625000e+02
fy: 5.4068603515625000e+02
cx: 4.7975000000000000e+02
cy: 2.6975000000000000e+02
