%YAML:1.0
TVector: !!opencv-matrix
   rows: 3
   cols: 1
   dt: f
   data: [ -5.33619337e-02, -1.05553575e-01, -1.64549664e-01 ]
RMatrix: !!opencv-matrix
   rows: 3
   cols: 3
   dt: f
   data: [ 6.85519338e-01, -7.14761913e-01, 1.38486788e-01,
       -2.56349862e-01, -5.89324757e-02, 9.64785755e-01, 6.81430757e-01,
       6.96880341e-01, 2.23628432e-01 ]
fx: 5.4068603515625000e+02
fy: 5.4068603515625000e+02
cx: 4.7975000000000000e+02
cy: 2.6975000000000000e+02
