%YAML:1.0
TVector: !!opencv-matrix
   rows: 3
   cols: 1
   dt: f
   data: [ -5.71751706e-02, -1.05944894e-01, -1.65198967e-01 ]
RMatrix: !!opencv-matrix
   rows: 3
   cols: 3
   dt: f
   data: [ 6.79381132e-01, -7.20708668e-01, 1.37915075e-01,
       -2.52801806e-01, -5.34434356e-02, 9.66040969e-01, 6.88863337e-01,
       6.91175222e-01, 2.18504861e-01 ]
fx: 5.4068603515625000e+02
fy: 5.4068603515625000e+02
cx: 4.7975000000000000e+02
cy: 2.6975000000000000e+02
