%YAML:1.0
TVector: !!opencv-matrix
   rows: 3
   cols: 1
   dt: f
   data: [ -5.42663932e-02, -1.04891554e-01, -1.59186631e-01 ]
RMatrix: !!opencv-matrix
   rows: 3
   cols: 3
   dt: f
   data: [ 6.71298862e-01, -7.28248000e-01, 1.37886003e-01,
       -2.53907055e-01, -5.11735678e-02, 9.65874016e-01, 6.96339726e-01,
       6.83400333e-01, 2.19260111e-01 ]
fx: 5.4068603515625000e+02
fy: 5.4068603515625000e+02
cx: 4.7975000000000000e+02
cy: 2.6975000000000000e+02
