%YAML:1.0
TVector: !!opencv-matrix
   rows: 3
   cols: 1
   dt: f
   data: [ -5.64057603e-02, -1.03578568e-01, -1.61043033e-01 ]
RMatrix: !!opencv-matrix
   rows: 3
   cols: 3
   dt: f
   data: [ 6.67374909e-01, -7.31692851e-01, 1.38694227e-01,
       -2.54598618e-01, -4.91494127e-02, 9.65796828e-01, 6.99849963e-01,
       6.79860115e-01, 2.19089076e-01 ]
fx: 5.4068603515625000e+02
fy: 5.4068603515625000e+02
cx: 4.7975000000000000e+02
cy: 2.6975000000000000e+02
