%YAML:1.0
TVector: !!opencv-matrix
   rows: 3
   cols: 1
   dt: f
   data: [ -5.27664833e-02, -1.09263368e-01, -1.48817882e-01 ]
RMatrix: !!opencv-matrix
   rows: 3
   cols: 3
   dt: f
   data: [ 6.54465199e-01, -7.43397415e-01, 1.37970060e-01,
       -2.53144950e-01, -4.34939973e-02, 9.66450334e-01, 7.12455750e-01,
       6.67434335e-01, 2.16652617e-01 ]
fx: 5.4068603515625000e+02
fy: 5.4068603515625000e+02
cx: 4.7975000000000000e+02
cy: 2.6975000000000000e+02
