%YAML:1.0
TVector: !!opencv-matrix
   rows: 3
   cols: 1
   dt: f
   data: [ -5.68582565e-02, -1.05495617e-01, -1.57896951e-01 ]
RMatrix: !!opencv-matrix
   rows: 3
   cols: 3
   dt: f
   data: [ 6.46831572e-01, -7.50030518e-01, 1.38068706e-01,
       -2.53407687e-01, -4.06221524e-02, 9.66506362e-01, 7.19300628e-01,
       6.60154521e-01, 2.16339245e-01 ]
fx: 5.4068603515625000e+02
fy: 5.4068603515625000e+02
cx: 4.7975000000000000e+02
cy: 2.6975000000000000e+02
