%YAML:1.0
TVector: !!opencv-matrix
   rows: 3
   cols: 1
   dt: f
   data: [ -4.78771776e-02, -1.15202762e-01, -1.42683104e-01 ]
RMatrix: !!opencv-matrix
   rows: 3
   cols: 3
   dt: f
   data: [ 6.40606821e-01, -7.55885005e-01, 1.35130838e-01,
       -2.50536114e-01, -3.94006968e-02, 9.67305005e-01, 7.25847363e-01,
       6.53517425e-01, 2.14616910e-01 ]
fx: 5.4068603515625000e+02
fy: 5.4068603515625000e+02
cx: 4.7975000000000000e+02
cy: 2.6975000000000000e+02
