%YAML:1.0
TVector: !!opencv-matrix
   rows: 3
   cols: 1
   dt: f
   data: [ -5.75957522e-02, -1.09382115e-01, -1.50018185e-01 ]
RMatrix: !!opencv-matrix
   rows: 3
   cols: 3
   dt: f
   data: [ 6.34149492e-01, -7.61499703e-01, 1.34062141e-01,
       -2.48675913e-01, -3.66908424e-02, 9.67891514e-01, 7.32130229e-01,
       6.47125959e-01, 2.12634087e-01 ]
fx: 5.4068603515625000e+02
fy: 5.4068603515625000e+02
cx: 4.7975000000000000e+02
cy: 2.6975000000000000e+02
