%YAML:1.0
TVector: !!opencv-matrix
   rows: 3
   cols: 1
   dt: f
   data: [ -3.96840833e-02, -1.12105325e-01, -1.35200799e-01 ]
RMatrix: !!opencv-matrix
   rows: 3
   cols: 3
   dt: f
   data: [ 6.25173211e-01, -7.68993676e-01, 1.33443967e-01,
       -2.45761693e-01, -3.16796191e-02, 9.68812466e-01, 7.40783155e-01,
       6.38470948e-01, 2.08794400e-01 ]
fx: 5.4068603515625000e+02
fy: 5.4068603515625000e+02
cx: 4.7975000000000000e+02
cy: 2.6975000000000000e+02
