%YAML:1.0
TVector: !!opencv-matrix
   rows: 3
   cols: 1
   dt: f
   data: [ -4.68492433e-02, -1.12808444e-01, -1.32260010e-01 ]
RMatrix: !!opencv-matrix
   rows: 3
   cols: 3
   dt: f
   data: [ 6.13347232e-01, -7.78263092e-01, 1.34579569e-01,
       -2.37434968e-01, -1.91767029e-02, 9.71214056e-01, 7.53279269e-01,
       6.27645373e-01, 1.96548849e-01 ]
fx: 5.4068603515625000e+02
fy: 5.4068603515625000e+02
cx: 4.7975000000000000e+02
cy: 2.6975000000000000e+02
