%YAML:1.0
TVector: !!opencv-matrix
   rows: 3
   cols: 1
   dt: f
   data: [ -3.30902189e-02, -1.24257535e-01, -1.18874073e-01 ]
RMatrix: !!opencv-matrix
   rows: 3
   cols: 3
   dt: f
   data: [ 5.98406196e-01, -7.90362060e-01, 1.31293356e-01,
       -2.35621303e-01, -1.69795044e-02, 9.71696496e-01, 7.65762746e-01,
       6.12404764e-01, 1.96386740e-01 ]
fx: 5.4068603515625000e+02
fy: 5.4068603515625000e+02
cx: 4.7975000000000000e+02
cy: 2.6975000000000000e+02
