%YAML:1.0
TVector: !!opencv-matrix
   rows: 3
   cols: 1
   dt: f
   data: [ -4.95303981e-02, -1.18077867e-01, -1.30184218e-01 ]
RMatrix: !!opencv-matrix
   rows: 3
   cols: 3
   dt: f
   data: [ 5.96600056e-01, -7.91348875e-01, 1.33548230e-01,
       -2.37804651e-01, -1.53831150e-02, 9.71191227e-01, 7.66496599e-01,
       6.11171305e-01, 1.97364002e-01 ]
fx: 5.4068603515625000e+02
fy: 5.4068603515625000e+02
cx: 4.7975000000000000e+02
cy: 2.6975000000000000e+02
