%YAML:1.0
TVector: !!opencv-matrix
   rows: 3
   cols: 1
   dt: f
   data: [ 2.85149068e-02, 3.54637094e-02, -1.08499013e-01 ]
RMatrix: !!opencv-matrix
   rows: 3
   cols: 3
   dt: f
   data: [ 1.12774163e-01, -9.93530869e-01, 1.33624915e-02,
       3.51407826e-01, 5.24597056e-02, 9.34751511e-01, 9.29405391e-01,
       1.00720137e-01, -3.55050564e-01 ]
fx: 5.4068603515625000e+02
fy: 5.4068603515625000e+02
cx: 4.7975000000000000e+02
cy: 2.6975000000000000e+02
