%YAML:1.0
TVector: !!opencv-matrix
   rows: 3
   cols: 1
   dt: f
   data: [ -3.87356952e-02, -1.30675286e-01, -1.05027832e-01 ]
RMatrix: !!opencv-matrix
   rows: 3
   cols: 3
   dt: f
   data: [ 5.85215986e-01, -7.99632668e-01, 1.34572595e-01,
       -2.36403376e-01, -9.49825160e-03, 9.71608520e-01, 7.75651693e-01,
       6.00414276e-01, 1.94594383e-01 ]
fx: 5.4068603515625000e+02
fy: 5.4068603515625000e+02
cx: 4.7975000000000000e+02
cy: 2.6975000000000000e+02
