%YAML:1.0
TVector: !!opencv-matrix
   rows: 3
   cols: 1
   dt: f
   data: [ -4.75241765e-02, -1.18974671e-01, -1.03431441e-01 ]
RMatrix: !!opencv-matrix
   rows: 3
   cols: 3
   dt: f
   data: [ 5.78753412e-01, -8.03967297e-01, 1.36679173e-01,
       -2.36878127e-01, -5.35698980e-03, 9.71524596e-01, 7.80341804e-01,
       5.94649374e-01, 1.93542659e-01 ]
fx: 5.4068603515625000e+02
fy: 5.4068603515625000e+02
cx: 4.7975000000000000e+02
cy: 2.6975000000000000e+02
