%YAML:1.0
TVector: !!opencv-matrix
   rows: 3
   cols: 1
   dt: f
   data: [ -2.56951377e-02, -1.27762914e-01, -7.16061965e-02 ]
RMatrix: !!opencv-matrix
   rows: 3
   cols: 3
   dt: f
   data: [ 5.61123192e-01, -8.16480160e-01, 1.36017531e-01,
       -2.26462245e-01, 6.62298407e-03, 9.73997355e-01, 7.96150446e-01,
       5.77335358e-01, 1.81185618e-01 ]
fx: 5.4068603515625000e+02
fy: 5.4068603515625000e+02
cx: 4.7975000000000000e+02
cy: 2.6975000000000000e+02
