%YAML:1.0
TVector: !!opencv-matrix
   rows: 3
   cols: 1
   dt: f
   data: [ 2.77214292e-02, 3.49856503e-02, -1.11475661e-01 ]
RMatrix: !!opencv-matrix
   rows: 3
   cols: 3
   dt: f
   data: [ 1.15720019e-01, -9.93194938e-01, 1.31355301e-02,
       3.54298323e-01, 5.36276028e-02, 9.33593571e-01, 9.27944779e-01,
       1.03381552e-01, -3.58093113e-01 ]
fx: 5.4068603515625000e+02
fy: 5.4068603515625000e+02
cx: 4.7975000000000000e+02
cy: 2.6975000000000000e+02
