%YAML:1.0
TVector: !!opencv-matrix
   rows: 3
   cols: 1
   dt: f
   data: [ -3.36171687e-02, -1.20490022e-01, -7.06548765e-02 ]
RMatrix: !!opencv-matrix
   rows: 3
   cols: 3
   dt: f
   data: [ 5.48907042e-01, -8.25730622e-01, 1.29883111e-01,
       -2.20603630e-01, 6.76890789e-03, 9.75339770e-01, 8.06247175e-01,
       5.64023793e-01, 1.78443760e-01 ]
fx: 5.4068603515625000e+02
fy: 5.4068603515625000e+02
cx: 4.7975000000000000e+02
cy: 2.6975000000000000e+02
