%YAML:1.0
TVector: !!opencv-matrix
   rows: 3
   cols: 1
   dt: f
   data: [ -2.51280945e-02, -1.26321316e-01, -5.67931384e-02 ]
RMatrix: !!opencv-matrix
   rows: 3
   cols: 3
   dt: f
   data: [ 5.33300161e-01, -8.36161673e-01, 1.28157482e-01,
       -2.08637759e-01, 1.68054197e-02, 9.77848411e-01, 8.19793224e-01,
       5.48225403e-01, 1.65492609e-01 ]
fx: 5.4068603515625000e+02
fy: 5.4068603515625000e+02
cx: 4.7975000000000000e+02
cy: 2.6975000000000000e+02
