%YAML:1.0
TVector: !!opencv-matrix
   rows: 3
   cols: 1
   dt: f
   data: [ -5.09150289e-02, -1.25521258e-01, -7.94232637e-02 ]
RMatrix: !!opencv-matrix
   rows: 3
   cols: 3
   dt: f
   data: [ 5.33101320e-01, -8.36164594e-01, 1.28965199e-01,
       -2.02439949e-01, 2.19361708e-02, 9.79049206e-01, 8.21475208e-01,
       5.48039913e-01, 1.57578915e-01 ]
fx: 5.4068603515625000e+02
fy: 5.4068603515625000e+02
cx: 4.7975000000000000e+02
cy: 2.6975000000000000e+02
