%YAML:1.0
TVector: !!opencv-matrix
   rows: 3
   cols: 1
   dt: f
   data: [ -4.26735952e-02, -1.24617085e-01, -6.21495508e-02 ]
RMatrix: !!opencv-matrix
   rows: 3
   cols: 3
   dt: f
   data: [ 5.31147540e-01, -8.37777853e-01, 1.26533180e-01,
       -1.95946589e-01, 2.38333549e-02, 9.80324984e-01, 8.24310184e-01,
       5.45490861e-01, 1.51500672e-01 ]
fx: 5.4068603515625000e+02
fy: 5.4068603515625000e+02
cx: 4.7975000000000000e+02
cy: 2.6975000000000000e+02
