%YAML:1.0
TVector: !!opencv-matrix
   rows: 3
   cols: 1
   dt: f
   data: [ -6.40368015e-02, -1.16090231e-01, -5.96625544e-02 ]
RMatrix: !!opencv-matrix
   rows: 3
   cols: 3
   dt: f
   data: [ 5.33752024e-01, -8.37937295e-01, 1.13885321e-01,
       -1.85813472e-01, 1.51686035e-02, 9.82467890e-01, 8.24973941e-01,
       5.45555651e-01, 1.47603780e-01 ]
fx: 5.4068603515625000e+02
fy: 5.4068603515625000e+02
cx: 4.7975000000000000e+02
cy: 2.6975000000000000e+02
