%YAML:1.0
TVector: !!opencv-matrix
   rows: 3
   cols: 1
   dt: f
   data: [ -4.55175266e-02, -1.21781863e-01, -4.51020822e-02 ]
RMatrix: !!opencv-matrix
   rows: 3
   cols: 3
   dt: f
   data: [ 5.28735936e-01, -8.41670573e-01, 1.09674647e-01,
       -1.81149304e-01, 1.43387849e-02, 9.83350933e-01, 8.29230309e-01,
       5.39800465e-01, 1.44886628e-01 ]
fx: 5.4068603515625000e+02
fy: 5.4068603515625000e+02
cx: 4.7975000000000000e+02
cy: 2.6975000000000000e+02
