%YAML:1.0
TVector: !!opencv-matrix
   rows: 3
   cols: 1
   dt: f
   data: [ -5.81448004e-02, -1.10405885e-01, -4.67021950e-02 ]
RMatrix: !!opencv-matrix
   rows: 3
   cols: 3
   dt: f
   data: [ 5.31126618e-01, -8.40507865e-01, 1.07011013e-01,
       -1.76436961e-01, 1.38148554e-02, 9.84215140e-01, 8.28718722e-01,
       5.41623354e-01, 1.40959203e-01 ]
fx: 5.4068603515625000e+02
fy: 5.4068603515625000e+02
cx: 4.7975000000000000e+02
cy: 2.6975000000000000e+02
