%YAML:1.0
TVector: !!opencv-matrix
   rows: 3
   cols: 1
   dt: f
   data: [ -7.55343661e-02, -1.15750022e-01, -5.49821667e-02 ]
RMatrix: !!opencv-matrix
   rows: 3
   cols: 3
   dt: f
   data: [ 5.34898400e-01, -8.39458048e-01, 9.58840996e-02,
       -1.61680639e-01, 9.69112571e-03, 9.86795545e-01, 8.29302788e-01,
       5.43337941e-01, 1.30540371e-01 ]
fx: 5.4068603515625000e+02
fy: 5.4068603515625000e+02
cx: 4.7975000000000000e+02
cy: 2.6975000000000000e+02
