%YAML:1.0
TVector: !!opencv-matrix
   rows: 3
   cols: 1
   dt: f
   data: [ 2.94330232e-02, 3.62006873e-02, -1.13980964e-01 ]
RMatrix: !!opencv-matrix
   rows: 3
   cols: 3
   dt: f
   data: [ 1.20407879e-01, -9.92635489e-01, 1.32892933e-02,
       3.58915091e-01, 5.60101606e-02, 9.31688130e-01, 9.25571084e-01,
       1.07412867e-01, -3.63015920e-01 ]
fx: 5.4068603515625000e+02
fy: 5.4068603515625000e+02
cx: 4.7975000000000000e+02
cy: 2.6975000000000000e+02
