%YAML:1.0
TVector: !!opencv-matrix
   rows: 3
   cols: 1
   dt: f
   data: [ -7.24404380e-02, -1.09348401e-01, -5.36694936e-02 ]
RMatrix: !!opencv-matrix
   rows: 3
   cols: 3
   dt: f
   data: [ 5.34930944e-01, -8.40153933e-01, 8.93880725e-02,
       -1.62076324e-01, 1.79302669e-03, 9.86776590e-01, 8.29204440e-01,
       5.42344928e-01, 1.35209918e-01 ]
fx: 5.4068603515625000e+02
fy: 5.4068603515625000e+02
cx: 4.7975000000000000e+02
cy: 2.6975000000000000e+02
