%YAML:1.0
TVector: !!opencv-matrix
   rows: 3
   cols: 1
   dt: f
   data: [ -7.35761523e-02, -1.11310177e-01, -6.07308149e-02 ]
RMatrix: !!opencv-matrix
   rows: 3
   cols: 3
   dt: f
   data: [ 5.34673095e-01, -8.40979755e-01, 8.29328075e-02,
       -1.58305854e-01, -3.27630341e-03, 9.87384677e-01, 8.30098629e-01,
       5.41056752e-01, 1.34883776e-01 ]
fx: 5.4068603515625000e+02
fy: 5.4068603515625000e+02
cx: 4.7975000000000000e+02
cy: 2.6975000000000000e+02
