%YAML:1.0
TVector: !!opencv-matrix
   rows: 3
   cols: 1
   dt: f
   data: [ -8.29522908e-02, -1.05298601e-01, -7.85769597e-02 ]
RMatrix: !!opencv-matrix
   rows: 3
   cols: 3
   dt: f
   data: [ 5.38859129e-01, -8.38678062e-01, 7.90576264e-02,
       -1.62061781e-01, -1.11137442e-02, 9.86718118e-01, 8.26660216e-01,
       5.44514179e-01, 1.41906381e-01 ]
fx: 5.4068603515625000e+02
fy: 5.4068603515625000e+02
cx: 4.7975000000000000e+02
cy: 2.6975000000000000e+02
