%YAML:1.0
TVector: !!opencv-matrix
   rows: 3
   cols: 1
   dt: f
   data: [ -8.95972848e-02, -1.11407325e-01, -6.65178001e-02 ]
RMatrix: !!opencv-matrix
   rows: 3
   cols: 3
   dt: f
   data: [ 5.45882702e-01, -8.34419370e-01, 7.58709460e-02,
       -1.64913833e-01, -1.82213634e-02, 9.86139596e-01, 8.21471632e-01,
       5.50828755e-01, 1.47554040e-01 ]
fx: 5.4068603515625000e+02
fy: 5.4068603515625000e+02
cx: 4.7975000000000000e+02
cy: 2.6975000000000000e+02
