%YAML:1.0
TVector: !!opencv-matrix
   rows: 3
   cols: 1
   dt: f
   data: [ -8.16117898e-02, -1.13682061e-01, -6.23123981e-02 ]
RMatrix: !!opencv-matrix
   rows: 3
   cols: 3
   dt: f
   data: [ 5.47904670e-01, -8.33490372e-01, 7.13721737e-02,
       -1.64445922e-01, -2.36600768e-02, 9.86102223e-01, 8.20218086e-01,
       5.52027106e-01, 1.50027588e-01 ]
fx: 5.4068603515625000e+02
fy: 5.4068603515625000e+02
cx: 4.7975000000000000e+02
cy: 2.6975000000000000e+02
