%YAML:1.0
TVector: !!opencv-matrix
   rows: 3
   cols: 1
   dt: f
   data: [ -7.97806457e-02, -9.83543396e-02, -4.47615832e-02 ]
RMatrix: !!opencv-matrix
   rows: 3
   cols: 3
   dt: f
   data: [ 5.44627845e-01, -8.35971713e-01, 6.73184246e-02,
       -1.67524412e-01, -2.97876932e-02, 9.85417724e-01, 8.21776152e-01,
       5.47963381e-01, 1.56268895e-01 ]
fx: 5.4068603515625000e+02
fy: 5.4068603515625000e+02
cx: 4.7975000000000000e+02
cy: 2.6975000000000000e+02
