%YAML:1.0
TVector: !!opencv-matrix
   rows: 3
   cols: 1
   dt: f
   data: [ -9.03284401e-02, -8.65142345e-02, -4.62085791e-02 ]
RMatrix: !!opencv-matrix
   rows: 3
   cols: 3
   dt: f
   data: [ 5.31837761e-01, -8.45014572e-01, 5.56691065e-02,
       -1.70486763e-01, -4.24467251e-02, 9.84445214e-01, 8.29507709e-01,
       5.33055961e-01, 1.66638568e-01 ]
fx: 5.4068603515625000e+02
fy: 5.4068603515625000e+02
cx: 4.7975000000000000e+02
cy: 2.6975000000000000e+02
