%YAML:1.0
TVector: !!opencv-matrix
   rows: 3
   cols: 1
   dt: f
   data: [ -1.13813989e-01, -8.02876577e-02, -4.39151004e-02 ]
RMatrix: !!opencv-matrix
   rows: 3
   cols: 3
   dt: f
   data: [ 5.25481164e-01, -8.49488616e-01, 4.73133661e-02,
       -1.74978390e-01, -5.34830280e-02, 9.83118594e-01, 8.32617521e-01,
       5.24889112e-01, 1.76746458e-01 ]
fx: 5.4068603515625000e+02
fy: 5.4068603515625000e+02
cx: 4.7975000000000000e+02
cy: 2.6975000000000000e+02
