%YAML:1.0
TVector: !!opencv-matrix
   rows: 3
   cols: 1
   dt: f
   data: [ -1.01800077e-01, -7.88610131e-02, -2.49866229e-02 ]
RMatrix: !!opencv-matrix
   rows: 3
   cols: 3
   dt: f
   data: [ 5.17210424e-01, -8.54423404e-01, 4.95332479e-02,
       -1.74281806e-01, -4.84822392e-02, 9.83501434e-01, 8.37925375e-01,
       5.17310083e-01, 1.73986048e-01 ]
fx: 5.4068603515625000e+02
fy: 5.4068603515625000e+02
cx: 4.7975000000000000e+02
cy: 2.6975000000000000e+02
