%YAML:1.0
TVector: !!opencv-matrix
   rows: 3
   cols: 1
   dt: f
   data: [ -9.98292193e-02, -7.67306015e-02, -3.27653214e-02 ]
RMatrix: !!opencv-matrix
   rows: 3
   cols: 3
   dt: f
   data: [ 5.10001063e-01, -8.58503759e-01, 5.35760820e-02,
       -1.71993151e-01, -4.07501496e-02, 9.84255016e-01, 8.42803359e-01,
       5.11185765e-01, 1.68439373e-01 ]
fx: 5.4068603515625000e+02
fy: 5.4068603515625000e+02
cx: 4.7975000000000000e+02
cy: 2.6975000000000000e+02
