%YAML:1.0
TVector: !!opencv-matrix
   rows: 3
   cols: 1
   dt: f
   data: [ -1.09573133e-01, -7.39096850e-02, -2.37439480e-02 ]
RMatrix: !!opencv-matrix
   rows: 3
   cols: 3
   dt: f
   data: [ 4.89958584e-01, -8.70370150e-01, 4.89533767e-02,
       -1.74671128e-01, -4.30009961e-02, 9.83687401e-01, 8.54067087e-01,
       4.90516782e-01, 1.73097223e-01 ]
fx: 5.4068603515625000e+02
fy: 5.4068603515625000e+02
cx: 4.7975000000000000e+02
cy: 2.6975000000000000e+02
