%YAML:1.0
TVector: !!opencv-matrix
   rows: 3
   cols: 1
   dt: f
   data: [ 3.02032754e-02, 3.48155238e-02, -1.17083572e-01 ]
RMatrix: !!opencv-matrix
   rows: 3
   cols: 3
   dt: f
   data: [ 1.26119211e-01, -9.91941214e-01, 1.20972991e-02,
       3.68313789e-01, 5.81448823e-02, 9.27881539e-01, 9.21107411e-01,
       1.12568088e-01, -3.72678846e-01 ]
fx: 5.4068603515625000e+02
fy: 5.4068603515625000e+02
cx: 4.7975000000000000e+02
cy: 2.6975000000000000e+02
