%YAML:1.0
TVector: !!opencv-matrix
   rows: 3
   cols: 1
   dt: f
   data: [ -1.24326088e-01, -6.87533915e-02, -2.91992296e-02 ]
RMatrix: !!opencv-matrix
   rows: 3
   cols: 3
   dt: f
   data: [ 4.88456786e-01, -8.71203959e-01, 4.91273627e-02,
       -1.72277838e-01, -4.10920903e-02, 9.84190822e-01, 8.55412304e-01,
       4.89198297e-01, 1.70160890e-01 ]
fx: 5.4068603515625000e+02
fy: 5.4068603515625000e+02
cx: 4.7975000000000000e+02
cy: 2.6975000000000000e+02
