%YAML:1.0
TVector: !!opencv-matrix
   rows: 3
   cols: 1
   dt: f
   data: [ -1.28110886e-01, -7.99493864e-02, -2.32088473e-02 ]
RMatrix: !!opencv-matrix
   rows: 3
   cols: 3
   dt: f
   data: [ 4.79903728e-01, -8.76004219e-01, 4.80494089e-02,
       -1.64853290e-01, -3.62483747e-02, 9.85651731e-01, 8.61693442e-01,
       4.80939060e-01, 1.61807925e-01 ]
fx: 5.4068603515625000e+02
fy: 5.4068603515625000e+02
cx: 4.7975000000000000e+02
cy: 2.6975000000000000e+02
