%YAML:1.0
TVector: !!opencv-matrix
   rows: 3
   cols: 1
   dt: f
   data: [ -1.18472941e-01, -6.96281046e-02, -1.78755969e-02 ]
RMatrix: !!opencv-matrix
   rows: 3
   cols: 3
   dt: f
   data: [ 4.74892139e-01, -8.78826141e-01, 4.62837517e-02,
       -1.63510695e-01, -3.64352353e-02, 9.85868573e-01, 8.64720643e-01,
       4.75749195e-01, 1.61000311e-01 ]
fx: 5.4068603515625000e+02
fy: 5.4068603515625000e+02
cx: 4.7975000000000000e+02
cy: 2.6975000000000000e+02
