%YAML:1.0
TVector: !!opencv-matrix
   rows: 3
   cols: 1
   dt: f
   data: [ -1.33144960e-01, -7.09894374e-02, -3.09895687e-02 ]
RMatrix: !!opencv-matrix
   rows: 3
   cols: 3
   dt: f
   data: [ 4.75619495e-01, -8.78656209e-01, 4.18220833e-02,
       -1.59758776e-01, -3.95292081e-02, 9.86364245e-01, 8.65021944e-01,
       4.75815535e-01, 1.59173891e-01 ]
fx: 5.4068603515625000e+02
fy: 5.4068603515625000e+02
cx: 4.7975000000000000e+02
cy: 2.6975000000000000e+02
