%YAML:1.0
TVector: !!opencv-matrix
   rows: 3
   cols: 1
   dt: f
   data: [ -1.27474189e-01, -8.15152898e-02, -1.80173963e-02 ]
RMatrix: !!opencv-matrix
   rows: 3
   cols: 3
   dt: f
   data: [ 4.72861618e-01, -8.80347729e-01, 3.72755714e-02,
       -1.58117697e-01, -4.31605726e-02, 9.86476481e-01, 8.66833746e-01,
       4.72360820e-01, 1.59607559e-01 ]
fx: 5.4068603515625000e+02
fy: 5.4068603515625000e+02
cx: 4.7975000000000000e+02
cy: 2.6975000000000000e+02
