%YAML:1.0
TVector: !!opencv-matrix
   rows: 3
   cols: 1
   dt: f
   data: [ -1.21087998e-01, -7.88185373e-02, 2.04357039e-03 ]
RMatrix: !!opencv-matrix
   rows: 3
   cols: 3
   dt: f
   data: [ 4.71267998e-01, -8.81260514e-01, 3.58590744e-02,
       -1.54566109e-01, -4.24922220e-02, 9.87068057e-01, 8.68340552e-01,
       4.70716357e-01, 1.56238288e-01 ]
fx: 5.4068603515625000e+02
fy: 5.4068603515625000e+02
cx: 4.7975000000000000e+02
cy: 2.6975000000000000e+02
