%YAML:1.0
TVector: !!opencv-matrix
   rows: 3
   cols: 1
   dt: f
   data: [ -1.44855991e-01, -8.31645504e-02, -2.01720502e-02 ]
RMatrix: !!opencv-matrix
   rows: 3
   cols: 3
   dt: f
   data: [ 4.76993918e-01, -8.78220320e-01, 3.47188339e-02,
       -1.44709095e-01, -3.95110138e-02, 9.88684952e-01, 8.66911590e-01,
       4.76620913e-01, 1.45933017e-01 ]
fx: 5.4068603515625000e+02
fy: 5.4068603515625000e+02
cx: 4.7975000000000000e+02
cy: 2.6975000000000000e+02
