%YAML:1.0
TVector: !!opencv-matrix
   rows: 3
   cols: 1
   dt: f
   data: [ -1.37035981e-01, -7.54041225e-02, -1.00390045e-02 ]
RMatrix: !!opencv-matrix
   rows: 3
   cols: 3
   dt: f
   data: [ 4.73109275e-01, -8.80166233e-01, 3.84077877e-02,
       -1.48538679e-01, -3.67197841e-02, 9.88224685e-01, 8.68391633e-01,
       4.73243356e-01, 1.48111209e-01 ]
fx: 5.4068603515625000e+02
fy: 5.4068603515625000e+02
cx: 4.7975000000000000e+02
cy: 2.6975000000000000e+02
