%YAML:1.0
TVector: !!opencv-matrix
   rows: 3
   cols: 1
   dt: f
   data: [ -1.28861040e-01, -6.58617616e-02, 6.95384620e-03 ]
RMatrix: !!opencv-matrix
   rows: 3
   cols: 3
   dt: f
   data: [ 4.67467666e-01, -8.83019149e-01, 4.18441370e-02,
       -1.48640111e-01, -3.18527818e-02, 9.88378108e-01, 8.71424079e-01,
       4.68254566e-01, 1.46142229e-01 ]
fx: 5.4068603515625000e+02
fy: 5.4068603515625000e+02
cx: 4.7975000000000000e+02
cy: 2.6975000000000000e+02
