%YAML:1.0
TVector: !!opencv-matrix
   rows: 3
   cols: 1
   dt: f
   data: [ -1.23561002e-01, -7.22750202e-02, 8.45771469e-03 ]
RMatrix: !!opencv-matrix
   rows: 3
   cols: 3
   dt: f
   data: [ 4.60298032e-01, -8.86632264e-01, 4.48174290e-02,
       -1.38798341e-01, -2.20113117e-02, 9.90075886e-01, 8.76846910e-01,
       4.61950660e-01, 1.33194879e-01 ]
fx: 5.4068603515625000e+02
fy: 5.4068603515625000e+02
cx: 4.7975000000000000e+02
cy: 2.6975000000000000e+02
