%YAML:1.0
TVector: !!opencv-matrix
   rows: 3
   cols: 1
   dt: f
   data: [ -1.31034523e-01, -7.21269771e-02, 4.37800726e-03 ]
RMatrix: !!opencv-matrix
   rows: 3
   cols: 3
   dt: f
   data: [ 4.58217740e-01, -8.87760460e-01, 4.37901504e-02,
       -1.29185215e-01, -1.77736413e-02, 9.91461039e-01, 8.79401743e-01,
       4.59962159e-01, 1.22829743e-01 ]
fx: 5.4068603515625000e+02
fy: 5.4068603515625000e+02
cx: 4.7975000000000000e+02
cy: 2.6975000000000000e+02
