%YAML:1.0
TVector: !!opencv-matrix
   rows: 3
   cols: 1
   dt: f
   data: [ -1.39693365e-01, -7.33658522e-02, 2.36687753e-02 ]
RMatrix: !!opencv-matrix
   rows: 3
   cols: 3
   dt: f
   data: [ 4.68559921e-01, -8.83149147e-01, 2.23513748e-02,
       -9.08849612e-02, -2.30223071e-02, 9.95595336e-01, 8.78744423e-01,
       4.68527406e-01, 9.10522789e-02 ]
fx: 5.4068603515625000e+02
fy: 5.4068603515625000e+02
cx: 4.7975000000000000e+02
cy: 2.6975000000000000e+02
