%YAML:1.0
TVector: !!opencv-matrix
   rows: 3
   cols: 1
   dt: f
   data: [ -1.51533976e-01, -8.04156810e-02, -2.61371257e-03 ]
RMatrix: !!opencv-matrix
   rows: 3
   cols: 3
   dt: f
   data: [ 4.75434154e-01, -8.79614770e-01, 1.54911540e-02,
       -8.03266913e-02, -2.58683264e-02, 9.96432781e-01, 8.76076281e-01,
       4.74982589e-01, 8.29552487e-02 ]
fx: 5.4068603515625000e+02
fy: 5.4068603515625000e+02
cx: 4.7975000000000000e+02
cy: 2.6975000000000000e+02
