%YAML:1.0
TVector: !!opencv-matrix
   rows: 3
   cols: 1
   dt: f
   data: [ -1.45492628e-01, -7.91149512e-02, 1.67218372e-02 ]
RMatrix: !!opencv-matrix
   rows: 3
   cols: 3
   dt: f
   data: [ 4.81926024e-01, -8.76099348e-01, 1.40494853e-02,
       -8.17779079e-02, -2.90086009e-02, 9.96228337e-01, 8.72387469e-01,
       4.81257260e-01, 8.56255665e-02 ]
fx: 5.4068603515625000e+02
fy: 5.4068603515625000e+02
cx: 4.7975000000000000e+02
cy: 2.6975000000000000e+02
