%YAML:1.0
TVector: !!opencv-matrix
   rows: 3
   cols: 1
   dt: f
   data: [ -1.51321054e-01, -6.62598982e-02, 1.17050111e-02 ]
RMatrix: !!opencv-matrix
   rows: 3
   cols: 3
   dt: f
   data: [ 4.86915439e-01, -8.73249888e-01, 1.86529979e-02,
       -8.27197582e-02, -2.48430967e-02, 9.96263146e-01, 8.69523406e-01,
       4.86638904e-01, 8.43315348e-02 ]
fx: 5.4068603515625000e+02
fy: 5.4068603515625000e+02
cx: 4.7975000000000000e+02
cy: 2.6975000000000000e+02
