%YAML:1.0
TVector: !!opencv-matrix
   rows: 3
   cols: 1
   dt: f
   data: [ -1.50316328e-01, -7.76558295e-02, 1.45700639e-02 ]
RMatrix: !!opencv-matrix
   rows: 3
   cols: 3
   dt: f
   data: [ 4.94370669e-01, -8.69093537e-01, 1.65502410e-02,
       -7.55003914e-02, -2.39639841e-02, 9.96857703e-01, 8.65966022e-01,
       4.94066775e-01, 7.74640292e-02 ]
fx: 5.4068603515625000e+02
fy: 5.4068603515625000e+02
cx: 4.7975000000000000e+02
cy: 2.6975000000000000e+02
