%YAML:1.0
TVector: !!opencv-matrix
   rows: 3
   cols: 1
   dt: f
   data: [ 3.27972434e-02, 3.44377421e-02, -1.24548823e-01 ]
RMatrix: !!opencv-matrix
   rows: 3
   cols: 3
   dt: f
   data: [ 1.40558451e-01, -9.90005851e-01, 1.14702433e-02,
       3.82421881e-01, 6.49741292e-02, 9.21700358e-01, 9.13234115e-01,
       1.25166342e-01, -3.87732565e-01 ]
fx: 5.4068603515625000e+02
fy: 5.4068603515625000e+02
cx: 4.7975000000000000e+02
cy: 2.6975000000000000e+02
