%YAML:1.0
TVector: !!opencv-matrix
   rows: 3
   cols: 1
   dt: f
   data: [ -1.59869865e-01, -6.13487102e-02, 2.50474457e-02 ]
RMatrix: !!opencv-matrix
   rows: 3
   cols: 3
   dt: f
   data: [ 5.00125825e-01, -8.65882277e-01, 1.10577531e-02,
       -7.63297305e-02, -3.13604102e-02, 9.96589243e-01, 8.62582147e-01,
       4.99263972e-01, 8.17767009e-02 ]
fx: 5.4068603515625000e+02
fy: 5.4068603515625000e+02
cx: 4.7975000000000000e+02
cy: 2.6975000000000000e+02
