%YAML:1.0
TVector: !!opencv-matrix
   rows: 3
   cols: 1
   dt: f
   data: [ -1.63273394e-01, -6.12635463e-02, 1.80202611e-02 ]
RMatrix: !!opencv-matrix
   rows: 3
   cols: 3
   dt: f
   data: [ 4.99790102e-01, -8.66089821e-01, 9.92391165e-03,
       -7.34308884e-02, -3.09525467e-02, 9.96819854e-01, 8.63028288e-01,
       4.98929411e-01, 7.90675133e-02 ]
fx: 5.4068603515625000e+02
fy: 5.4068603515625000e+02
cx: 4.7975000000000000e+02
cy: 2.6975000000000000e+02
