%YAML:1.0
TVector: !!opencv-matrix
   rows: 3
   cols: 1
   dt: f
   data: [ -1.62955776e-01, -6.81009516e-02, 8.78468156e-03 ]
RMatrix: !!opencv-matrix
   rows: 3
   cols: 3
   dt: f
   data: [ 4.98507977e-01, -8.66848111e-01, 8.02646670e-03,
       -7.23375157e-02, -3.23696844e-02, 9.96854842e-01, 8.63861799e-01,
       4.97520685e-01, 7.88421854e-02 ]
fx: 5.4068603515625000e+02
fy: 5.4068603515625000e+02
cx: 4.7975000000000000e+02
cy: 2.6975000000000000e+02
