%YAML:1.0
TVector: !!opencv-matrix
   rows: 3
   cols: 1
   dt: f
   data: [ -1.52426779e-01, -5.20859323e-02, 3.61980014e-02 ]
RMatrix: !!opencv-matrix
   rows: 3
   cols: 3
   dt: f
   data: [ 4.93793458e-01, -8.69548619e-01, 7.28661660e-03,
       -7.30520114e-02, -3.31315212e-02, 9.96777713e-01, 8.66505206e-01,
       4.92734611e-01, 7.98824206e-02 ]
fx: 5.4068603515625000e+02
fy: 5.4068603515625000e+02
cx: 4.7975000000000000e+02
cy: 2.6975000000000000e+02
