%YAML:1.0
TVector: !!opencv-matrix
   rows: 3
   cols: 1
   dt: f
   data: [ -1.61167085e-01, -3.05327680e-02, 4.15109582e-02 ]
RMatrix: !!opencv-matrix
   rows: 3
   cols: 3
   dt: f
   data: [ 4.85942841e-01, -8.73936117e-01, 9.75081231e-03,
       -5.84143177e-02, -2.13448983e-02, 9.98064220e-01, 8.72036219e-01,
       4.85571772e-01, 6.14227839e-02 ]
fx: 5.4068603515625000e+02
fy: 5.4068603515625000e+02
cx: 4.7975000000000000e+02
cy: 2.6975000000000000e+02
