%YAML:1.0
TVector: !!opencv-matrix
   rows: 3
   cols: 1
   dt: f
   data: [ -1.60867795e-01, -4.48029600e-02, 3.17090824e-02 ]
RMatrix: !!opencv-matrix
   rows: 3
   cols: 3
   dt: f
   data: [ 4.74545658e-01, -8.80145848e-01, 1.22245718e-02,
       -4.96347956e-02, -1.28904721e-02, 9.98684049e-01, 8.78830194e-01,
       4.74528044e-01, 4.98029850e-02 ]
fx: 5.4068603515625000e+02
fy: 5.4068603515625000e+02
cx: 4.7975000000000000e+02
cy: 2.6975000000000000e+02
