%YAML:1.0
TVector: !!opencv-matrix
   rows: 3
   cols: 1
   dt: f
   data: [ -1.60216823e-01, -4.42338847e-02, 3.26165110e-02 ]
RMatrix: !!opencv-matrix
   rows: 3
   cols: 3
   dt: f
   data: [ 4.75925714e-01, -8.79446507e-01, 8.28645006e-03,
       -3.97766829e-02, -1.21115502e-02, 9.99135196e-01, 8.78585696e-01,
       4.75843668e-01, 4.07456644e-02 ]
fx: 5.4068603515625000e+02
fy: 5.4068603515625000e+02
cx: 4.7975000000000000e+02
cy: 2.6975000000000000e+02
