%YAML:1.0
TVector: !!opencv-matrix
   rows: 3
   cols: 1
   dt: f
   data: [ -1.60768330e-01, -2.82560885e-02, 3.07114460e-02 ]
RMatrix: !!opencv-matrix
   rows: 3
   cols: 3
   dt: f
   data: [ 4.62167323e-01, -8.86760831e-01, 7.52124377e-03,
       -2.33320948e-02, -3.68102267e-03, 9.99721050e-01, 8.86485636e-01,
       4.62213844e-01, 2.23912373e-02 ]
fx: 5.4068603515625000e+02
fy: 5.4068603515625000e+02
cx: 4.7975000000000000e+02
cy: 2.6975000000000000e+02
