%YAML:1.0
TVector: !!opencv-matrix
   rows: 3
   cols: 1
   dt: f
   data: [ -1.70167074e-01, -3.51433158e-02, 8.24073271e-04 ]
RMatrix: !!opencv-matrix
   rows: 3
   cols: 3
   dt: f
   data: [ 4.62475210e-01, -8.86629879e-01, 2.01199553e-03,
       -1.12686278e-02, -3.60872783e-03, 9.99929965e-01, 8.86560500e-01,
       4.62465495e-01, 1.16600478e-02 ]
fx: 5.4068603515625000e+02
fy: 5.4068603515625000e+02
cx: 4.7975000000000000e+02
cy: 2.6975000000000000e+02
