%YAML:1.0
TVector: !!opencv-matrix
   rows: 3
   cols: 1
   dt: f
   data: [ -1.62401602e-01, -8.92196130e-03, 2.58232821e-02 ]
RMatrix: !!opencv-matrix
   rows: 3
   cols: 3
   dt: f
   data: [ 4.53324109e-01, -8.91324401e-01, 6.16396731e-03,
       -1.20262699e-02, 7.98498630e-04, 9.99927282e-01, 8.91264617e-01,
       4.53365326e-01, 1.03573306e-02 ]
fx: 5.4068603515625000e+02
fy: 5.4068603515625000e+02
cx: 4.7975000000000000e+02
cy: 2.6975000000000000e+02
