%YAML:1.0
TVector: !!opencv-matrix
   rows: 3
   cols: 1
   dt: f
   data: [ -1.87890321e-01, 8.63079634e-03, -6.04767073e-03 ]
RMatrix: !!opencv-matrix
   rows: 3
   cols: 3
   dt: f
   data: [ 4.47963476e-01, -8.94008875e-01, -8.76030792e-03,
       1.14708245e-02, -4.05046204e-03, 9.99926090e-01, 8.93978298e-01,
       4.48030859e-01, -8.44056066e-03 ]
fx: 5.4068603515625000e+02
fy: 5.4068603515625000e+02
cx: 4.7975000000000000e+02
cy: 2.6975000000000000e+02
