%YAML:1.0
TVector: !!opencv-matrix
   rows: 3
   cols: 1
   dt: f
   data: [ -1.89342052e-01, 7.55255017e-03, -1.31796161e-03 ]
RMatrix: !!opencv-matrix
   rows: 3
   cols: 3
   dt: f
   data: [ 4.20450419e-01, -9.06780720e-01, -3.11472993e-02,
       2.74282414e-02, -2.16106120e-02, 9.99390125e-01, 9.06900764e-01,
       4.21048343e-01, -1.57852173e-02 ]
fx: 5.4068603515625000e+02
fy: 5.4068603515625000e+02
cx: 4.7975000000000000e+02
cy: 2.6975000000000000e+02
