%YAML:1.0
TVector: !!opencv-matrix
   rows: 3
   cols: 1
   dt: f
   data: [ -1.91306695e-01, 9.91769694e-03, -2.43186997e-03 ]
RMatrix: !!opencv-matrix
   rows: 3
   cols: 3
   dt: f
   data: [ 3.90274405e-01, -9.20061588e-01, -3.42496149e-02,
       4.66954634e-02, -1.73717048e-02, 9.98758197e-01, 9.19513941e-01,
       3.91389072e-01, -3.61829661e-02 ]
fx: 5.4068603515625000e+02
fy: 5.4068603515625000e+02
cx: 4.7975000000000000e+02
cy: 2.6975000000000000e+02
