%YAML:1.0
TVector: !!opencv-matrix
   rows: 3
   cols: 1
   dt: f
   data: [ -1.88221648e-01, -1.04754493e-02, -2.88904272e-02 ]
RMatrix: !!opencv-matrix
   rows: 3
   cols: 3
   dt: f
   data: [ 3.78328443e-01, -9.24798191e-01, -4.01951857e-02,
       5.31984642e-02, -2.16288846e-02, 9.98349667e-01, 9.24141347e-01,
       3.79842401e-01, -4.10150401e-02 ]
fx: 5.4068603515625000e+02
fy: 5.4068603515625000e+02
cx: 4.7975000000000000e+02
cy: 2.6975000000000000e+02
