%YAML:1.0
TVector: !!opencv-matrix
   rows: 3
   cols: 1
   dt: f
   data: [ 3.44143547e-02, 3.31579559e-02, -1.35431349e-01 ]
RMatrix: !!opencv-matrix
   rows: 3
   cols: 3
   dt: f
   data: [ 1.67563424e-01, -9.85821068e-01, 8.89088400e-03,
       3.92665714e-01, 7.50094727e-02, 9.16617274e-01, 9.04287577e-01,
       1.50100395e-01, -3.99667054e-01 ]
fx: 5.4068603515625000e+02
fy: 5.4068603515625000e+02
cx: 4.7975000000000000e+02
cy: 2.6975000000000000e+02
