%YAML:1.0
TVector: !!opencv-matrix
   rows: 3
   cols: 1
   dt: f
   data: [ -1.97095811e-01, -7.43056741e-03, -4.25030142e-02 ]
RMatrix: !!opencv-matrix
   rows: 3
   cols: 3
   dt: f
   data: [ 3.28381449e-01, -9.43778634e-01, -3.80451679e-02,
       5.48117943e-02, -2.11704951e-02, 9.98272181e-01, 9.42953408e-01,
       3.29899371e-01, -4.47782092e-02 ]
fx: 5.4068603515625000e+02
fy: 5.4068603515625000e+02
cx: 4.7975000000000000e+02
cy: 2.6975000000000000e+02
