%YAML:1.0
TVector: !!opencv-matrix
   rows: 3
   cols: 1
   dt: f
   data: [ -1.97900444e-01, -8.10484309e-03, -4.08599824e-02 ]
RMatrix: !!opencv-matrix
   rows: 3
   cols: 3
   dt: f
   data: [ 3.19696128e-01, -9.46628630e-01, -4.10910770e-02,
       6.13699332e-02, -2.25889906e-02, 9.97859359e-01, 9.45530593e-01,
       3.21533501e-01, -5.08729219e-02 ]
fx: 5.4068603515625000e+02
fy: 5.4068603515625000e+02
cx: 4.7975000000000000e+02
cy: 2.6975000000000000e+02
