%YAML:1.0
TVector: !!opencv-matrix
   rows: 3
   cols: 1
   dt: f
   data: [ 3.56063992e-02, 3.29761617e-02, -1.35826021e-01 ]
RMatrix: !!opencv-matrix
   rows: 3
   cols: 3
   dt: f
   data: [ 1.71638295e-01, -9.85118747e-01, 9.01707169e-03,
       3.94793630e-01, 7.71653652e-02, 9.15523589e-01, 9.02595401e-01,
       1.53578997e-01, -4.02163118e-01 ]
fx: 5.4068603515625000e+02
fy: 5.4068603515625000e+02
cx: 4.7975000000000000e+02
cy: 2.6975000000000000e+02
