%YAML:1.0
TVector: !!opencv-matrix
   rows: 3
   cols: 1
   dt: f
   data: [ -1.99679092e-01, -6.73722522e-03, -4.43355069e-02 ]
RMatrix: !!opencv-matrix
   rows: 3
   cols: 3
   dt: f
   data: [ 3.07218641e-01, -9.50982332e-01, -3.53457965e-02,
       6.25645891e-02, -1.68778058e-02, 9.97898221e-01, 9.49580252e-01,
       3.08784306e-01, -5.43126501e-02 ]
fx: 5.4068603515625000e+02
fy: 5.4068603515625000e+02
cx: 4.7975000000000000e+02
cy: 2.6975000000000000e+02
