%YAML:1.0
TVector: !!opencv-matrix
   rows: 3
   cols: 1
   dt: f
   data: [ -2.05657572e-01, -9.02907643e-03, -3.82734910e-02 ]
RMatrix: !!opencv-matrix
   rows: 3
   cols: 3
   dt: f
   data: [ 3.05000365e-01, -9.51716840e-01, -3.47839855e-02,
       6.40266016e-02, -1.59501638e-02, 9.97820735e-01, 9.50197518e-01,
       3.06562841e-01, -5.60703874e-02 ]
fx: 5.4068603515625000e+02
fy: 5.4068603515625000e+02
cx: 4.7975000000000000e+02
cy: 2.6975000000000000e+02
