%YAML:1.0
TVector: !!opencv-matrix
   rows: 3
   cols: 1
   dt: f
   data: [ -2.05293357e-01, -1.89328147e-03, -5.23810498e-02 ]
RMatrix: !!opencv-matrix
   rows: 3
   cols: 3
   dt: f
   data: [ 2.79552013e-01, -9.59588945e-01, -3.22478339e-02,
       7.73668140e-02, -1.09642604e-02, 9.96942520e-01, 9.57008481e-01,
       2.81192124e-01, -7.11752623e-02 ]
fx: 5.4068603515625000e+02
fy: 5.4068603515625000e+02
cx: 4.7975000000000000e+02
cy: 2.6975000000000000e+02
