%YAML:1.0
TVector: !!opencv-matrix
   rows: 3
   cols: 1
   dt: f
   data: [ 3.58674042e-02, 3.28431502e-02, -1.38079718e-01 ]
RMatrix: !!opencv-matrix
   rows: 3
   cols: 3
   dt: f
   data: [ 1.75629169e-01, -9.84408915e-01, 9.66562703e-03,
       3.96862715e-01, 7.97828734e-02, 9.14403915e-01, 9.00918424e-01,
       1.56760097e-01, -4.04687494e-01 ]
fx: 5.4068603515625000e+02
fy: 5.4068603515625000e+02
cx: 4.7975000000000000e+02
cy: 2.6975000000000000e+02
