%YAML:1.0
TVector: !!opencv-matrix
   rows: 3
   cols: 1
   dt: f
   data: [ -2.05125064e-01, -3.17979790e-03, -5.30803129e-02 ]
RMatrix: !!opencv-matrix
   rows: 3
   cols: 3
   dt: f
   data: [ 2.76892751e-01, -9.60286200e-01, -3.43649499e-02,
       8.00027028e-02, -1.26003046e-02, 9.96714950e-01, 9.57564533e-01,
       2.78732449e-01, -7.33365566e-02 ]
fx: 5.4068603515625000e+02
fy: 5.4068603515625000e+02
cx: 4.7975000000000000e+02
cy: 2.6975000000000000e+02
