%YAML:1.0
TVector: !!opencv-matrix
   rows: 3
   cols: 1
   dt: f
   data: [ -2.12405473e-01, 3.93444346e-03, -7.21947551e-02 ]
RMatrix: !!opencv-matrix
   rows: 3
   cols: 3
   dt: f
   data: [ 2.75202245e-01, -9.60766256e-01, -3.45198661e-02,
       8.02733824e-02, -1.28170727e-02, 9.96690392e-01, 9.58028972e-01,
       2.77062476e-01, -7.35966712e-02 ]
fx: 5.4068603515625000e+02
fy: 5.4068603515625000e+02
cx: 4.7975000000000000e+02
cy: 2.6975000000000000e+02
