%YAML:1.0
TVector: !!opencv-matrix
   rows: 3
   cols: 1
   dt: f
   data: [ -2.02295244e-01, 6.67402660e-03, -5.31504527e-02 ]
RMatrix: !!opencv-matrix
   rows: 3
   cols: 3
   dt: f
   data: [ 2.64209181e-01, -9.64050055e-01, -2.82968823e-02,
       7.62261376e-02, -8.37498717e-03, 9.97055292e-01, 9.61448371e-01,
       2.65588164e-01, -7.12730810e-02 ]
fx: 5.4068603515625000e+02
fy: 5.4068603515625000e+02
cx: 4.7975000000000000e+02
cy: 2.6975000000000000e+02
