%YAML:1.0
TVector: !!opencv-matrix
   rows: 3
   cols: 1
   dt: f
   data: [ -2.03544065e-01, 4.09159018e-03, -5.83637990e-02 ]
RMatrix: !!opencv-matrix
   rows: 3
   cols: 3
   dt: f
   data: [ 2.59017736e-01, -9.65585649e-01, -2.35406552e-02,
       7.95908645e-02, -2.95201829e-03, 9.96823192e-01, 9.62587774e-01,
       2.60068536e-01, -7.60871544e-02 ]
fx: 5.4068603515625000e+02
fy: 5.4068603515625000e+02
cx: 4.7975000000000000e+02
cy: 2.6975000000000000e+02
