%YAML:1.0
TVector: !!opencv-matrix
   rows: 3
   cols: 1
   dt: f
   data: [ -2.09414020e-01, 1.38382695e-03, -7.64813125e-02 ]
RMatrix: !!opencv-matrix
   rows: 3
   cols: 3
   dt: f
   data: [ 2.50302047e-01, -9.68003631e-01, -1.78211667e-02,
       8.10633823e-02, 2.61143385e-03, 9.96705532e-01, 9.64768112e-01,
       2.50922084e-01, -7.91233107e-02 ]
fx: 5.4068603515625000e+02
fy: 5.4068603515625000e+02
cx: 4.7975000000000000e+02
cy: 2.6975000000000000e+02
