%YAML:1.0
TVector: !!opencv-matrix
   rows: 3
   cols: 1
   dt: f
   data: [ -2.05298617e-01, 5.07914042e-03, -7.32605830e-02 ]
RMatrix: !!opencv-matrix
   rows: 3
   cols: 3
   dt: f
   data: [ 2.36035958e-01, -9.71743822e-01, -1.00410532e-03,
       8.79715607e-02, 2.03391518e-02, 9.95915234e-01, 9.67754006e-01,
       2.35160142e-01, -9.02865902e-02 ]
fx: 5.4068603515625000e+02
fy: 5.4068603515625000e+02
cx: 4.7975000000000000e+02
cy: 2.6975000000000000e+02
