%YAML:1.0
TVector: !!opencv-matrix
   rows: 3
   cols: 1
   dt: f
   data: [ -2.06156254e-01, 2.99222884e-03, -7.41580874e-02 ]
RMatrix: !!opencv-matrix
   rows: 3
   cols: 3
   dt: f
   data: [ 2.25318342e-01, -9.74280655e-01, -3.03595816e-03,
       9.88302827e-02, 1.97558813e-02, 9.94908214e-01, 9.69259799e-01,
       2.24471077e-01, -1.00739770e-01 ]
fx: 5.4068603515625000e+02
fy: 5.4068603515625000e+02
cx: 4.7975000000000000e+02
cy: 2.6975000000000000e+02
