%YAML:1.0
TVector: !!opencv-matrix
   rows: 3
   cols: 1
   dt: f
   data: [ -2.13380381e-01, 2.57007568e-03, -8.61100331e-02 ]
RMatrix: !!opencv-matrix
   rows: 3
   cols: 3
   dt: f
   data: [ 2.27141470e-01, -9.73793507e-01, -1.15293013e-02,
       9.17845741e-02, 9.62009374e-03, 9.95732367e-01, 9.69526827e-01,
       2.27230355e-01, -9.15643424e-02 ]
fx: 5.4068603515625000e+02
fy: 5.4068603515625000e+02
cx: 4.7975000000000000e+02
cy: 2.6975000000000000e+02
