%YAML:1.0
TVector: !!opencv-matrix
   rows: 3
   cols: 1
   dt: f
   data: [ -2.09425807e-01, 2.99221138e-03, -7.82484487e-02 ]
RMatrix: !!opencv-matrix
   rows: 3
   cols: 3
   dt: f
   data: [ 2.20754832e-01, -9.75298464e-01, -7.74870999e-03,
       8.74775797e-02, 1.18862502e-02, 9.96095538e-01, 9.71398473e-01,
       2.20570758e-01, -8.79407004e-02 ]
fx: 5.4068603515625000e+02
fy: 5.4068603515625000e+02
cx: 4.7975000000000000e+02
cy: 2.6975000000000000e+02
