%YAML:1.0
TVector: !!opencv-matrix
   rows: 3
   cols: 1
   dt: f
   data: [ -2.10046232e-01, 1.96564011e-03, -7.68507421e-02 ]
RMatrix: !!opencv-matrix
   rows: 3
   cols: 3
   dt: f
   data: [ 2.14153737e-01, -9.76724207e-01, -1.21678486e-02,
       9.19605717e-02, 7.75836036e-03, 9.95732427e-01, 9.72461581e-01,
       2.14358792e-01, -9.14816037e-02 ]
fx: 5.4068603515625000e+02
fy: 5.4068603515625000e+02
cx: 4.7975000000000000e+02
cy: 2.6975000000000000e+02
