%YAML:1.0
TVector: !!opencv-matrix
   rows: 3
   cols: 1
   dt: f
   data: [ -2.13681951e-01, 4.36148094e-03, -8.33487585e-02 ]
RMatrix: !!opencv-matrix
   rows: 3
   cols: 3
   dt: f
   data: [ 2.16006175e-01, -9.76256490e-01, -1.62679143e-02,
       9.19046327e-02, 3.74186272e-03, 9.95760798e-01, 9.72057104e-01,
       2.16585562e-01, -9.05307606e-02 ]
fx: 5.4068603515625000e+02
fy: 5.4068603515625000e+02
cx: 4.7975000000000000e+02
cy: 2.6975000000000000e+02
