%YAML:1.0
TVector: !!opencv-matrix
   rows: 3
   cols: 1
   dt: f
   data: [ -2.11407304e-01, 3.07824486e-03, -7.52511248e-02 ]
RMatrix: !!opencv-matrix
   rows: 3
   cols: 3
   dt: f
   data: [ 2.14007691e-01, -9.76698577e-01, -1.61389895e-02,
       9.21277404e-02, 3.73278279e-03, 9.95740116e-01, 9.72477794e-01,
       2.14582890e-01, -9.07798931e-02 ]
fx: 5.4068603515625000e+02
fy: 5.4068603515625000e+02
cx: 4.7975000000000000e+02
cy: 2.6975000000000000e+02
