%YAML:1.0
TVector: !!opencv-matrix
   rows: 3
   cols: 1
   dt: f
   data: [ -2.12641701e-01, 3.73661844e-03, -7.13849068e-02 ]
RMatrix: !!opencv-matrix
   rows: 3
   cols: 3
   dt: f
   data: [ 2.11875647e-01, -9.77201164e-01, -1.36472275e-02,
       9.50450003e-02, 6.70545874e-03, 9.95450258e-01, 9.72663879e-01,
       2.12208793e-01, -9.42988247e-02 ]
fx: 5.4068603515625000e+02
fy: 5.4068603515625000e+02
cx: 4.7975000000000000e+02
cy: 2.6975000000000000e+02
