%YAML:1.0
TVector: !!opencv-matrix
   rows: 3
   cols: 1
   dt: f
   data: [ -2.14251027e-01, 4.31591086e-03, -7.43111968e-02 ]
RMatrix: !!opencv-matrix
   rows: 3
   cols: 3
   dt: f
   data: [ 2.08722472e-01, -9.77905869e-01, -1.16182948e-02,
       9.97211114e-02, 9.46325529e-03, 9.94970441e-01, 9.72877502e-01,
       2.08831266e-01, -9.94930491e-02 ]
fx: 5.4068603515625000e+02
fy: 5.4068603515625000e+02
cx: 4.7975000000000000e+02
cy: 2.6975000000000000e+02
