%YAML:1.0
TVector: !!opencv-matrix
   rows: 3
   cols: 1
   dt: f
   data: [ -2.14498326e-01, 3.77602596e-03, -7.24484473e-02 ]
RMatrix: !!opencv-matrix
   rows: 3
   cols: 3
   dt: f
   data: [ 2.06096306e-01, -9.78435397e-01, -1.37363384e-02,
       1.07022084e-01, 8.58505536e-03, 9.94219661e-01, 9.72661734e-01,
       2.06375107e-01, -1.06483534e-01 ]
fx: 5.4068603515625000e+02
fy: 5.4068603515625000e+02
cx: 4.7975000000000000e+02
cy: 2.6975000000000000e+02
