%YAML:1.0
TVector: !!opencv-matrix
   rows: 3
   cols: 1
   dt: f
   data: [ -2.14345485e-01, 3.37374560e-03, -7.55238235e-02 ]
RMatrix: !!opencv-matrix
   rows: 3
   cols: 3
   dt: f
   data: [ 2.07033277e-01, -9.78143454e-01, -1.92940552e-02,
       1.14848204e-01, 4.71427105e-03, 9.93371725e-01, 9.71569300e-01,
       2.07876921e-01, -1.13314055e-01 ]
fx: 5.4068603515625000e+02
fy: 5.4068603515625000e+02
cx: 4.7975000000000000e+02
cy: 2.6975000000000000e+02
