%YAML:1.0
TVector: !!opencv-matrix
   rows: 3
   cols: 1
   dt: f
   data: [ -2.19429731e-01, 6.70643337e-03, -8.72912332e-02 ]
RMatrix: !!opencv-matrix
   rows: 3
   cols: 3
   dt: f
   data: [ 2.10106060e-01, -9.77377832e-01, -2.42556054e-02,
       1.15057275e-01, 8.15559251e-05, 9.93358850e-01, 9.70884919e-01,
       2.11501509e-01, -1.12471543e-01 ]
fx: 5.4068603515625000e+02
fy: 5.4068603515625000e+02
cx: 4.7975000000000000e+02
cy: 2.6975000000000000e+02
