%YAML:1.0
TVector: !!opencv-matrix
   rows: 3
   cols: 1
   dt: f
   data: [ -2.19270304e-01, 5.47206309e-03, -7.91989192e-02 ]
RMatrix: !!opencv-matrix
   rows: 3
   cols: 3
   dt: f
   data: [ 2.07480654e-01, -9.77797508e-01, -2.93999705e-02,
       1.21645905e-01, -4.03173966e-03, 9.92565513e-01, 9.70646381e-01,
       2.09514484e-01, -1.18108518e-01 ]
fx: 5.4068603515625000e+02
fy: 5.4068603515625000e+02
cx: 4.7975000000000000e+02
cy: 2.6975000000000000e+02
