%YAML:1.0
TVector: !!opencv-matrix
   rows: 3
   cols: 1
   dt: f
   data: [ -2.21133605e-01, 5.50572667e-03, -7.88915232e-02 ]
RMatrix: !!opencv-matrix
   rows: 3
   cols: 3
   dt: f
   data: [ 2.05525875e-01, -9.78214622e-01, -2.92389374e-02,
       1.26457423e-01, -3.08090681e-03, 9.91967142e-01, 9.70446944e-01,
       2.07572415e-01, -1.23069316e-01 ]
fx: 5.4068603515625000e+02
fy: 5.4068603515625000e+02
cx: 4.7975000000000000e+02
cy: 2.6975000000000000e+02
