%YAML:1.0
TVector: !!opencv-matrix
   rows: 3
   cols: 1
   dt: f
   data: [ -2.23268166e-01, 4.41490300e-03, -8.27094018e-02 ]
RMatrix: !!opencv-matrix
   rows: 3
   cols: 3
   dt: f
   data: [ 2.02282071e-01, -9.78672385e-01, -3.58114466e-02,
       1.35323644e-01, -8.28392245e-03, 9.90766883e-01, 9.69932735e-01,
       2.05260485e-01, -1.30761832e-01 ]
fx: 5.4068603515625000e+02
fy: 5.4068603515625000e+02
cx: 4.7975000000000000e+02
cy: 2.6975000000000000e+02
