%YAML:1.0
TVector: !!opencv-matrix
   rows: 3
   cols: 1
   dt: f
   data: [ -2.26845384e-01, 6.68221526e-03, -9.19034332e-02 ]
RMatrix: !!opencv-matrix
   rows: 3
   cols: 3
   dt: f
   data: [ 2.07201347e-01, -9.77517068e-01, -3.90894227e-02,
       1.30474895e-01, -1.19873844e-02, 9.91379142e-01, 9.69558597e-01,
       2.10515276e-01, -1.25057608e-01 ]
fx: 5.4068603515625000e+02
fy: 5.4068603515625000e+02
cx: 4.7975000000000000e+02
cy: 2.6975000000000000e+02
