%YAML:1.0
TVector: !!opencv-matrix
   rows: 3
   cols: 1
   dt: f
   data: [ -2.26214454e-01, 6.71903556e-03, -8.56017768e-02 ]
RMatrix: !!opencv-matrix
   rows: 3
   cols: 3
   dt: f
   data: [ 2.05729499e-01, -9.77926314e-01, -3.65477428e-02,
       1.30590856e-01, -9.57810320e-03, 9.91390228e-01, 9.69856501e-01,
       2.08730951e-01, -1.25737712e-01 ]
fx: 5.4068603515625000e+02
fy: 5.4068603515625000e+02
cx: 4.7975000000000000e+02
cy: 2.6975000000000000e+02
