%YAML:1.0
TVector: !!opencv-matrix
   rows: 3
   cols: 1
   dt: f
   data: [ 1.97715014e-02, -4.30093799e-03, -3.70988715e-03 ]
RMatrix: !!opencv-matrix
   rows: 3
   cols: 3
   dt: f
   data: [ -7.89626967e-03, -9.99713063e-01, -2.26145387e-02,
       -9.68326069e-03, -2.25377344e-02, 9.99699116e-01, -9.99921978e-01,
       8.11287574e-03, -9.50251985e-03 ]
fx: 5.4068603515625000e+02
fy: 5.4068603515625000e+02
cx: 4.7975000000000000e+02
cy: 2.6975000000000000e+02
