%YAML:1.0
TVector: !!opencv-matrix
   rows: 3
   cols: 1
   dt: f
   data: [ -1.11676522e-01, 7.82801360e-02, -5.47017038e-01 ]
RMatrix: !!opencv-matrix
   rows: 3
   cols: 3
   dt: f
   data: [ 1.74492344e-01, -9.83569324e-01, -4.62992080e-02,
       9.99264196e-02, -2.90893428e-02, 9.94569361e-01, -9.79574919e-01,
       -1.78171262e-01, 9.32087228e-02 ]
fx: 5.4068603515625000e+02
fy: 5.4068603515625000e+02
cx: 4.7975000000000000e+02
cy: 2.6975000000000000e+02
