%YAML:1.0
TVector: !!opencv-matrix
   rows: 3
   cols: 1
   dt: f
   data: [ -2.35089943e-01, 5.27887000e-03, -9.79769528e-02 ]
RMatrix: !!opencv-matrix
   rows: 3
   cols: 3
   dt: f
   data: [ 1.74767047e-01, -9.83363330e-01, -4.95279990e-02,
       1.31310508e-01, -2.65748817e-02, 9.90984976e-01, 9.75814581e-01,
       1.79695055e-01, -1.24481507e-01 ]
fx: 5.4068603515625000e+02
fy: 5.4068603515625000e+02
cx: 4.7975000000000000e+02
cy: 2.6975000000000000e+02
