%YAML:1.0
TVector: !!opencv-matrix
   rows: 3
   cols: 1
   dt: f
   data: [ -2.38842458e-01, 5.78793557e-03, -1.07781373e-01 ]
RMatrix: !!opencv-matrix
   rows: 3
   cols: 3
   dt: f
   data: [ 1.65108621e-01, -9.84674335e-01, -5.61754070e-02,
       1.28537253e-01, -3.49883363e-02, 9.91087258e-01, 9.77863789e-01,
       1.70857668e-01, -1.20790459e-01 ]
fx: 5.4068603515625000e+02
fy: 5.4068603515625000e+02
cx: 4.7975000000000000e+02
cy: 2.6975000000000000e+02
