%YAML:1.0
TVector: !!opencv-matrix
   rows: 3
   cols: 1
   dt: f
   data: [ -2.38541305e-01, 2.69129593e-03, -9.93329734e-02 ]
RMatrix: !!opencv-matrix
   rows: 3
   cols: 3
   dt: f
   data: [ 1.59733728e-01, -9.85339880e-01, -5.99184297e-02,
       1.29936621e-01, -3.91832255e-02, 9.90747690e-01, 9.78571117e-01,
       1.66041464e-01, -1.21772863e-01 ]
fx: 5.4068603515625000e+02
fy: 5.4068603515625000e+02
cx: 4.7975000000000000e+02
cy: 2.6975000000000000e+02
