%YAML:1.0
TVector: !!opencv-matrix
   rows: 3
   cols: 1
   dt: f
   data: [ -2.38185897e-01, 3.14429263e-03, -1.01608053e-01 ]
RMatrix: !!opencv-matrix
   rows: 3
   cols: 3
   dt: f
   data: [ 1.55488268e-01, -9.85898614e-01, -6.18663654e-02,
       1.29779652e-01, -4.16976623e-02, 9.90665734e-01, 9.79275584e-01,
       1.62065908e-01, -1.21466085e-01 ]
fx: 5.4068603515625000e+02
fy: 5.4068603515625000e+02
cx: 4.7975000000000000e+02
cy: 2.6975000000000000e+02
