%YAML:1.0
TVector: !!opencv-matrix
   rows: 3
   cols: 1
   dt: f
   data: [ -2.39742637e-01, 3.56554659e-03, -1.07295439e-01 ]
RMatrix: !!opencv-matrix
   rows: 3
   cols: 3
   dt: f
   data: [ 1.53908804e-01, -9.86138999e-01, -6.19844645e-02,
       1.27218306e-01, -4.24326770e-02, 9.90966737e-01, 9.79861140e-01,
       1.60404056e-01, -1.18924156e-01 ]
fx: 5.4068603515625000e+02
fy: 5.4068603515625000e+02
cx: 4.7975000000000000e+02
cy: 2.6975000000000000e+02
