%YAML:1.0
TVector: !!opencv-matrix
   rows: 3
   cols: 1
   dt: f
   data: [ -2.40440831e-01, 2.68735783e-03, -1.00441135e-01 ]
RMatrix: !!opencv-matrix
   rows: 3
   cols: 3
   dt: f
   data: [ 1.50309652e-01, -9.86748338e-01, -6.11094534e-02,
       1.24788232e-01, -4.23811935e-02, 9.91277754e-01, 9.80731666e-01,
       1.56624392e-01, -1.16764300e-01 ]
fx: 5.4068603515625000e+02
fy: 5.4068603515625000e+02
cx: 4.7975000000000000e+02
cy: 2.6975000000000000e+02
