%YAML:1.0
TVector: !!opencv-matrix
   rows: 3
   cols: 1
   dt: f
   data: [ 3.99234034e-02, 3.00348178e-02, -1.45485759e-01 ]
RMatrix: !!opencv-matrix
   rows: 3
   cols: 3
   dt: f
   data: [ 1.97291031e-01, -9.80306625e-01, 8.67323764e-03,
       4.07108426e-01, 8.99741724e-02, 9.08937633e-01, 8.91817927e-01,
       1.75794303e-01, -4.16842192e-01 ]
fx: 5.4068603515625000e+02
fy: 5.4068603515625000e+02
cx: 4.7975000000000000e+02
cy: 2.6975000000000000e+02
