%YAML:1.0
TVector: !!opencv-matrix
   rows: 3
   cols: 1
   dt: f
   data: [ -1.13735594e-01, 7.65685886e-02, -5.57688236e-01 ]
RMatrix: !!opencv-matrix
   rows: 3
   cols: 3
   dt: f
   data: [ 1.70179009e-01, -9.84384835e-01, -4.50085923e-02,
       9.63359475e-02, -2.88363919e-02, 9.94931161e-01, -9.80692983e-01,
       -1.73652306e-01, 8.99242759e-02 ]
fx: 5.4068603515625000e+02
fy: 5.4068603515625000e+02
cx: 4.7975000000000000e+02
cy: 2.6975000000000000e+02
