%YAML:1.0
TVector: !!opencv-matrix
   rows: 3
   cols: 1
   dt: f
   data: [ -2.39274219e-01, 3.55272414e-03, -1.04151018e-01 ]
RMatrix: !!opencv-matrix
   rows: 3
   cols: 3
   dt: f
   data: [ 1.43720105e-01, -9.87912416e-01, -5.80840223e-02,
       1.25030294e-01, -4.00964506e-02, 9.91342425e-01, 9.81688321e-01,
       1.49738103e-01, -1.17756322e-01 ]
fx: 5.4068603515625000e+02
fy: 5.4068603515625000e+02
cx: 4.7975000000000000e+02
cy: 2.6975000000000000e+02
