%YAML:1.0
TVector: !!opencv-matrix
   rows: 3
   cols: 1
   dt: f
   data: [ -2.40096405e-01, 4.14501643e-03, -1.04525141e-01 ]
RMatrix: !!opencv-matrix
   rows: 3
   cols: 3
   dt: f
   data: [ 1.40092835e-01, -9.88542020e-01, -5.62003478e-02,
       1.25311330e-01, -3.86022069e-02, 9.91366148e-01, 9.82176661e-01,
       1.45925865e-01, -1.18467644e-01 ]
fx: 5.4068603515625000e+02
fy: 5.4068603515625000e+02
cx: 4.7975000000000000e+02
cy: 2.6975000000000000e+02
