%YAML:1.0
TVector: !!opencv-matrix
   rows: 3
   cols: 1
   dt: f
   data: [ -2.39548191e-01, 5.03316335e-03, -1.05970576e-01 ]
RMatrix: !!opencv-matrix
   rows: 3
   cols: 3
   dt: f
   data: [ 1.34424895e-01, -9.89424884e-01, -5.44813834e-02,
       1.28611863e-01, -3.70947421e-02, 9.91001010e-01, 9.82542098e-01,
       1.40222162e-01, -1.22265346e-01 ]
fx: 5.4068603515625000e+02
fy: 5.4068603515625000e+02
cx: 4.7975000000000000e+02
cy: 2.6975000000000000e+02
