%YAML:1.0
TVector: !!opencv-matrix
   rows: 3
   cols: 1
   dt: f
   data: [ -2.40183845e-01, 5.60838496e-03, -1.10004090e-01 ]
RMatrix: !!opencv-matrix
   rows: 3
   cols: 3
   dt: f
   data: [ 1.31649673e-01, -9.89786148e-01, -5.46966791e-02,
       1.33778021e-01, -3.69327702e-02, 9.90322888e-01, 9.82227921e-01,
       1.37692869e-01, -1.27549455e-01 ]
fx: 5.4068603515625000e+02
fy: 5.4068603515625000e+02
cx: 4.7975000000000000e+02
cy: 2.6975000000000000e+02
