%YAML:1.0
TVector: !!opencv-matrix
   rows: 3
   cols: 1
   dt: f
   data: [ 4.20099273e-02, 3.02343518e-02, -1.48101687e-01 ]
RMatrix: !!opencv-matrix
   rows: 3
   cols: 3
   dt: f
   data: [ 2.02289239e-01, -9.79285836e-01, 8.84983689e-03,
       4.11170006e-01, 9.31293070e-02, 9.06788886e-01, 8.88829708e-01,
       1.79794878e-01, -4.21492010e-01 ]
fx: 5.4068603515625000e+02
fy: 5.4068603515625000e+02
cx: 4.7975000000000000e+02
cy: 2.6975000000000000e+02
