%YAML:1.0
TVector: !!opencv-matrix
   rows: 3
   cols: 1
   dt: f
   data: [ -1.09408133e-01, 7.36073107e-02, -5.70172906e-01 ]
RMatrix: !!opencv-matrix
   rows: 3
   cols: 3
   dt: f
   data: [ 1.62394926e-01, -9.85613644e-01, -4.68390621e-02,
       9.14395675e-02, -3.22327912e-02, 9.95288908e-01, -9.82479811e-01,
       -1.65912747e-01, 8.48896354e-02 ]
fx: 5.4068603515625000e+02
fy: 5.4068603515625000e+02
cx: 4.7975000000000000e+02
cy: 2.6975000000000000e+02
