%YAML:1.0
TVector: !!opencv-matrix
   rows: 3
   cols: 1
   dt: f
   data: [ -1.09827943e-01, 7.46842325e-02, -5.73620796e-01 ]
RMatrix: !!opencv-matrix
   rows: 3
   cols: 3
   dt: f
   data: [ 1.61756739e-01, -9.85654175e-01, -4.81739752e-02,
       8.89128521e-02, -3.40614989e-02, 9.95456934e-01, -9.82816935e-01,
       -1.65305123e-01, 8.21276456e-02 ]
fx: 5.4068603515625000e+02
fy: 5.4068603515625000e+02
cx: 4.7975000000000000e+02
cy: 2.6975000000000000e+02
