%YAML:1.0
TVector: !!opencv-matrix
   rows: 3
   cols: 1
   dt: f
   data: [ -1.06202520e-01, 7.14264736e-02, -5.80841243e-01 ]
RMatrix: !!opencv-matrix
   rows: 3
   cols: 3
   dt: f
   data: [ 1.56944036e-01, -9.86459374e-01, -4.76068407e-02,
       8.91595408e-02, -3.38552035e-02, 9.95441854e-01, -9.83574569e-01,
       -1.60473242e-01, 8.26389045e-02 ]
fx: 5.4068603515625000e+02
fy: 5.4068603515625000e+02
cx: 4.7975000000000000e+02
cy: 2.6975000000000000e+02
