%YAML:1.0
TVector: !!opencv-matrix
   rows: 3
   cols: 1
   dt: f
   data: [ -1.03765681e-01, 6.96234927e-02, -5.91299415e-01 ]
RMatrix: !!opencv-matrix
   rows: 3
   cols: 3
   dt: f
   data: [ 1.55874997e-01, -9.86587167e-01, -4.84639406e-02,
       8.72149765e-02, -3.51257399e-02, 9.95570123e-01, -9.83918905e-01,
       -1.59411222e-01, 8.05699602e-02 ]
fx: 5.4068603515625000e+02
fy: 5.4068603515625000e+02
cx: 4.7975000000000000e+02
cy: 2.6975000000000000e+02
