%YAML:1.0
TVector: !!opencv-matrix
   rows: 3
   cols: 1
   dt: f
   data: [ 4.36670817e-02, 2.94526368e-02, -1.51773319e-01 ]
RMatrix: !!opencv-matrix
   rows: 3
   cols: 3
   dt: f
   data: [ 2.17030972e-01, -9.76125121e-01, 8.80746637e-03,
       4.15951312e-01, 1.00637235e-01, 9.03801203e-01, 8.83109331e-01,
       1.92489401e-01, -4.27861989e-01 ]
fx: 5.4068603515625000e+02
fy: 5.4068603515625000e+02
cx: 4.7975000000000000e+02
cy: 2.6975000000000000e+02
