%YAML:1.0
TVector: !!opencv-matrix
   rows: 3
   cols: 1
   dt: f
   data: [ -1.04610302e-01, 6.52976856e-02, -5.96284270e-01 ]
RMatrix: !!opencv-matrix
   rows: 3
   cols: 3
   dt: f
   data: [ 1.55372873e-01, -9.86648440e-01, -4.88284938e-02,
       8.48091841e-02, -3.59235220e-02, 9.95749474e-01, -9.84208703e-01,
       -1.58853561e-01, 7.80953169e-02 ]
fx: 5.4068603515625000e+02
fy: 5.4068603515625000e+02
cx: 4.7975000000000000e+02
cy: 2.6975000000000000e+02
