%YAML:1.0
TVector: !!opencv-matrix
   rows: 3
   cols: 1
   dt: f
   data: [ 4.48694341e-02, 2.89661884e-02, -1.53690562e-01 ]
RMatrix: !!opencv-matrix
   rows: 3
   cols: 3
   dt: f
   data: [ 2.20054895e-01, -9.75441039e-01, 9.52406228e-03,
       4.17785674e-01, 1.03064127e-01, 9.02680993e-01, 8.81493628e-01,
       1.94660336e-01, -4.30205047e-01 ]
fx: 5.4068603515625000e+02
fy: 5.4068603515625000e+02
cx: 4.7975000000000000e+02
cy: 2.6975000000000000e+02
