%YAML:1.0
TVector: !!opencv-matrix
   rows: 3
   cols: 1
   dt: f
   data: [ 4.52688672e-02, 2.87081413e-02, -1.54503226e-01 ]
RMatrix: !!opencv-matrix
   rows: 3
   cols: 3
   dt: f
   data: [ 2.24145442e-01, -9.74507570e-01, 9.68454033e-03,
       4.19290185e-01, 1.05401590e-01, 9.01713014e-01, 8.79746914e-01,
       1.98054209e-01, -4.32226688e-01 ]
fx: 5.4068603515625000e+02
fy: 5.4068603515625000e+02
cx: 4.7975000000000000e+02
cy: 2.6975000000000000e+02
