%YAML:1.0
TVector: !!opencv-matrix
   rows: 3
   cols: 1
   dt: f
   data: [ -1.02112934e-01, 6.61406219e-02, -6.05896473e-01 ]
RMatrix: !!opencv-matrix
   rows: 3
   cols: 3
   dt: f
   data: [ 1.54080600e-01, -9.86740470e-01, -5.10160513e-02,
       8.07312578e-02, -3.88873294e-02, 9.95976985e-01, -9.84754622e-01,
       -1.57579347e-01, 7.36689940e-02 ]
fx: 5.4068603515625000e+02
fy: 5.4068603515625000e+02
cx: 4.7975000000000000e+02
cy: 2.6975000000000000e+02
