%YAML:1.0
TVector: !!opencv-matrix
   rows: 3
   cols: 1
   dt: f
   data: [ -1.01002462e-01, 6.23197854e-02, -6.08544469e-01 ]
RMatrix: !!opencv-matrix
   rows: 3
   cols: 3
   dt: f
   data: [ 1.50681421e-01, -9.87118483e-01, -5.37793748e-02,
       8.05417374e-02, -4.19615246e-02, 9.95867550e-01, -9.85295951e-01,
       -1.54390246e-01, 7.31814206e-02 ]
fx: 5.4068603515625000e+02
fy: 5.4068603515625000e+02
cx: 4.7975000000000000e+02
cy: 2.6975000000000000e+02
