%YAML:1.0
TVector: !!opencv-matrix
   rows: 3
   cols: 1
   dt: f
   data: [ 4.59661782e-02, 2.80493349e-02, -1.55641869e-01 ]
RMatrix: !!opencv-matrix
   rows: 3
   cols: 3
   dt: f
   data: [ 2.27051437e-01, -9.73825336e-01, 1.05746090e-02,
       4.21306580e-01, 1.08007386e-01, 9.00463879e-01, 8.78036678e-01,
       1.99996457e-01, -4.34802264e-01 ]
fx: 5.4068603515625000e+02
fy: 5.4068603515625000e+02
cx: 4.7975000000000000e+02
cy: 2.6975000000000000e+02
