%YAML:1.0
TVector: !!opencv-matrix
   rows: 3
   cols: 1
   dt: f
   data: [ -1.00763626e-01, 6.04495965e-02, -6.15188420e-01 ]
RMatrix: !!opencv-matrix
   rows: 3
   cols: 3
   dt: f
   data: [ 1.45283416e-01, -9.87494409e-01, -6.12149313e-02,
       7.68451691e-02, -5.04220501e-02, 9.95767176e-01, -9.86401260e-01,
       -1.49372503e-01, 6.85586929e-02 ]
fx: 5.4068603515625000e+02
fy: 5.4068603515625000e+02
cx: 4.7975000000000000e+02
cy: 2.6975000000000000e+02
