%YAML:1.0
TVector: !!opencv-matrix
   rows: 3
   cols: 1
   dt: f
   data: [ 2.58724391e-02, -7.11090025e-03, -6.48507755e-03 ]
RMatrix: !!opencv-matrix
   rows: 3
   cols: 3
   dt: f
   data: [ -8.08033254e-03, -9.99680459e-01, -2.39500012e-02,
       -1.33059472e-02, -2.38411743e-02, 9.99627173e-01, -9.99878764e-01,
       8.39599874e-03, -1.31090516e-02 ]
fx: 5.4068603515625000e+02
fy: 5.4068603515625000e+02
cx: 4.7975000000000000e+02
cy: 2.6975000000000000e+02
