%YAML:1.0
TVector: !!opencv-matrix
   rows: 3
   cols: 1
   dt: f
   data: [ -9.94014591e-02, 5.88865876e-02, -6.17807388e-01 ]
RMatrix: !!opencv-matrix
   rows: 3
   cols: 3
   dt: f
   data: [ 1.43430889e-01, -9.87663209e-01, -6.28428981e-02,
       7.64541551e-02, -5.22515960e-02, 9.95703042e-01, -9.86702800e-01,
       -1.47619158e-01, 6.80164546e-02 ]
fx: 5.4068603515625000e+02
fy: 5.4068603515625000e+02
cx: 4.7975000000000000e+02
cy: 2.6975000000000000e+02
