%YAML:1.0
TVector: !!opencv-matrix
   rows: 3
   cols: 1
   dt: f
   data: [ 4.79884185e-02, 2.76935957e-02, -1.58307448e-01 ]
RMatrix: !!opencv-matrix
   rows: 3
   cols: 3
   dt: f
   data: [ 2.32342929e-01, -9.72564936e-01, 1.15746250e-02,
       4.27217782e-01, 1.12737484e-01, 8.97092640e-01, 8.73785853e-01,
       2.03488275e-01, -4.41690862e-01 ]
fx: 5.4068603515625000e+02
fy: 5.4068603515625000e+02
cx: 4.7975000000000000e+02
cy: 2.6975000000000000e+02
