%YAML:1.0
TVector: !!opencv-matrix
   rows: 3
   cols: 1
   dt: f
   data: [ -1.02523729e-01, 5.44271134e-02, -6.25796735e-01 ]
RMatrix: !!opencv-matrix
   rows: 3
   cols: 3
   dt: f
   data: [ 1.44977659e-01, -9.87677395e-01, -5.89471832e-02,
       7.12815076e-02, -4.89957929e-02, 9.96252060e-01, -9.86863911e-01,
       -1.48636132e-01, 6.32998347e-02 ]
fx: 5.4068603515625000e+02
fy: 5.4068603515625000e+02
cx: 4.7975000000000000e+02
cy: 2.6975000000000000e+02
