%YAML:1.0
TVector: !!opencv-matrix
   rows: 3
   cols: 1
   dt: f
   data: [ 4.83987555e-02, 2.72166766e-02, -1.60218224e-01 ]
RMatrix: !!opencv-matrix
   rows: 3
   cols: 3
   dt: f
   data: [ 2.35501409e-01, -9.71813321e-01, 1.08717903e-02,
       4.29305643e-01, 1.14057332e-01, 8.95928323e-01, 8.71915042e-01,
       2.06325069e-01, -4.44065601e-01 ]
fx: 5.4068603515625000e+02
fy: 5.4068603515625000e+02
cx: 4.7975000000000000e+02
cy: 2.6975000000000000e+02
