%YAML:1.0
TVector: !!opencv-matrix
   rows: 3
   cols: 1
   dt: f
   data: [ 4.90883999e-02, 2.70676035e-02, -1.60999045e-01 ]
RMatrix: !!opencv-matrix
   rows: 3
   cols: 3
   dt: f
   data: [ 2.38656804e-01, -9.71054614e-01, 9.78224445e-03,
       4.31384802e-01, 1.15035854e-01, 8.94803703e-01, 8.70028794e-01,
       2.09331170e-01, -4.46352333e-01 ]
fx: 5.4068603515625000e+02
fy: 5.4068603515625000e+02
cx: 4.7975000000000000e+02
cy: 2.6975000000000000e+02
