%YAML:1.0
TVector: !!opencv-matrix
   rows: 3
   cols: 1
   dt: f
   data: [ -1.03421040e-01, 5.49762398e-02, -6.27935112e-01 ]
RMatrix: !!opencv-matrix
   rows: 3
   cols: 3
   dt: f
   data: [ 1.43659845e-01, -9.87892866e-01, -5.85621446e-02,
       6.95343167e-02, -4.89534102e-02, 9.96377707e-01, -9.87181187e-01,
       -1.47211552e-01, 6.16598129e-02 ]
fx: 5.4068603515625000e+02
fy: 5.4068603515625000e+02
cx: 4.7975000000000000e+02
cy: 2.6975000000000000e+02
