%YAML:1.0
TVector: !!opencv-matrix
   rows: 3
   cols: 1
   dt: f
   data: [ -1.03719585e-01, 5.30061275e-02, -6.34832263e-01 ]
RMatrix: !!opencv-matrix
   rows: 3
   cols: 3
   dt: f
   data: [ 1.39185861e-01, -9.88396764e-01, -6.08224198e-02,
       6.50106966e-02, -5.21675162e-02, 9.96520042e-01, -9.88130033e-01,
       -1.42655581e-01, 5.69953732e-02 ]
fx: 5.4068603515625000e+02
fy: 5.4068603515625000e+02
cx: 4.7975000000000000e+02
cy: 2.6975000000000000e+02
