%YAML:1.0
TVector: !!opencv-matrix
   rows: 3
   cols: 1
   dt: f
   data: [ 5.06946146e-02, 2.69242730e-02, -1.64092392e-01 ]
RMatrix: !!opencv-matrix
   rows: 3
   cols: 3
   dt: f
   data: [ 2.45539308e-01, -9.69326615e-01, 1.07787075e-02,
       4.33594823e-01, 1.19764768e-01, 8.93113375e-01, 8.67009699e-01,
       2.14620918e-01, -4.49701995e-01 ]
fx: 5.4068603515625000e+02
fy: 5.4068603515625000e+02
cx: 4.7975000000000000e+02
cy: 2.6975000000000000e+02
