%YAML:1.0
TVector: !!opencv-matrix
   rows: 3
   cols: 1
   dt: f
   data: [ -1.02408729e-01, 5.07775657e-02, -6.38941884e-01 ]
RMatrix: !!opencv-matrix
   rows: 3
   cols: 3
   dt: f
   data: [ 1.35934398e-01, -9.88704264e-01, -6.31359741e-02,
       6.31043762e-02, -5.49572669e-02, 9.96492743e-01, -9.88706112e-01,
       -1.39441758e-01, 5.49209677e-02 ]
fx: 5.4068603515625000e+02
fy: 5.4068603515625000e+02
cx: 4.7975000000000000e+02
cy: 2.6975000000000000e+02
