%YAML:1.0
TVector: !!opencv-matrix
   rows: 3
   cols: 1
   dt: f
   data: [ -1.04406990e-01, 4.83252443e-02, -6.44348562e-01 ]
RMatrix: !!opencv-matrix
   rows: 3
   cols: 3
   dt: f
   data: [ 1.36724770e-01, -9.88704085e-01, -6.14045523e-02,
       6.13052100e-02, -5.34227192e-02, 9.96688366e-01, -9.88710284e-01,
       -1.40036374e-01, 5.33085205e-02 ]
fx: 5.4068603515625000e+02
fy: 5.4068603515625000e+02
cx: 4.7975000000000000e+02
cy: 2.6975000000000000e+02
