%YAML:1.0
TVector: !!opencv-matrix
   rows: 3
   cols: 1
   dt: f
   data: [ 5.11881076e-02, 2.63399389e-02, -1.64976448e-01 ]
RMatrix: !!opencv-matrix
   rows: 3
   cols: 3
   dt: f
   data: [ 2.48592347e-01, -9.68537152e-01, 1.17472736e-02,
       4.34159517e-01, 1.22259840e-01, 8.92501175e-01, 8.65856469e-01,
       2.16768697e-01, -4.50892448e-01 ]
fx: 5.4068603515625000e+02
fy: 5.4068603515625000e+02
cx: 4.7975000000000000e+02
cy: 2.6975000000000000e+02
