%YAML:1.0
TVector: !!opencv-matrix
   rows: 3
   cols: 1
   dt: f
   data: [ 5.16619198e-02, 2.63954569e-02, -1.66263252e-01 ]
RMatrix: !!opencv-matrix
   rows: 3
   cols: 3
   dt: f
   data: [ 2.51488745e-01, -9.67797875e-01, 1.09974397e-02,
       4.35272634e-01, 1.23242639e-01, 8.91823530e-01, 8.64460111e-01,
       2.19496667e-01, -4.52249944e-01 ]
fx: 5.4068603515625000e+02
fy: 5.4068603515625000e+02
cx: 4.7975000000000000e+02
cy: 2.6975000000000000e+02
