%YAML:1.0
TVector: !!opencv-matrix
   rows: 3
   cols: 1
   dt: f
   data: [ -1.06416732e-01, 4.57748882e-02, -6.46214724e-01 ]
RMatrix: !!opencv-matrix
   rows: 3
   cols: 3
   dt: f
   data: [ 1.34954393e-01, -9.89141881e-01, -5.81846237e-02,
       5.88614754e-02, -5.06149903e-02, 9.96982276e-01, -9.89102006e-01,
       -1.37971967e-01, 5.13916351e-02 ]
fx: 5.4068603515625000e+02
fy: 5.4068603515625000e+02
cx: 4.7975000000000000e+02
cy: 2.6975000000000000e+02
