%YAML:1.0
TVector: !!opencv-matrix
   rows: 3
   cols: 1
   dt: f
   data: [ -1.06769487e-01, 4.44139205e-02, -6.50370538e-01 ]
RMatrix: !!opencv-matrix
   rows: 3
   cols: 3
   dt: f
   data: [ 1.34576932e-01, -9.89139080e-01, -5.91044128e-02,
       5.63680418e-02, -5.19085824e-02, 9.97059762e-01, -9.89298761e-01,
       -1.37512878e-01, 4.87701148e-02 ]
fx: 5.4068603515625000e+02
fy: 5.4068603515625000e+02
cx: 4.7975000000000000e+02
cy: 2.6975000000000000e+02
