%YAML:1.0
TVector: !!opencv-matrix
   rows: 3
   cols: 1
   dt: f
   data: [ 5.24937734e-02, 2.54399143e-02, -1.68084562e-01 ]
RMatrix: !!opencv-matrix
   rows: 3
   cols: 3
   dt: f
   data: [ 2.54492432e-01, -9.67004359e-01, 1.16653433e-02,
       4.35061604e-01, 1.25254080e-01, 8.91645968e-01, 8.63686860e-01,
       2.21842036e-01, -4.52582657e-01 ]
fx: 5.4068603515625000e+02
fy: 5.4068603515625000e+02
cx: 4.7975000000000000e+02
cy: 2.6975000000000000e+02
