%YAML:1.0
TVector: !!opencv-matrix
   rows: 3
   cols: 1
   dt: f
   data: [ -1.04297556e-01, 4.30255309e-02, -6.52477026e-01 ]
RMatrix: !!opencv-matrix
   rows: 3
   cols: 3
   dt: f
   data: [ 1.33487821e-01, -9.89251316e-01, -5.96909486e-02,
       5.50747551e-02, -5.27321734e-02, 9.97088969e-01, -9.89519119e-01,
       -1.36386663e-01, 4.74436730e-02 ]
fx: 5.4068603515625000e+02
fy: 5.4068603515625000e+02
cx: 4.7975000000000000e+02
cy: 2.6975000000000000e+02
