%YAML:1.0
TVector: !!opencv-matrix
   rows: 3
   cols: 1
   dt: f
   data: [ 5.25993481e-02, 2.51111425e-02, -1.70310199e-01 ]
RMatrix: !!opencv-matrix
   rows: 3
   cols: 3
   dt: f
   data: [ 2.57706046e-01, -9.66125548e-01, 1.37478206e-02,
       4.32038695e-01, 1.27946213e-01, 8.92733157e-01, 8.64251256e-01,
       2.24123105e-01, -4.50376213e-01 ]
fx: 5.4068603515625000e+02
fy: 5.4068603515625000e+02
cx: 4.7975000000000000e+02
cy: 2.6975000000000000e+02
