%YAML:1.0
TVector: !!opencv-matrix
   rows: 3
   cols: 1
   dt: f
   data: [ -1.08425662e-01, 3.74235846e-02, -6.55416667e-01 ]
RMatrix: !!opencv-matrix
   rows: 3
   cols: 3
   dt: f
   data: [ 1.35785237e-01, -9.88738775e-01, -6.29156232e-02,
       5.40655144e-02, -5.60141839e-02, 9.96965051e-01, -9.89262044e-01,
       -1.38774678e-01, 4.58507538e-02 ]
fx: 5.4068603515625000e+02
fy: 5.4068603515625000e+02
cx: 4.7975000000000000e+02
cy: 2.6975000000000000e+02
