%YAML:1.0
TVector: !!opencv-matrix
   rows: 3
   cols: 1
   dt: f
   data: [ 2.75429059e-02, -7.40022305e-03, -5.36839524e-03 ]
RMatrix: !!opencv-matrix
   rows: 3
   cols: 3
   dt: f
   data: [ -7.25007756e-03, -9.99668956e-01, -2.46831272e-02,
       -1.39761167e-02, -2.45800670e-02, 9.99600172e-01, -9.99876022e-01,
       7.59215280e-03, -1.37932841e-02 ]
fx: 5.4068603515625000e+02
fy: 5.4068603515625000e+02
cx: 4.7975000000000000e+02
cy: 2.6975000000000000e+02
