%YAML:1.0
TVector: !!opencv-matrix
   rows: 3
   cols: 1
   dt: f
   data: [ 7.46608304e-04, 1.86526868e-03, -3.35592689e-04 ]
RMatrix: !!opencv-matrix
   rows: 3
   cols: 3
   dt: f
   data: [ -1.67518342e-03, -9.99997854e-01, 1.32872537e-03,
       1.23589300e-02, 1.30792253e-03, 9.99922812e-01, 9.99922276e-01,
       -1.69147563e-03, -1.23567106e-02 ]
fx: 5.4068603515625000e+02
fy: 5.4068603515625000e+02
cx: 4.7975000000000000e+02
cy: 2.6975000000000000e+02
