%YAML:1.0
TVector: !!opencv-matrix
   rows: 3
   cols: 1
   dt: f
   data: [ 5.35427444e-02, 2.48450954e-02, -1.70151785e-01 ]
RMatrix: !!opencv-matrix
   rows: 3
   cols: 3
   dt: f
   data: [ 2.64525235e-01, -9.64230359e-01, 1.69092529e-02,
       4.26510125e-01, 1.32697850e-01, 8.94695640e-01, 8.64936590e-01,
       2.29457587e-01, -4.46355969e-01 ]
fx: 5.4068603515625000e+02
fy: 5.4068603515625000e+02
cx: 4.7975000000000000e+02
cy: 2.6975000000000000e+02
