%YAML:1.0
TVector: !!opencv-matrix
   rows: 3
   cols: 1
   dt: f
   data: [ -1.04419298e-01, 3.63923274e-02, -6.61243677e-01 ]
RMatrix: !!opencv-matrix
   rows: 3
   cols: 3
   dt: f
   data: [ 1.37181133e-01, -9.88614619e-01, -6.18253648e-02,
       4.87992615e-02, -5.55945933e-02, 9.97260153e-01, -9.89343047e-01,
       -1.39822349e-01, 4.06171381e-02 ]
fx: 5.4068603515625000e+02
fy: 5.4068603515625000e+02
cx: 4.7975000000000000e+02
cy: 2.6975000000000000e+02
