%YAML:1.0
TVector: !!opencv-matrix
   rows: 3
   cols: 1
   dt: f
   data: [ 5.30703887e-02, 2.40812879e-02, -1.73039809e-01 ]
RMatrix: !!opencv-matrix
   rows: 3
   cols: 3
   dt: f
   data: [ 2.67175287e-01, -9.63491201e-01, 1.73850395e-02,
       4.22519386e-01, 1.33340389e-01, 8.96492004e-01, 8.66080165e-01,
       2.32175007e-01, -4.42718983e-01 ]
fx: 5.4068603515625000e+02
fy: 5.4068603515625000e+02
cx: 4.7975000000000000e+02
cy: 2.6975000000000000e+02
