%YAML:1.0
TVector: !!opencv-matrix
   rows: 3
   cols: 1
   dt: f
   data: [ -1.10937506e-01, 3.79399098e-02, -6.60420299e-01 ]
RMatrix: !!opencv-matrix
   rows: 3
   cols: 3
   dt: f
   data: [ 1.40921861e-01, -9.88102555e-01, -6.15988038e-02,
       4.82852459e-02, -5.52859530e-02, 9.97302473e-01, -9.88842547e-01,
       -1.43516034e-01, 3.99197899e-02 ]
fx: 5.4068603515625000e+02
fy: 5.4068603515625000e+02
cx: 4.7975000000000000e+02
cy: 2.6975000000000000e+02
