%YAML:1.0
TVector: !!opencv-matrix
   rows: 3
   cols: 1
   dt: f
   data: [ -1.08465128e-01, 3.15694399e-02, -6.66694582e-01 ]
RMatrix: !!opencv-matrix
   rows: 3
   cols: 3
   dt: f
   data: [ 1.43018261e-01, -9.87804055e-01, -6.15558587e-02,
       4.80986945e-02, -5.51847480e-02, 9.97317076e-01, -9.88550603e-01,
       -1.45595253e-01, 3.96196619e-02 ]
fx: 5.4068603515625000e+02
fy: 5.4068603515625000e+02
cx: 4.7975000000000000e+02
cy: 2.6975000000000000e+02
