%YAML:1.0
TVector: !!opencv-matrix
   rows: 3
   cols: 1
   dt: f
   data: [ -1.12909719e-01, 2.96269134e-02, -6.68123722e-01 ]
RMatrix: !!opencv-matrix
   rows: 3
   cols: 3
   dt: f
   data: [ 1.45553544e-01, -9.87340987e-01, -6.30233213e-02,
       4.87641096e-02, -5.64646758e-02, 9.97213066e-01, -9.88147974e-01,
       -1.48221150e-01, 3.99281643e-02 ]
fx: 5.4068603515625000e+02
fy: 5.4068603515625000e+02
cx: 4.7975000000000000e+02
cy: 2.6975000000000000e+02
