%YAML:1.0
TVector: !!opencv-matrix
   rows: 3
   cols: 1
   dt: f
   data: [ 5.48289195e-02, 2.41934564e-02, -1.72776893e-01 ]
RMatrix: !!opencv-matrix
   rows: 3
   cols: 3
   dt: f
   data: [ 2.72630632e-01, -9.61937904e-01, 1.86637901e-02,
       4.11773622e-01, 1.34192407e-01, 9.01351869e-01, 8.69548917e-01,
       2.38050833e-01, -4.32685494e-01 ]
fx: 5.4068603515625000e+02
fy: 5.4068603515625000e+02
cx: 4.7975000000000000e+02
cy: 2.6975000000000000e+02
