%YAML:1.0
TVector: !!opencv-matrix
   rows: 3
   cols: 1
   dt: f
   data: [ -1.17776096e-01, 2.68700607e-02, -6.72418952e-01 ]
RMatrix: !!opencv-matrix
   rows: 3
   cols: 3
   dt: f
   data: [ 1.50098607e-01, -9.86703396e-01, -6.23455048e-02,
       4.54307795e-02, -5.61097860e-02, 9.97390568e-01, -9.87626791e-01,
       -1.52539328e-01, 3.64047065e-02 ]
fx: 5.4068603515625000e+02
fy: 5.4068603515625000e+02
cx: 4.7975000000000000e+02
cy: 2.6975000000000000e+02
