%YAML:1.0
TVector: !!opencv-matrix
   rows: 3
   cols: 1
   dt: f
   data: [ 5.53920642e-02, 2.35288013e-02, -1.73465982e-01 ]
RMatrix: !!opencv-matrix
   rows: 3
   cols: 3
   dt: f
   data: [ 2.75589168e-01, -9.61111963e-01, 1.77200921e-02,
       4.08811986e-01, 1.33866742e-01, 9.02747095e-01, 8.70013416e-01,
       2.41543144e-01, -4.29806411e-01 ]
fx: 5.4068603515625000e+02
fy: 5.4068603515625000e+02
cx: 4.7975000000000000e+02
cy: 2.6975000000000000e+02
