%YAML:1.0
TVector: !!opencv-matrix
   rows: 3
   cols: 1
   dt: f
   data: [ -1.25732437e-01, 2.70534586e-02, -6.74161911e-01 ]
RMatrix: !!opencv-matrix
   rows: 3
   cols: 3
   dt: f
   data: [ 1.54992089e-01, -9.85987663e-01, -6.16936907e-02,
       4.22536582e-02, -5.57750277e-02, 9.97548938e-01, -9.87011850e-01,
       -1.57218963e-01, 3.30168940e-02 ]
fx: 5.4068603515625000e+02
fy: 5.4068603515625000e+02
cx: 4.7975000000000000e+02
cy: 2.6975000000000000e+02
