%YAML:1.0
TVector: !!opencv-matrix
   rows: 3
   cols: 1
   dt: f
   data: [ 5.49001135e-02, 2.23084409e-02, -1.74551591e-01 ]
RMatrix: !!opencv-matrix
   rows: 3
   cols: 3
   dt: f
   data: [ 2.80280352e-01, -9.59779561e-01, 1.63160730e-02,
       4.05177325e-01, 1.33697003e-01, 9.04409587e-01, 8.70215118e-01,
       2.46877342e-01, -4.26353484e-01 ]
fx: 5.4068603515625000e+02
fy: 5.4068603515625000e+02
cx: 4.7975000000000000e+02
cy: 2.6975000000000000e+02
