%YAML:1.0
TVector: !!opencv-matrix
   rows: 3
   cols: 1
   dt: f
   data: [ -1.23951226e-01, 2.27501951e-02, -6.78522348e-01 ]
RMatrix: !!opencv-matrix
   rows: 3
   cols: 3
   dt: f
   data: [ 1.55543193e-01, -9.85831499e-01, -6.27918020e-02,
       4.25797813e-02, -5.68153448e-02, 9.97476399e-01, -9.86911058e-01,
       -1.57824308e-01, 3.31392437e-02 ]
fx: 5.4068603515625000e+02
fy: 5.4068603515625000e+02
cx: 4.7975000000000000e+02
cy: 2.6975000000000000e+02
