%YAML:1.0
TVector: !!opencv-matrix
   rows: 3
   cols: 1
   dt: f
   data: [ 5.59253916e-02, 2.20274385e-02, -1.76835924e-01 ]
RMatrix: !!opencv-matrix
   rows: 3
   cols: 3
   dt: f
   data: [ 2.84475297e-01, -9.58569169e-01, 1.47933122e-02,
       3.99816304e-01, 1.32650420e-01, 9.06945765e-01, 8.71332645e-01,
       2.52089083e-01, -4.20987368e-01 ]
fx: 5.4068603515625000e+02
fy: 5.4068603515625000e+02
cx: 4.7975000000000000e+02
cy: 2.6975000000000000e+02
