%YAML:1.0
TVector: !!opencv-matrix
   rows: 3
   cols: 1
   dt: f
   data: [ -1.34767964e-01, 1.59488190e-02, -6.79612637e-01 ]
RMatrix: !!opencv-matrix
   rows: 3
   cols: 3
   dt: f
   data: [ 1.62936196e-01, -9.84762371e-01, -6.07875511e-02,
       4.40138876e-02, -5.42947687e-02, 9.97554600e-01, -9.85654473e-01,
       -1.65213183e-01, 3.44966389e-02 ]
fx: 5.4068603515625000e+02
fy: 5.4068603515625000e+02
cx: 4.7975000000000000e+02
cy: 2.6975000000000000e+02
