%YAML:1.0
TVector: !!opencv-matrix
   rows: 3
   cols: 1
   dt: f
   data: [ 5.69986664e-02, 2.14110371e-02, -1.79523677e-01 ]
RMatrix: !!opencv-matrix
   rows: 3
   cols: 3
   dt: f
   data: [ 2.98096031e-01, -9.54454064e-01, 1.24947708e-02,
       3.85062903e-01, 1.32220149e-01, 9.13369656e-01, 8.73421609e-01,
       2.67460614e-01, -4.06939149e-01 ]
fx: 5.4068603515625000e+02
fy: 5.4068603515625000e+02
cx: 4.7975000000000000e+02
cy: 2.6975000000000000e+02
