%YAML:1.0
TVector: !!opencv-matrix
   rows: 3
   cols: 1
   dt: f
   data: [ -1.35389850e-01, 1.45526249e-02, -6.81933939e-01 ]
RMatrix: !!opencv-matrix
   rows: 3
   cols: 3
   dt: f
   data: [ 1.65581122e-01, -9.84432101e-01, -5.89573607e-02,
       3.99280041e-02, -5.30417003e-02, 9.97793615e-01, -9.85387444e-01,
       -1.67569861e-01, 3.05237100e-02 ]
fx: 5.4068603515625000e+02
fy: 5.4068603515625000e+02
cx: 4.7975000000000000e+02
cy: 2.6975000000000000e+02
