%YAML:1.0
TVector: !!opencv-matrix
   rows: 3
   cols: 1
   dt: f
   data: [ 5.85526638e-02, 2.07788609e-02, -1.77017108e-01 ]
RMatrix: !!opencv-matrix
   rows: 3
   cols: 3
   dt: f
   data: [ 3.01166385e-01, -9.53471959e-01, 1.37807801e-02,
       3.78598332e-01, 1.32824048e-01, 9.15980935e-01, 8.75192583e-01,
       2.70645320e-01, -4.00985062e-01 ]
fx: 5.4068603515625000e+02
fy: 5.4068603515625000e+02
cx: 4.7975000000000000e+02
cy: 2.6975000000000000e+02
