%YAML:1.0
TVector: !!opencv-matrix
   rows: 3
   cols: 1
   dt: f
   data: [ -1.50598705e-01, 6.11024350e-03, -6.90335333e-01 ]
RMatrix: !!opencv-matrix
   rows: 3
   cols: 3
   dt: f
   data: [ 1.82594165e-01, -9.81647849e-01, -5.50181642e-02,
       3.36201303e-02, -4.96921763e-02, 9.98198628e-01, -9.82613385e-01,
       -1.84114963e-01, 2.39296295e-02 ]
fx: 5.4068603515625000e+02
fy: 5.4068603515625000e+02
cx: 4.7975000000000000e+02
cy: 2.6975000000000000e+02
