%YAML:1.0
TVector: !!opencv-matrix
   rows: 3
   cols: 1
   dt: f
   data: [ 2.81762499e-02, -7.06098648e-03, -6.62324298e-03 ]
RMatrix: !!opencv-matrix
   rows: 3
   cols: 3
   dt: f
   data: [ -5.92467934e-03, -9.99640048e-01, -2.61684395e-02,
       -1.35567607e-02, -2.60862056e-02, 9.99567807e-01, -9.99890566e-01,
       6.27687899e-03, -1.33973267e-02 ]
fx: 5.4068603515625000e+02
fy: 5.4068603515625000e+02
cx: 4.7975000000000000e+02
cy: 2.6975000000000000e+02
