%YAML:1.0
TVector: !!opencv-matrix
   rows: 3
   cols: 1
   dt: f
   data: [ -1.57787591e-01, 2.41911644e-03, -6.95380151e-01 ]
RMatrix: !!opencv-matrix
   rows: 3
   cols: 3
   dt: f
   data: [ 1.89488843e-01, -9.80446041e-01, -5.31004928e-02,
       3.06968987e-02, -4.81384620e-02, 9.98368800e-01, -9.81402934e-01,
       -1.90809786e-01, 2.09749416e-02 ]
fx: 5.4068603515625000e+02
fy: 5.4068603515625000e+02
cx: 4.7975000000000000e+02
cy: 2.6975000000000000e+02
