%YAML:1.0
TVector: !!opencv-matrix
   rows: 3
   cols: 1
   dt: f
   data: [ 5.99451810e-02, 1.96860712e-02, -1.77673042e-01 ]
RMatrix: !!opencv-matrix
   rows: 3
   cols: 3
   dt: f
   data: [ 3.08352619e-01, -9.51068640e-01, 1.96716171e-02,
       3.66873831e-01, 1.37975350e-01, 9.19981718e-01, 8.77679944e-01,
       2.76461810e-01, -3.91467243e-01 ]
fx: 5.4068603515625000e+02
fy: 5.4068603515625000e+02
cx: 4.7975000000000000e+02
cy: 2.6975000000000000e+02
