%YAML:1.0
TVector: !!opencv-matrix
   rows: 3
   cols: 1
   dt: f
   data: [ -1.61308050e-01, 1.81728997e-03, -6.97323084e-01 ]
RMatrix: !!opencv-matrix
   rows: 3
   cols: 3
   dt: f
   data: [ 1.92166537e-01, -9.79999602e-01, -5.16978316e-02,
       2.78525129e-02, -4.72120456e-02, 9.98496473e-01, -9.80966985e-01,
       -1.93317533e-01, 1.82228852e-02 ]
fx: 5.4068603515625000e+02
fy: 5.4068603515625000e+02
cx: 4.7975000000000000e+02
cy: 2.6975000000000000e+02
