%YAML:1.0
TVector: !!opencv-matrix
   rows: 3
   cols: 1
   dt: f
   data: [ 6.14591688e-02, 1.95895676e-02, -1.75242931e-01 ]
RMatrix: !!opencv-matrix
   rows: 3
   cols: 3
   dt: f
   data: [ 3.09663266e-01, -9.50599790e-01, 2.16564219e-02,
       3.61624330e-01, 1.38804540e-01, 9.21933413e-01, 8.79395664e-01,
       2.77657419e-01, -3.86742681e-01 ]
fx: 5.4068603515625000e+02
fy: 5.4068603515625000e+02
cx: 4.7975000000000000e+02
cy: 2.6975000000000000e+02
