%YAML:1.0
TVector: !!opencv-matrix
   rows: 3
   cols: 1
   dt: f
   data: [ -1.64371818e-01, -8.69032228e-04, -6.98950529e-01 ]
RMatrix: !!opencv-matrix
   rows: 3
   cols: 3
   dt: f
   data: [ 1.93848699e-01, -9.79744673e-01, -5.02310619e-02,
       2.48102844e-02, -4.62899320e-02, 9.98619914e-01, -9.80717719e-01,
       -1.94827437e-01, 1.53345019e-02 ]
fx: 5.4068603515625000e+02
fy: 5.4068603515625000e+02
cx: 4.7975000000000000e+02
cy: 2.6975000000000000e+02
