%YAML:1.0
TVector: !!opencv-matrix
   rows: 3
   cols: 1
   dt: f
   data: [ -1.72597289e-01, -5.96203282e-03, -7.03623950e-01 ]
RMatrix: !!opencv-matrix
   rows: 3
   cols: 3
   dt: f
   data: [ 1.99064434e-01, -9.78646398e-01, -5.12293316e-02,
       1.54199852e-02, -4.91411090e-02, 9.98672843e-01, -9.79865134e-01,
       -1.99590176e-01, 5.30847162e-03 ]
fx: 5.4068603515625000e+02
fy: 5.4068603515625000e+02
cx: 4.7975000000000000e+02
cy: 2.6975000000000000e+02
