%YAML:1.0
TVector: !!opencv-matrix
   rows: 3
   cols: 1
   dt: f
   data: [ 5.95380068e-02, 2.09719930e-02, -1.84477866e-01 ]
RMatrix: !!opencv-matrix
   rows: 3
   cols: 3
   dt: f
   data: [ 3.11476529e-01, -9.49977875e-01, 2.29022969e-02,
       3.56696844e-01, 1.39223829e-01, 9.23787951e-01, 8.80766571e-01,
       2.79569060e-01, -3.82219136e-01 ]
fx: 5.4068603515625000e+02
fy: 5.4068603515625000e+02
cx: 4.7975000000000000e+02
cy: 2.6975000000000000e+02
