%YAML:1.0
TVector: !!opencv-matrix
   rows: 3
   cols: 1
   dt: f
   data: [ -1.73517078e-01, -1.12648522e-02, -7.07501948e-01 ]
RMatrix: !!opencv-matrix
   rows: 3
   cols: 3
   dt: f
   data: [ 2.01932743e-01, -9.78077412e-01, -5.08689247e-02,
       1.32638048e-02, -4.92030866e-02, 9.98700798e-01, -9.79309559e-01,
       -2.02345088e-01, 3.03731533e-03 ]
fx: 5.4068603515625000e+02
fy: 5.4068603515625000e+02
cx: 4.7975000000000000e+02
cy: 2.6975000000000000e+02
