%YAML:1.0
TVector: !!opencv-matrix
   rows: 3
   cols: 1
   dt: f
   data: [ 6.19798265e-02, 1.64461918e-02, -1.75359875e-01 ]
RMatrix: !!opencv-matrix
   rows: 3
   cols: 3
   dt: f
   data: [ 3.12260121e-01, -9.49668348e-01, 2.49780845e-02,
       3.50069821e-01, 1.39469355e-01, 9.26282704e-01, 8.83144855e-01,
       2.80497074e-01, -3.76000911e-01 ]
fx: 5.4068603515625000e+02
fy: 5.4068603515625000e+02
cx: 4.7975000000000000e+02
cy: 2.6975000000000000e+02
