%YAML:1.0
TVector: !!opencv-matrix
   rows: 3
   cols: 1
   dt: f
   data: [ -1.80865571e-01, -1.52591830e-02, -7.13163197e-01 ]
RMatrix: !!opencv-matrix
   rows: 3
   cols: 3
   dt: f
   data: [ 2.07935244e-01, -9.76834595e-01, -5.05697504e-02,
       1.02318749e-02, -4.95247431e-02, 9.98720646e-01, -9.78089213e-01,
       -2.08186597e-01, -3.03089619e-04 ]
fx: 5.4068603515625000e+02
fy: 5.4068603515625000e+02
cx: 4.7975000000000000e+02
cy: 2.6975000000000000e+02
