%YAML:1.0
TVector: !!opencv-matrix
   rows: 3
   cols: 1
   dt: f
   data: [ -1.86146870e-01, -1.68756843e-02, -7.20631421e-01 ]
RMatrix: !!opencv-matrix
   rows: 3
   cols: 3
   dt: f
   data: [ 2.09180772e-01, -9.76550400e-01, -5.09206168e-02,
       3.60737136e-03, -5.13016470e-02, 9.98676717e-01, -9.77870345e-01,
       -2.09087670e-01, -7.20853731e-03 ]
fx: 5.4068603515625000e+02
fy: 5.4068603515625000e+02
cx: 4.7975000000000000e+02
cy: 2.6975000000000000e+02
