%YAML:1.0
TVector: !!opencv-matrix
   rows: 3
   cols: 1
   dt: f
   data: [ -1.89251959e-01, -1.82210915e-02, -7.22947240e-01 ]
RMatrix: !!opencv-matrix
   rows: 3
   cols: 3
   dt: f
   data: [ 2.07447037e-01, -9.76810396e-01, -5.29838502e-02,
       2.09486531e-03, -5.37183583e-02, 9.98553991e-01, -9.78244126e-01,
       -2.07258031e-01, -9.09742620e-03 ]
fx: 5.4068603515625000e+02
fy: 5.4068603515625000e+02
cx: 4.7975000000000000e+02
cy: 2.6975000000000000e+02
