%YAML:1.0
TVector: !!opencv-matrix
   rows: 3
   cols: 1
   dt: f
   data: [ 6.46061525e-02, 1.50674209e-02, -1.71863392e-01 ]
RMatrix: !!opencv-matrix
   rows: 3
   cols: 3
   dt: f
   data: [ 3.11037421e-01, -9.49974418e-01, 2.83614323e-02,
       3.38130891e-01, 1.38500199e-01, 9.30851758e-01, 8.88213336e-01,
       2.79939830e-01, -3.64294380e-01 ]
fx: 5.4068603515625000e+02
fy: 5.4068603515625000e+02
cx: 4.7975000000000000e+02
cy: 2.6975000000000000e+02
