%YAML:1.0
TVector: !!opencv-matrix
   rows: 3
   cols: 1
   dt: f
   data: [ -1.97926626e-01, -2.21794974e-02, -7.27994919e-01 ]
RMatrix: !!opencv-matrix
   rows: 3
   cols: 3
   dt: f
   data: [ 2.10325822e-01, -9.76113141e-01, -5.44613712e-02,
       -8.88447743e-04, -5.58982976e-02, 9.98436093e-01, -9.77630913e-01,
       -2.09948510e-01, -1.26240803e-02 ]
fx: 5.4068603515625000e+02
fy: 5.4068603515625000e+02
cx: 4.7975000000000000e+02
cy: 2.6975000000000000e+02
