%YAML:1.0
TVector: !!opencv-matrix
   rows: 3
   cols: 1
   dt: f
   data: [ -1.99134186e-01, -2.94419043e-02, -7.33753026e-01 ]
RMatrix: !!opencv-matrix
   rows: 3
   cols: 3
   dt: f
   data: [ 2.11660907e-01, -9.75763619e-01, -5.55450022e-02,
       5.93712786e-04, -5.67042716e-02, 9.98390853e-01, -9.77343023e-01,
       -2.11353332e-01, -1.14227552e-02 ]
fx: 5.4068603515625000e+02
fy: 5.4068603515625000e+02
cx: 4.7975000000000000e+02
cy: 2.6975000000000000e+02
