%YAML:1.0
TVector: !!opencv-matrix
   rows: 3
   cols: 1
   dt: f
   data: [ 3.04826051e-02, -1.07204663e-02, -5.37180202e-03 ]
RMatrix: !!opencv-matrix
   rows: 3
   cols: 3
   dt: f
   data: [ -5.09290164e-03, -9.99643981e-01, -2.61915773e-02,
       -1.24981347e-02, -2.61262394e-02, 9.99580562e-01, -9.99908924e-01,
       5.41811064e-03, -1.23606268e-02 ]
fx: 5.4068603515625000e+02
fy: 5.4068603515625000e+02
cx: 4.7975000000000000e+02
cy: 2.6975000000000000e+02
