%YAML:1.0
TVector: !!opencv-matrix
   rows: 3
   cols: 1
   dt: f
   data: [ 1.94661829e-04, 2.04906706e-03, -1.16883044e-03 ]
RMatrix: !!opencv-matrix
   rows: 3
   cols: 3
   dt: f
   data: [ -1.76762103e-03, -9.99996781e-01, 1.75383338e-03,
       1.45610971e-02, 1.72791176e-03, 9.99892354e-01, 9.99892235e-01,
       -1.79296860e-03, -1.45579977e-02 ]
fx: 5.4068603515625000e+02
fy: 5.4068603515625000e+02
cx: 4.7975000000000000e+02
cy: 2.6975000000000000e+02
