%YAML:1.0
TVector: !!opencv-matrix
   rows: 3
   cols: 1
   dt: f
   data: [ -2.03134581e-01, -2.98359059e-02, -7.38166630e-01 ]
RMatrix: !!opencv-matrix
   rows: 3
   cols: 3
   dt: f
   data: [ 2.14329213e-01, -9.75299299e-01, -5.34296148e-02,
       -2.25308700e-03, -5.51942848e-02, 9.98473227e-01, -9.76759017e-01,
       -2.13881567e-01, -1.40271792e-02 ]
fx: 5.4068603515625000e+02
fy: 5.4068603515625000e+02
cx: 4.7975000000000000e+02
cy: 2.6975000000000000e+02
