%YAML:1.0
TVector: !!opencv-matrix
   rows: 3
   cols: 1
   dt: f
   data: [ -2.08349183e-01, -3.42636742e-02, -7.40717649e-01 ]
RMatrix: !!opencv-matrix
   rows: 3
   cols: 3
   dt: f
   data: [ 2.18353257e-01, -9.74642575e-01, -4.89274114e-02,
       -4.65507107e-03, -5.11769354e-02, 9.98678803e-01, -9.75858808e-01,
       -2.17836961e-01, -1.57116801e-02 ]
fx: 5.4068603515625000e+02
fy: 5.4068603515625000e+02
cx: 4.7975000000000000e+02
cy: 2.6975000000000000e+02
