%YAML:1.0
TVector: !!opencv-matrix
   rows: 3
   cols: 1
   dt: f
   data: [ 6.57048449e-02, 2.11551879e-02, -1.79335520e-01 ]
RMatrix: !!opencv-matrix
   rows: 3
   cols: 3
   dt: f
   data: [ 3.09097528e-01, -9.50601578e-01, 2.85518207e-02,
       3.25568885e-01, 1.33974507e-01, 9.35978413e-01, 8.93567860e-01,
       2.80013025e-01, -3.50897491e-01 ]
fx: 5.4068603515625000e+02
fy: 5.4068603515625000e+02
cx: 4.7975000000000000e+02
cy: 2.6975000000000000e+02
