%YAML:1.0
TVector: !!opencv-matrix
   rows: 3
   cols: 1
   dt: f
   data: [ -2.19530448e-01, -3.80187482e-02, -7.49517739e-01 ]
RMatrix: !!opencv-matrix
   rows: 3
   cols: 3
   dt: f
   data: [ 2.21520811e-01, -9.74024057e-01, -4.69633825e-02,
       -7.49295205e-03, -4.98586223e-02, 9.98728216e-01, -9.75126743e-01,
       -2.20887199e-01, -1.83430389e-02 ]
fx: 5.4068603515625000e+02
fy: 5.4068603515625000e+02
cx: 4.7975000000000000e+02
cy: 2.6975000000000000e+02
