%YAML:1.0
TVector: !!opencv-matrix
   rows: 3
   cols: 1
   dt: f
   data: [ -2.22012192e-01, -3.92416976e-02, -7.49874830e-01 ]
RMatrix: !!opencv-matrix
   rows: 3
   cols: 3
   dt: f
   data: [ 2.21804932e-01, -9.73986089e-01, -4.64092605e-02,
       -1.02068754e-02, -4.99113277e-02, 9.98701572e-01, -9.75037634e-01,
       -2.21043259e-01, -2.10119300e-02 ]
fx: 5.4068603515625000e+02
fy: 5.4068603515625000e+02
cx: 4.7975000000000000e+02
cy: 2.6975000000000000e+02
