%YAML:1.0
TVector: !!opencv-matrix
   rows: 3
   cols: 1
   dt: f
   data: [ -2.25000054e-01, -4.35834043e-02, -7.56275654e-01 ]
RMatrix: !!opencv-matrix
   rows: 3
   cols: 3
   dt: f
   data: [ 2.21809536e-01, -9.73982155e-01, -4.64668758e-02,
       -1.27729410e-02, -5.05520850e-02, 9.98639762e-01, -9.75006402e-01,
       -2.20914334e-01, -2.36535482e-02 ]
fx: 5.4068603515625000e+02
fy: 5.4068603515625000e+02
cx: 4.7975000000000000e+02
cy: 2.6975000000000000e+02
