%YAML:1.0
TVector: !!opencv-matrix
   rows: 3
   cols: 1
   dt: f
   data: [ 6.45156726e-02, 1.24428924e-02, -1.77727729e-01 ]
RMatrix: !!opencv-matrix
   rows: 3
   cols: 3
   dt: f
   data: [ 3.04572940e-01, -9.52038229e-01, 2.93033607e-02,
       3.12371671e-01, 1.28901884e-01, 9.41173792e-01, 8.99810553e-01,
       2.77502477e-01, -3.36649805e-01 ]
fx: 5.4068603515625000e+02
fy: 5.4068603515625000e+02
cx: 4.7975000000000000e+02
cy: 2.6975000000000000e+02
