%YAML:1.0
TVector: !!opencv-matrix
   rows: 3
   cols: 1
   dt: f
   data: [ -2.33565867e-01, -5.25118299e-02, -7.59191751e-01 ]
RMatrix: !!opencv-matrix
   rows: 3
   cols: 3
   dt: f
   data: [ 2.25075319e-01, -9.73315895e-01, -4.46926914e-02,
       -2.07763240e-02, -5.06535396e-02, 9.98500168e-01, -9.74119902e-01,
       -2.23809212e-01, -3.16227823e-02 ]
fx: 5.4068603515625000e+02
fy: 5.4068603515625000e+02
cx: 4.7975000000000000e+02
cy: 2.6975000000000000e+02
