%YAML:1.0
TVector: !!opencv-matrix
   rows: 3
   cols: 1
   dt: f
   data: [ 6.08675256e-02, 7.85618741e-03, -1.78695306e-01 ]
RMatrix: !!opencv-matrix
   rows: 3
   cols: 3
   dt: f
   data: [ 3.00618261e-01, -9.53327179e-01, 2.82171257e-02,
       3.03408891e-01, 1.23640589e-01, 9.44804907e-01, 9.04196739e-01,
       2.75464207e-01, -3.26416403e-01 ]
fx: 5.4068603515625000e+02
fy: 5.4068603515625000e+02
cx: 4.7975000000000000e+02
cy: 2.6975000000000000e+02
