%YAML:1.0
TVector: !!opencv-matrix
   rows: 3
   cols: 1
   dt: f
   data: [ 6.08618446e-02, 1.41688052e-03, -1.79739565e-01 ]
RMatrix: !!opencv-matrix
   rows: 3
   cols: 3
   dt: f
   data: [ 2.98022270e-01, -9.54098880e-01, 2.96318270e-02,
       2.98071593e-01, 1.22506090e-01, 9.46649671e-01, 9.06827450e-01,
       2.73290247e-01, -3.20899278e-01 ]
fx: 5.4068603515625000e+02
fy: 5.4068603515625000e+02
cx: 4.7975000000000000e+02
cy: 2.6975000000000000e+02
