%YAML:1.0
TVector: !!opencv-matrix
   rows: 3
   cols: 1
   dt: f
   data: [ -2.38322660e-01, -4.96601202e-02, -7.55338430e-01 ]
RMatrix: !!opencv-matrix
   rows: 3
   cols: 3
   dt: f
   data: [ 2.27287084e-01, -9.72870052e-01, -4.31804247e-02,
       -2.56057940e-02, -5.02959900e-02, 9.98406053e-01, -9.73491132e-01,
       -2.25819185e-01, -3.63427475e-02 ]
fx: 5.4068603515625000e+02
fy: 5.4068603515625000e+02
cx: 4.7975000000000000e+02
cy: 2.6975000000000000e+02
