%YAML:1.0
TVector: !!opencv-matrix
   rows: 3
   cols: 1
   dt: f
   data: [ -2.43295699e-01, -5.32537363e-02, -7.59115517e-01 ]
RMatrix: !!opencv-matrix
   rows: 3
   cols: 3
   dt: f
   data: [ 2.30629846e-01, -9.72122788e-01, -4.22738418e-02,
       -3.37073952e-02, -5.14007472e-02, 9.98109162e-01, -9.72457469e-01,
       -2.28768840e-01, -4.46222834e-02 ]
fx: 5.4068603515625000e+02
fy: 5.4068603515625000e+02
cx: 4.7975000000000000e+02
cy: 2.6975000000000000e+02
