%YAML:1.0
TVector: !!opencv-matrix
   rows: 3
   cols: 1
   dt: f
   data: [ -2.46298164e-01, -5.47937006e-02, -7.58250833e-01 ]
RMatrix: !!opencv-matrix
   rows: 3
   cols: 3
   dt: f
   data: [ 2.32117638e-01, -9.71839786e-01, -4.06088904e-02,
       -3.64384614e-02, -5.04077710e-02, 9.98063803e-01, -9.72005010e-01,
       -2.30188489e-01, -4.71128635e-02 ]
fx: 5.4068603515625000e+02
fy: 5.4068603515625000e+02
cx: 4.7975000000000000e+02
cy: 2.6975000000000000e+02
