%YAML:1.0
TVector: !!opencv-matrix
   rows: 3
   cols: 1
   dt: f
   data: [ 3.28776576e-02, -1.12436758e-02, -6.13973709e-03 ]
RMatrix: !!opencv-matrix
   rows: 3
   cols: 3
   dt: f
   data: [ -1.00058957e-03, -9.99681711e-01, -2.52064783e-02,
       -1.67113207e-02, -2.51862593e-02, 9.99543071e-01, -9.99859691e-01,
       1.42136624e-03, -1.66808013e-02 ]
fx: 5.4068603515625000e+02
fy: 5.4068603515625000e+02
cx: 4.7975000000000000e+02
cy: 2.6975000000000000e+02
