%YAML:1.0
TVector: !!opencv-matrix
   rows: 3
   cols: 1
   dt: f
   data: [ -2.49813929e-01, -5.38710915e-02, -7.57997990e-01 ]
RMatrix: !!opencv-matrix
   rows: 3
   cols: 3
   dt: f
   data: [ 2.33555913e-01, -9.71639335e-01, -3.69906351e-02,
       -4.08521406e-02, -4.78147268e-02, 9.98020411e-01, -9.71484840e-01,
       -2.31582418e-01, -5.08609712e-02 ]
fx: 5.4068603515625000e+02
fy: 5.4068603515625000e+02
cx: 4.7975000000000000e+02
cy: 2.6975000000000000e+02
