%YAML:1.0
TVector: !!opencv-matrix
   rows: 3
   cols: 1
   dt: f
   data: [ -2.55140364e-01, -5.61956801e-02, -7.57012010e-01 ]
RMatrix: !!opencv-matrix
   rows: 3
   cols: 3
   dt: f
   data: [ 2.39983097e-01, -9.70207870e-01, -3.32363769e-02,
       -4.87272516e-02, -4.62323949e-02, 9.97741461e-01, -9.69553411e-01,
       -2.37821594e-01, -5.83705567e-02 ]
fx: 5.4068603515625000e+02
fy: 5.4068603515625000e+02
cx: 4.7975000000000000e+02
cy: 2.6975000000000000e+02
