%YAML:1.0
TVector: !!opencv-matrix
   rows: 3
   cols: 1
   dt: f
   data: [ 6.60142154e-02, 5.94655424e-03, -1.66386038e-01 ]
RMatrix: !!opencv-matrix
   rows: 3
   cols: 3
   dt: f
   data: [ 2.82361031e-01, -9.58667338e-01, 3.50570679e-02,
       2.73594081e-01, 1.15501761e-01, 9.54885185e-01, 9.19466376e-01,
       2.60030985e-01, -2.94898927e-01 ]
fx: 5.4068603515625000e+02
fy: 5.4068603515625000e+02
cx: 4.7975000000000000e+02
cy: 2.6975000000000000e+02
