%YAML:1.0
TVector: !!opencv-matrix
   rows: 3
   cols: 1
   dt: f
   data: [ -2.57161528e-01, -5.57613559e-02, -7.55680084e-01 ]
RMatrix: !!opencv-matrix
   rows: 3
   cols: 3
   dt: f
   data: [ 2.42213309e-01, -9.69749928e-01, -3.02960295e-02,
       -5.14649116e-02, -4.40236777e-02, 9.97704029e-01, -9.68857110e-01,
       -2.40097985e-01, -6.05712160e-02 ]
fx: 5.4068603515625000e+02
fy: 5.4068603515625000e+02
cx: 4.7975000000000000e+02
cy: 2.6975000000000000e+02
