%YAML:1.0
TVector: !!opencv-matrix
   rows: 3
   cols: 1
   dt: f
   data: [ 6.58729449e-02, 3.44451424e-03, -1.60649210e-01 ]
RMatrix: !!opencv-matrix
   rows: 3
   cols: 3
   dt: f
   data: [ 2.77835786e-01, -9.60018814e-01, 3.42179388e-02,
       2.69459039e-01, 1.12074606e-01, 9.56467927e-01, 9.22062337e-01,
       2.56520748e-01, -2.89824158e-01 ]
fx: 5.4068603515625000e+02
fy: 5.4068603515625000e+02
cx: 4.7975000000000000e+02
cy: 2.6975000000000000e+02
