%YAML:1.0
TVector: !!opencv-matrix
   rows: 3
   cols: 1
   dt: f
   data: [ 6.68488666e-02, 1.49283151e-03, -1.59604728e-01 ]
RMatrix: !!opencv-matrix
   rows: 3
   cols: 3
   dt: f
   data: [ 2.73192227e-01, -9.61340427e-01, 3.45005989e-02,
       2.63653725e-01, 1.09319873e-01, 9.58402753e-01, 9.25122917e-01,
       2.52731949e-01, -2.83326358e-01 ]
fx: 5.4068603515625000e+02
fy: 5.4068603515625000e+02
cx: 4.7975000000000000e+02
cy: 2.6975000000000000e+02
