%YAML:1.0
TVector: !!opencv-matrix
   rows: 3
   cols: 1
   dt: f
   data: [ -2.61110991e-01, -5.53002246e-02, -7.53259957e-01 ]
RMatrix: !!opencv-matrix
   rows: 3
   cols: 3
   dt: f
   data: [ 2.45337427e-01, -9.69061017e-01, -2.70236339e-02,
       -5.59229366e-02, -4.19761725e-02, 9.97552335e-01, -9.67823327e-01,
       -2.43225679e-01, -6.44910634e-02 ]
fx: 5.4068603515625000e+02
fy: 5.4068603515625000e+02
cx: 4.7975000000000000e+02
cy: 2.6975000000000000e+02
