%YAML:1.0
TVector: !!opencv-matrix
   rows: 3
   cols: 1
   dt: f
   data: [ -2.64323950e-01, -5.84700294e-02, -7.53848314e-01 ]
RMatrix: !!opencv-matrix
   rows: 3
   cols: 3
   dt: f
   data: [ 2.51246691e-01, -9.67590392e-01, -2.53739394e-02,
       -6.54632300e-02, -4.31414507e-02, 9.96921897e-01, -9.65706766e-01,
       -2.48812273e-01, -7.41807446e-02 ]
fx: 5.4068603515625000e+02
fy: 5.4068603515625000e+02
cx: 4.7975000000000000e+02
cy: 2.6975000000000000e+02
