%YAML:1.0
TVector: !!opencv-matrix
   rows: 3
   cols: 1
   dt: f
   data: [ -2.64838457e-01, -5.74918352e-02, -7.54823864e-01 ]
RMatrix: !!opencv-matrix
   rows: 3
   cols: 3
   dt: f
   data: [ 2.54041076e-01, -9.66917694e-01, -2.30926126e-02,
       -7.63257593e-02, -4.38432880e-02, 9.96118546e-01, -9.64177072e-01,
       -2.51292437e-01, -8.49387273e-02 ]
fx: 5.4068603515625000e+02
fy: 5.4068603515625000e+02
cx: 4.7975000000000000e+02
cy: 2.6975000000000000e+02
