%YAML:1.0
TVector: !!opencv-matrix
   rows: 3
   cols: 1
   dt: f
   data: [ -2.66859591e-01, -5.92506304e-02, -7.54754543e-01 ]
RMatrix: !!opencv-matrix
   rows: 3
   cols: 3
   dt: f
   data: [ 2.58468628e-01, -9.65720057e-01, -2.40579098e-02,
       -7.51837865e-02, -4.49385792e-02, 9.96156633e-01, -9.63089526e-01,
       -2.55666494e-01, -8.42216983e-02 ]
fx: 5.4068603515625000e+02
fy: 5.4068603515625000e+02
cx: 4.7975000000000000e+02
cy: 2.6975000000000000e+02
