%YAML:1.0
TVector: !!opencv-matrix
   rows: 3
   cols: 1
   dt: f
   data: [ -2.69445866e-01, -5.68172298e-02, -7.54110277e-01 ]
RMatrix: !!opencv-matrix
   rows: 3
   cols: 3
   dt: f
   data: [ 2.61496305e-01, -9.64956820e-01, -2.18562856e-02,
       -7.97421113e-02, -4.41652350e-02, 9.95836556e-01, -9.61904764e-01,
       -2.58664697e-01, -8.84967446e-02 ]
fx: 5.4068603515625000e+02
fy: 5.4068603515625000e+02
cx: 4.7975000000000000e+02
cy: 2.6975000000000000e+02
