%YAML:1.0
TVector: !!opencv-matrix
   rows: 3
   cols: 1
   dt: f
   data: [ 6.40758947e-02, -3.01928865e-03, -1.52333125e-01 ]
RMatrix: !!opencv-matrix
   rows: 3
   cols: 3
   dt: f
   data: [ 2.54869044e-01, -9.66442704e-01, 3.20975892e-02,
       2.40909696e-01, 9.56095383e-02, 9.65826809e-01, 9.36485171e-01,
       2.38426760e-01, -2.57193327e-01 ]
fx: 5.4068603515625000e+02
fy: 5.4068603515625000e+02
cx: 4.7975000000000000e+02
cy: 2.6975000000000000e+02
