%YAML:1.0
TVector: !!opencv-matrix
   rows: 3
   cols: 1
   dt: f
   data: [ -2.69969702e-01, -6.04463741e-02, -7.57743239e-01 ]
RMatrix: !!opencv-matrix
   rows: 3
   cols: 3
   dt: f
   data: [ 2.63099760e-01, -9.64496613e-01, -2.29155626e-02,
       -7.67311677e-02, -4.45964225e-02, 9.96054113e-01, -9.61712718e-01,
       -2.60303169e-01, -8.57402459e-02 ]
fx: 5.4068603515625000e+02
fy: 5.4068603515625000e+02
cx: 4.7975000000000000e+02
cy: 2.6975000000000000e+02
