%YAML:1.0
TVector: !!opencv-matrix
   rows: 3
   cols: 1
   dt: f
   data: [ -2.72448719e-01, -5.95784001e-02, -7.57687449e-01 ]
RMatrix: !!opencv-matrix
   rows: 3
   cols: 3
   dt: f
   data: [ 2.64375895e-01, -9.64194298e-01, -2.08633281e-02,
       -8.05361494e-02, -4.36296351e-02, 9.95796502e-01, -9.61051404e-01,
       -2.61584312e-01, -8.91871005e-02 ]
fx: 5.4068603515625000e+02
fy: 5.4068603515625000e+02
cx: 4.7975000000000000e+02
cy: 2.6975000000000000e+02
