%YAML:1.0
TVector: !!opencv-matrix
   rows: 3
   cols: 1
   dt: f
   data: [ 3.36083509e-02, -1.20145120e-02, -6.88817492e-03 ]
RMatrix: !!opencv-matrix
   rows: 3
   cols: 3
   dt: f
   data: [ 5.40413661e-04, -9.99709487e-01, -2.41008122e-02,
       -1.70272663e-02, -2.41065193e-02, 9.99564528e-01, -9.99854922e-01,
       -1.29807100e-04, -1.70353465e-02 ]
fx: 5.4068603515625000e+02
fy: 5.4068603515625000e+02
cx: 4.7975000000000000e+02
cy: 2.6975000000000000e+02
