%YAML:1.0
TVector: !!opencv-matrix
   rows: 3
   cols: 1
   dt: f
   data: [ -2.75319099e-01, -5.52193932e-02, -7.58539200e-01 ]
RMatrix: !!opencv-matrix
   rows: 3
   cols: 3
   dt: f
   data: [ 2.65479475e-01, -9.63893235e-01, -2.07499396e-02,
       -8.15323815e-02, -4.38907258e-02, 9.95703816e-01, -9.60662961e-01,
       -2.62647122e-01, -9.02406052e-02 ]
fx: 5.4068603515625000e+02
fy: 5.4068603515625000e+02
cx: 4.7975000000000000e+02
cy: 2.6975000000000000e+02
