%YAML:1.0
TVector: !!opencv-matrix
   rows: 3
   cols: 1
   dt: f
   data: [ 6.96589276e-02, -6.14528311e-03, -1.40222639e-01 ]
RMatrix: !!opencv-matrix
   rows: 3
   cols: 3
   dt: f
   data: [ 2.40083933e-01, -9.70190942e-01, 3.30004953e-02,
       2.14825645e-01, 8.62513408e-02, 9.72836316e-01, 9.46683288e-01,
       2.26473019e-01, -2.29129449e-01 ]
fx: 5.4068603515625000e+02
fy: 5.4068603515625000e+02
cx: 4.7975000000000000e+02
cy: 2.6975000000000000e+02
