%YAML:1.0
TVector: !!opencv-matrix
   rows: 3
   cols: 1
   dt: f
   data: [ -2.76401401e-01, -5.24943545e-02, -7.58967876e-01 ]
RMatrix: !!opencv-matrix
   rows: 3
   cols: 3
   dt: f
   data: [ 2.66738713e-01, -9.63529468e-01, -2.14875173e-02,
       -7.89012983e-02, -4.40522544e-02, 9.95908678e-01, -9.60533857e-01,
       -2.63952017e-01, -8.77741575e-02 ]
fx: 5.4068603515625000e+02
fy: 5.4068603515625000e+02
cx: 4.7975000000000000e+02
cy: 2.6975000000000000e+02
