%YAML:1.0
TVector: !!opencv-matrix
   rows: 3
   cols: 1
   dt: f
   data: [ 7.16898516e-02, -2.48122937e-03, -1.43948182e-01 ]
RMatrix: !!opencv-matrix
   rows: 3
   cols: 3
   dt: f
   data: [ 2.35304385e-01, -9.71353233e-01, 3.32340784e-02,
       2.06769511e-01, 8.34415108e-02, 9.74824965e-01, 9.49672580e-01,
       2.22508803e-01, -2.20480412e-01 ]
fx: 5.4068603515625000e+02
fy: 5.4068603515625000e+02
cx: 4.7975000000000000e+02
cy: 2.6975000000000000e+02
