%YAML:1.0
TVector: !!opencv-matrix
   rows: 3
   cols: 1
   dt: f
   data: [ -2.78090566e-01, -5.09596132e-02, -7.62072086e-01 ]
RMatrix: !!opencv-matrix
   rows: 3
   cols: 3
   dt: f
   data: [ 2.68847853e-01, -9.62851822e-01, -2.52384152e-02,
       -7.39706680e-02, -4.67657000e-02, 9.96163130e-01, -9.60337937e-01,
       -2.65949488e-01, -8.37956592e-02 ]
fx: 5.4068603515625000e+02
fy: 5.4068603515625000e+02
cx: 4.7975000000000000e+02
cy: 2.6975000000000000e+02
