%YAML:1.0
TVector: !!opencv-matrix
   rows: 3
   cols: 1
   dt: f
   data: [ -2.78982252e-01, -4.90204282e-02, -7.62249708e-01 ]
RMatrix: !!opencv-matrix
   rows: 3
   cols: 3
   dt: f
   data: [ 2.70772040e-01, -9.62295651e-01, -2.58798264e-02,
       -7.44528994e-02, -4.77381051e-02, 9.96081293e-01, -9.59760070e-01,
       -2.67784059e-01, -8.45718160e-02 ]
fx: 5.4068603515625000e+02
fy: 5.4068603515625000e+02
cx: 4.7975000000000000e+02
cy: 2.6975000000000000e+02
