%YAML:1.0
TVector: !!opencv-matrix
   rows: 3
   cols: 1
   dt: f
   data: [ -2.82233834e-01, -4.44763601e-02, -7.64837265e-01 ]
RMatrix: !!opencv-matrix
   rows: 3
   cols: 3
   dt: f
   data: [ 2.74201900e-01, -9.61325407e-01, -2.58227345e-02,
       -7.08955377e-02, -4.69860248e-02, 9.96376455e-01, -9.59055245e-01,
       -2.71377623e-01, -8.10373276e-02 ]
fx: 5.4068603515625000e+02
fy: 5.4068603515625000e+02
cx: 4.7975000000000000e+02
cy: 2.6975000000000000e+02
