%YAML:1.0
TVector: !!opencv-matrix
   rows: 3
   cols: 1
   dt: f
   data: [ -2.83396989e-01, -4.25932296e-02, -7.66945660e-01 ]
RMatrix: !!opencv-matrix
   rows: 3
   cols: 3
   dt: f
   data: [ 2.76851296e-01, -9.60504234e-01, -2.80202646e-02,
       -6.66944608e-02, -4.82970811e-02, 9.96603966e-01, -9.58595455e-01,
       -2.74042249e-01, -7.74314180e-02 ]
fx: 5.4068603515625000e+02
fy: 5.4068603515625000e+02
cx: 4.7975000000000000e+02
cy: 2.6975000000000000e+02
