%YAML:1.0
TVector: !!opencv-matrix
   rows: 3
   cols: 1
   dt: f
   data: [ 6.46907166e-02, -1.22882929e-02, -1.38641119e-01 ]
RMatrix: !!opencv-matrix
   rows: 3
   cols: 3
   dt: f
   data: [ 2.12728292e-01, -9.76715088e-01, 2.78237388e-02,
       1.80421263e-01, 6.72497004e-02, 9.81287718e-01, 9.60309684e-01,
       2.03727663e-01, -1.90526113e-01 ]
fx: 5.4068603515625000e+02
fy: 5.4068603515625000e+02
cx: 4.7975000000000000e+02
cy: 2.6975000000000000e+02
