%YAML:1.0
TVector: !!opencv-matrix
   rows: 3
   cols: 1
   dt: f
   data: [ -2.83597380e-01, -4.01426554e-02, -7.68751621e-01 ]
RMatrix: !!opencv-matrix
   rows: 3
   cols: 3
   dt: f
   data: [ 2.77081251e-01, -9.60374892e-01, -3.00988127e-02,
       -6.36891425e-02, -4.96135689e-02, 9.96735752e-01, -9.58733320e-01,
       -2.74259835e-01, -7.49124512e-02 ]
fx: 5.4068603515625000e+02
fy: 5.4068603515625000e+02
cx: 4.7975000000000000e+02
cy: 2.6975000000000000e+02
