%YAML:1.0
TVector: !!opencv-matrix
   rows: 3
   cols: 1
   dt: f
   data: [ -2.87123382e-01, -3.75326984e-02, -7.68149376e-01 ]
RMatrix: !!opencv-matrix
   rows: 3
   cols: 3
   dt: f
   data: [ 2.77632922e-01, -9.60193574e-01, -3.07978205e-02,
       -6.08949773e-02, -4.95828912e-02, 9.96912003e-01, -9.58755493e-01,
       -2.74900079e-01, -7.22368062e-02 ]
fx: 5.4068603515625000e+02
fy: 5.4068603515625000e+02
cx: 4.7975000000000000e+02
cy: 2.6975000000000000e+02
