%YAML:1.0
TVector: !!opencv-matrix
   rows: 3
   cols: 1
   dt: f
   data: [ 5.75579144e-02, -9.88411438e-03, -1.47783950e-01 ]
RMatrix: !!opencv-matrix
   rows: 3
   cols: 3
   dt: f
   data: [ 2.10498273e-01, -9.77188170e-01, 2.81739868e-02,
       1.71842217e-01, 6.53571635e-02, 9.82954085e-01, 9.62372482e-01,
       2.02068657e-01, -1.81679785e-01 ]
fx: 5.4068603515625000e+02
fy: 5.4068603515625000e+02
cx: 4.7975000000000000e+02
cy: 2.6975000000000000e+02
