%YAML:1.0
TVector: !!opencv-matrix
   rows: 3
   cols: 1
   dt: f
   data: [ -2.90452451e-01, -3.46232504e-02, -7.74720132e-01 ]
RMatrix: !!opencv-matrix
   rows: 3
   cols: 3
   dt: f
   data: [ 2.76760042e-01, -9.60302353e-01, -3.49777266e-02,
       -5.37747107e-02, -5.18198796e-02, 9.97207582e-01, -9.59433198e-01,
       -2.74106354e-01, -6.59816489e-02 ]
fx: 5.4068603515625000e+02
fy: 5.4068603515625000e+02
cx: 4.7975000000000000e+02
cy: 2.6975000000000000e+02
