%YAML:1.0
TVector: !!opencv-matrix
   rows: 3
   cols: 1
   dt: f
   data: [ -2.92525023e-01, -3.26238126e-02, -7.75294781e-01 ]
RMatrix: !!opencv-matrix
   rows: 3
   cols: 3
   dt: f
   data: [ 2.77238756e-01, -9.60148036e-01, -3.54227386e-02,
       -5.23074083e-02, -5.18962704e-02, 9.97281730e-01, -9.59376335e-01,
       -2.74632275e-01, -6.46105111e-02 ]
fx: 5.4068603515625000e+02
fy: 5.4068603515625000e+02
cx: 4.7975000000000000e+02
cy: 2.6975000000000000e+02
