%YAML:1.0
TVector: !!opencv-matrix
   rows: 3
   cols: 1
   dt: f
   data: [ 5.65382540e-02, -1.22148180e-02, -1.43724665e-01 ]
RMatrix: !!opencv-matrix
   rows: 3
   cols: 3
   dt: f
   data: [ 2.01318517e-01, -9.79157805e-01, 2.68489625e-02,
       1.59137920e-01, 5.97407743e-02, 9.85447049e-01, 9.66512144e-01,
       1.94116101e-01, -1.67848065e-01 ]
fx: 5.4068603515625000e+02
fy: 5.4068603515625000e+02
cx: 4.7975000000000000e+02
cy: 2.6975000000000000e+02
