%YAML:1.0
TVector: !!opencv-matrix
   rows: 3
   cols: 1
   dt: f
   data: [ 3.45829688e-02, -1.24442037e-02, -5.68659930e-03 ]
RMatrix: !!opencv-matrix
   rows: 3
   cols: 3
   dt: f
   data: [ 7.78748072e-04, -9.99688447e-01, -2.49499306e-02,
       -1.86868384e-02, -2.49601305e-02, 9.99513805e-01, -9.99825120e-01,
       -3.12134041e-04, -1.87004581e-02 ]
fx: 5.4068603515625000e+02
fy: 5.4068603515625000e+02
cx: 4.7975000000000000e+02
cy: 2.6975000000000000e+02
