%YAML:1.0
TVector: !!opencv-matrix
   rows: 3
   cols: 1
   dt: f
   data: [ -2.88262516e-01, -3.13442796e-02, -7.75125563e-01 ]
RMatrix: !!opencv-matrix
   rows: 3
   cols: 3
   dt: f
   data: [ 2.75881290e-01, -9.60530043e-01, -3.56576890e-02,
       -5.02835587e-02, -5.14690243e-02, 9.97407794e-01, -9.59875464e-01,
       -2.73373157e-01, -6.24982119e-02 ]
fx: 5.4068603515625000e+02
fy: 5.4068603515625000e+02
cx: 4.7975000000000000e+02
cy: 2.6975000000000000e+02
