%YAML:1.0
TVector: !!opencv-matrix
   rows: 3
   cols: 1
   dt: f
   data: [ -2.95718580e-01, -2.68440451e-02, -7.76184916e-01 ]
RMatrix: !!opencv-matrix
   rows: 3
   cols: 3
   dt: f
   data: [ 2.79685706e-01, -9.59445298e-01, -3.52230072e-02,
       -4.96484526e-02, -5.10914773e-02, 9.97459054e-01, -9.58807111e-01,
       -2.77226329e-01, -6.19245283e-02 ]
fx: 5.4068603515625000e+02
fy: 5.4068603515625000e+02
cx: 4.7975000000000000e+02
cy: 2.6975000000000000e+02
