%YAML:1.0
TVector: !!opencv-matrix
   rows: 3
   cols: 1
   dt: f
   data: [ -2.96411932e-01, -2.29720529e-02, -7.82075226e-01 ]
RMatrix: !!opencv-matrix
   rows: 3
   cols: 3
   dt: f
   data: [ 2.79956818e-01, -9.59414244e-01, -3.38913351e-02,
       -4.34494950e-02, -4.79295850e-02, 9.97905254e-01, -9.59028840e-01,
       -2.77897775e-01, -5.51042818e-02 ]
fx: 5.4068603515625000e+02
fy: 5.4068603515625000e+02
cx: 4.7975000000000000e+02
cy: 2.6975000000000000e+02
