%YAML:1.0
TVector: !!opencv-matrix
   rows: 3
   cols: 1
   dt: f
   data: [ -2.99731612e-01, -1.67467687e-02, -7.86798656e-01 ]
RMatrix: !!opencv-matrix
   rows: 3
   cols: 3
   dt: f
   data: [ 2.77729630e-01, -9.59817827e-01, -4.01955433e-02,
       -3.40717249e-02, -5.16569167e-02, 9.98083353e-01, -9.60054755e-01,
       -2.75827825e-01, -4.70493063e-02 ]
fx: 5.4068603515625000e+02
fy: 5.4068603515625000e+02
cx: 4.7975000000000000e+02
cy: 2.6975000000000000e+02
