%YAML:1.0
TVector: !!opencv-matrix
   rows: 3
   cols: 1
   dt: f
   data: [ 5.49564287e-02, -1.94800347e-02, -1.40466914e-01 ]
RMatrix: !!opencv-matrix
   rows: 3
   cols: 3
   dt: f
   data: [ 1.85258314e-01, -9.82330322e-01, 2.65752301e-02,
       1.41030937e-01, 5.33410721e-02, 9.88567054e-01, 9.72517014e-01,
       1.79392368e-01, -1.48420870e-01 ]
fx: 5.4068603515625000e+02
fy: 5.4068603515625000e+02
cx: 4.7975000000000000e+02
cy: 2.6975000000000000e+02
