%YAML:1.0
TVector: !!opencv-matrix
   rows: 3
   cols: 1
   dt: f
   data: [ -2.98531264e-01, -1.48237934e-02, -7.88516760e-01 ]
RMatrix: !!opencv-matrix
   rows: 3
   cols: 3
   dt: f
   data: [ 2.77307808e-01, -9.59827662e-01, -4.27984558e-02,
       -3.12468521e-02, -5.35316691e-02, 9.98077273e-01, -9.60273147e-01,
       -2.75437266e-01, -4.48363200e-02 ]
fx: 5.4068603515625000e+02
fy: 5.4068603515625000e+02
cx: 4.7975000000000000e+02
cy: 2.6975000000000000e+02
