%YAML:1.0
TVector: !!opencv-matrix
   rows: 3
   cols: 1
   dt: f
   data: [ -3.04705739e-01, -1.44282086e-02, -7.89529204e-01 ]
RMatrix: !!opencv-matrix
   rows: 3
   cols: 3
   dt: f
   data: [ 2.79443771e-01, -9.59176242e-01, -4.34986390e-02,
       -2.83311196e-02, -5.35206832e-02, 9.98164773e-01, -9.59743977e-01,
       -2.77698606e-01, -4.21305671e-02 ]
fx: 5.4068603515625000e+02
fy: 5.4068603515625000e+02
cx: 4.7975000000000000e+02
cy: 2.6975000000000000e+02
