%YAML:1.0
TVector: !!opencv-matrix
   rows: 3
   cols: 1
   dt: f
   data: [ -3.04636419e-01, -1.17746834e-02, -7.96076298e-01 ]
RMatrix: !!opencv-matrix
   rows: 3
   cols: 3
   dt: f
   data: [ 2.81534523e-01, -9.58428144e-01, -4.64092642e-02,
       -2.78610028e-02, -5.65101169e-02, 9.98013318e-01, -9.59146678e-01,
       -2.79682159e-01, -4.26123179e-02 ]
fx: 5.4068603515625000e+02
fy: 5.4068603515625000e+02
cx: 4.7975000000000000e+02
cy: 2.6975000000000000e+02
