%YAML:1.0
TVector: !!opencv-matrix
   rows: 3
   cols: 1
   dt: f
   data: [ -3.05763423e-01, -1.03733838e-02, -8.01364660e-01 ]
RMatrix: !!opencv-matrix
   rows: 3
   cols: 3
   dt: f
   data: [ 2.88601130e-01, -9.56157625e-01, -4.97168303e-02,
       -2.28976458e-02, -5.88041395e-02, 9.98006880e-01, -9.57175612e-01,
       -2.86887586e-01, -3.88647020e-02 ]
fx: 5.4068603515625000e+02
fy: 5.4068603515625000e+02
cx: 4.7975000000000000e+02
cy: 2.6975000000000000e+02
