%YAML:1.0
TVector: !!opencv-matrix
   rows: 3
   cols: 1
   dt: f
   data: [ 5.07520214e-02, -1.96628291e-02, -1.44849554e-01 ]
RMatrix: !!opencv-matrix
   rows: 3
   cols: 3
   dt: f
   data: [ 1.70449525e-01, -9.85092819e-01, 2.32131667e-02,
       1.19997993e-01, 4.41341586e-02, 9.91792560e-01, 9.78032410e-01,
       1.66265085e-01, -1.25731841e-01 ]
fx: 5.4068603515625000e+02
fy: 5.4068603515625000e+02
cx: 4.7975000000000000e+02
cy: 2.6975000000000000e+02
