%YAML:1.0
TVector: !!opencv-matrix
   rows: 3
   cols: 1
   dt: f
   data: [ -3.06588173e-01, -9.94530972e-03, -8.01715732e-01 ]
RMatrix: !!opencv-matrix
   rows: 3
   cols: 3
   dt: f
   data: [ 2.91510403e-01, -9.55206275e-01, -5.10129482e-02,
       -2.15357970e-02, -5.98692633e-02, 9.97973859e-01, -9.56325054e-01,
       -2.89821208e-01, -3.80236506e-02 ]
fx: 5.4068603515625000e+02
fy: 5.4068603515625000e+02
cx: 4.7975000000000000e+02
cy: 2.6975000000000000e+02
