%YAML:1.0
TVector: !!opencv-matrix
   rows: 3
   cols: 1
   dt: f
   data: [ 7.43227601e-02, -2.14375556e-02, -1.32561505e-01 ]
RMatrix: !!opencv-matrix
   rows: 3
   cols: 3
   dt: f
   data: [ 1.59733206e-01, -9.86887991e-01, 2.31852084e-02,
       1.15892738e-01, 4.20718826e-02, 9.92370367e-01, 9.80333745e-01,
       1.55827478e-01, -1.21093407e-01 ]
fx: 5.4068603515625000e+02
fy: 5.4068603515625000e+02
cx: 4.7975000000000000e+02
cy: 2.6975000000000000e+02
