%YAML:1.0
TVector: !!opencv-matrix
   rows: 3
   cols: 1
   dt: f
   data: [ -3.11311066e-01, -5.12783881e-03, -8.02495241e-01 ]
RMatrix: !!opencv-matrix
   rows: 3
   cols: 3
   dt: f
   data: [ 2.94219196e-01, -9.54518795e-01, -4.82616536e-02,
       -1.87838692e-02, -5.62621281e-02, 9.98239279e-01, -9.55553412e-01,
       -2.92794645e-01, -3.44829559e-02 ]
fx: 5.4068603515625000e+02
fy: 5.4068603515625000e+02
cx: 4.7975000000000000e+02
cy: 2.6975000000000000e+02
