%YAML:1.0
TVector: !!opencv-matrix
   rows: 3
   cols: 1
   dt: f
   data: [ 4.91627641e-02, -2.40924209e-02, -1.37275830e-01 ]
RMatrix: !!opencv-matrix
   rows: 3
   cols: 3
   dt: f
   data: [ 1.61232620e-01, -9.86679256e-01, 2.16359403e-02,
       1.13130592e-01, 4.02559713e-02, 9.92764235e-01, 9.80410874e-01,
       1.57618284e-01, -1.18114188e-01 ]
fx: 5.4068603515625000e+02
fy: 5.4068603515625000e+02
cx: 4.7975000000000000e+02
cy: 2.6975000000000000e+02
