%YAML:1.0
TVector: !!opencv-matrix
   rows: 3
   cols: 1
   dt: f
   data: [ 3.42456587e-02, -1.30586270e-02, -8.32424313e-03 ]
RMatrix: !!opencv-matrix
   rows: 3
   cols: 3
   dt: f
   data: [ 1.08462432e-03, -9.99639094e-01, -2.68408898e-02,
       -2.08371878e-02, -2.68576685e-02, 9.99422133e-01, -9.99782324e-01,
       -5.24708885e-04, -2.08588019e-02 ]
fx: 5.4068603515625000e+02
fy: 5.4068603515625000e+02
cx: 4.7975000000000000e+02
cy: 2.6975000000000000e+02
