%YAML:1.0
TVector: !!opencv-matrix
   rows: 3
   cols: 1
   dt: f
   data: [ -3.14786315e-01, -6.15861733e-03, -8.06472123e-01 ]
RMatrix: !!opencv-matrix
   rows: 3
   cols: 3
   dt: f
   data: [ 2.95378268e-01, -9.54239786e-01, -4.66720723e-02,
       -1.75996907e-02, -5.42783886e-02, 9.98370826e-01, -9.55218315e-01,
       -2.94075638e-01, -3.28269824e-02 ]
fx: 5.4068603515625000e+02
fy: 5.4068603515625000e+02
cx: 4.7975000000000000e+02
cy: 2.6975000000000000e+02
