%YAML:1.0
TVector: !!opencv-matrix
   rows: 3
   cols: 1
   dt: f
   data: [ 4.57283854e-02, -2.35364903e-02, -1.42290264e-01 ]
RMatrix: !!opencv-matrix
   rows: 3
   cols: 3
   dt: f
   data: [ 1.55552819e-01, -9.87630367e-01, 1.97339915e-02,
       1.04973204e-01, 3.63908373e-02, 9.93808866e-01, 9.82234120e-01,
       1.52518272e-01, -1.09335423e-01 ]
fx: 5.4068603515625000e+02
fy: 5.4068603515625000e+02
cx: 4.7975000000000000e+02
cy: 2.6975000000000000e+02
