%YAML:1.0
TVector: !!opencv-matrix
   rows: 3
   cols: 1
   dt: f
   data: [ -3.15154940e-01, -6.38753222e-03, -8.09866905e-01 ]
RMatrix: !!opencv-matrix
   rows: 3
   cols: 3
   dt: f
   data: [ 2.95764953e-01, -9.54220295e-01, -4.45719063e-02,
       -1.72861125e-02, -5.19980192e-02, 9.98497605e-01, -9.55104291e-01,
       -2.94550061e-01, -3.18739526e-02 ]
fx: 5.4068603515625000e+02
fy: 5.4068603515625000e+02
cx: 4.7975000000000000e+02
cy: 2.6975000000000000e+02
