%YAML:1.0
TVector: !!opencv-matrix
   rows: 3
   cols: 1
   dt: f
   data: [ 4.24640402e-02, -2.40596458e-02, -1.44757390e-01 ]
RMatrix: !!opencv-matrix
   rows: 3
   cols: 3
   dt: f
   data: [ 1.51706532e-01, -9.88241196e-01, 1.90976039e-02,
       1.01837777e-01, 3.48458663e-02, 9.94190693e-01, 9.83165503e-01,
       1.48880318e-01, -1.05926603e-01 ]
fx: 5.4068603515625000e+02
fy: 5.4068603515625000e+02
cx: 4.7975000000000000e+02
cy: 2.6975000000000000e+02
