%YAML:1.0
TVector: !!opencv-matrix
   rows: 3
   cols: 1
   dt: f
   data: [ -3.19484532e-01, -3.56381224e-03, -8.14170241e-01 ]
RMatrix: !!opencv-matrix
   rows: 3
   cols: 3
   dt: f
   data: [ 2.95669734e-01, -9.54455674e-01, -3.99268121e-02,
       -1.51817109e-02, -4.64849547e-02, 9.98803675e-01, -9.55169618e-01,
       -2.94709861e-01, -2.82344595e-02 ]
fx: 5.4068603515625000e+02
fy: 5.4068603515625000e+02
cx: 4.7975000000000000e+02
cy: 2.6975000000000000e+02
