%YAML:1.0
TVector: !!opencv-matrix
   rows: 3
   cols: 1
   dt: f
   data: [ 4.35900986e-02, -2.83009578e-02, -1.35628685e-01 ]
RMatrix: !!opencv-matrix
   rows: 3
   cols: 3
   dt: f
   data: [ 1.45787075e-01, -9.89126861e-01, 1.93339288e-02,
       9.86825377e-02, 3.39844860e-02, 9.94538307e-01, 9.84381855e-01,
       1.43082947e-01, -1.02564059e-01 ]
fx: 5.4068603515625000e+02
fy: 5.4068603515625000e+02
cx: 4.7975000000000000e+02
cy: 2.6975000000000000e+02
