%YAML:1.0
TVector: !!opencv-matrix
   rows: 3
   cols: 1
   dt: f
   data: [ -3.21601361e-01, -2.10678810e-03, -8.16485465e-01 ]
RMatrix: !!opencv-matrix
   rows: 3
   cols: 3
   dt: f
   data: [ 2.96106756e-01, -9.54291523e-01, -4.06049341e-02,
       -1.34311551e-02, -4.66671735e-02, 9.98820364e-01, -9.55060542e-01,
       -2.95211971e-01, -2.66356971e-02 ]
fx: 5.4068603515625000e+02
fy: 5.4068603515625000e+02
cx: 4.7975000000000000e+02
cy: 2.6975000000000000e+02
