%YAML:1.0
TVector: !!opencv-matrix
   rows: 3
   cols: 1
   dt: f
   data: [ -3.21868986e-01, -3.86204617e-03, -8.23821843e-01 ]
RMatrix: !!opencv-matrix
   rows: 3
   cols: 3
   dt: f
   data: [ 2.97105134e-01, -9.53935921e-01, -4.16500382e-02,
       -9.23533645e-03, -4.64885570e-02, 9.98876154e-01, -9.54800129e-01,
       -2.96386570e-01, -2.26219073e-02 ]
fx: 5.4068603515625000e+02
fy: 5.4068603515625000e+02
cx: 4.7975000000000000e+02
cy: 2.6975000000000000e+02
