%YAML:1.0
TVector: !!opencv-matrix
   rows: 3
   cols: 1
   dt: f
   data: [ 4.07306887e-02, -2.71321107e-02, -1.44735888e-01 ]
RMatrix: !!opencv-matrix
   rows: 3
   cols: 3
   dt: f
   data: [ 1.38747767e-01, -9.90163684e-01, 1.80213042e-02,
       9.07933563e-02, 3.08389813e-02, 9.95392084e-01, 9.86156881e-01,
       1.36472240e-01, -9.41791162e-02 ]
fx: 5.4068603515625000e+02
fy: 5.4068603515625000e+02
cx: 4.7975000000000000e+02
cy: 2.6975000000000000e+02
