%YAML:1.0
TVector: !!opencv-matrix
   rows: 3
   cols: 1
   dt: f
   data: [ -3.25358480e-01, -2.04975158e-03, -8.25321078e-01 ]
RMatrix: !!opencv-matrix
   rows: 3
   cols: 3
   dt: f
   data: [ 2.97781050e-01, -9.53858256e-01, -3.84846367e-02,
       -8.35102890e-03, -4.29147854e-02, 9.99043882e-01, -9.54597831e-01,
       -2.97174960e-01, -2.07449049e-02 ]
fx: 5.4068603515625000e+02
fy: 5.4068603515625000e+02
cx: 4.7975000000000000e+02
cy: 2.6975000000000000e+02
