%YAML:1.0
TVector: !!opencv-matrix
   rows: 3
   cols: 1
   dt: f
   data: [ 4.04667333e-02, -2.90621072e-02, -1.44809529e-01 ]
RMatrix: !!opencv-matrix
   rows: 3
   cols: 3
   dt: f
   data: [ 1.35828197e-01, -9.90591466e-01, 1.67159829e-02,
       8.74475539e-02, 2.87937447e-02, 9.95752990e-01, 9.86865699e-01,
       1.33789584e-01, -9.05357972e-02 ]
fx: 5.4068603515625000e+02
fy: 5.4068603515625000e+02
cx: 4.7975000000000000e+02
cy: 2.6975000000000000e+02
