%YAML:1.0
TVector: !!opencv-matrix
   rows: 3
   cols: 1
   dt: f
   data: [ -3.27612460e-01, -3.23473848e-03, -8.32228005e-01 ]
RMatrix: !!opencv-matrix
   rows: 3
   cols: 3
   dt: f
   data: [ 2.98018545e-01, -9.53978240e-01, -3.33279856e-02,
       -6.63408265e-03, -3.69835906e-02, 9.99293864e-01, -9.54536974e-01,
       -2.97587067e-01, -1.73505638e-02 ]
fx: 5.4068603515625000e+02
fy: 5.4068603515625000e+02
cx: 4.7975000000000000e+02
cy: 2.6975000000000000e+02
