%YAML:1.0
TVector: !!opencv-matrix
   rows: 3
   cols: 1
   dt: f
   data: [ -3.27839971e-01, -3.69861745e-03, -8.36112618e-01 ]
RMatrix: !!opencv-matrix
   rows: 3
   cols: 3
   dt: f
   data: [ 3.00984740e-01, -9.53026295e-01, -3.38986702e-02,
       -5.62929874e-03, -3.73220071e-02, 9.99287426e-01, -9.53612328e-01,
       -3.00579458e-01, -1.65982209e-02 ]
fx: 5.4068603515625000e+02
fy: 5.4068603515625000e+02
cx: 4.7975000000000000e+02
cy: 2.6975000000000000e+02
