%YAML:1.0
TVector: !!opencv-matrix
   rows: 3
   cols: 1
   dt: f
   data: [ -3.29536080e-01, -5.34532359e-03, -8.39871526e-01 ]
RMatrix: !!opencv-matrix
   rows: 3
   cols: 3
   dt: f
   data: [ 3.05472791e-01, -9.51462507e-01, -3.74909118e-02,
       -5.57123544e-03, -4.11581434e-02, 9.99137044e-01, -9.52184498e-01,
       -3.05000305e-01, -1.78735107e-02 ]
fx: 5.4068603515625000e+02
fy: 5.4068603515625000e+02
cx: 4.7975000000000000e+02
cy: 2.6975000000000000e+02
