%YAML:1.0
TVector: !!opencv-matrix
   rows: 3
   cols: 1
   dt: f
   data: [ -3.30708414e-01, -3.91881820e-03, -8.46017897e-01 ]
RMatrix: !!opencv-matrix
   rows: 3
   cols: 3
   dt: f
   data: [ 3.09338868e-01, -9.50234413e-01, -3.69339660e-02,
       -7.62607437e-03, -4.13165353e-02, 9.99117076e-01, -9.50921297e-01,
       -3.08784097e-01, -2.00273748e-02 ]
fx: 5.4068603515625000e+02
fy: 5.4068603515625000e+02
cx: 4.7975000000000000e+02
cy: 2.6975000000000000e+02
