%YAML:1.0
TVector: !!opencv-matrix
   rows: 3
   cols: 1
   dt: f
   data: [ 3.58529836e-02, -1.27602024e-02, -1.05853518e-02 ]
RMatrix: !!opencv-matrix
   rows: 3
   cols: 3
   dt: f
   data: [ 1.57337403e-03, -9.99504209e-01, -3.14481184e-02,
       -2.25444417e-02, -3.14756259e-02, 9.99250233e-01, -9.99744594e-01,
       -8.63213965e-04, -2.25827862e-02 ]
fx: 5.4068603515625000e+02
fy: 5.4068603515625000e+02
cx: 4.7975000000000000e+02
cy: 2.6975000000000000e+02
