%YAML:1.0
TVector: !!opencv-matrix
   rows: 3
   cols: 1
   dt: f
   data: [ 9.12964635e-04, 3.51585285e-03, -2.34309817e-03 ]
RMatrix: !!opencv-matrix
   rows: 3
   cols: 3
   dt: f
   data: [ -1.72624077e-05, -9.99999106e-01, -1.37368159e-03,
       2.67605260e-02, -1.37365202e-03, 9.99640882e-01, 9.99641836e-01,
       1.95044031e-05, -2.67605260e-02 ]
fx: 5.4068603515625000e+02
fy: 5.4068603515625000e+02
cx: 4.7975000000000000e+02
cy: 2.6975000000000000e+02
