%YAML:1.0
TVector: !!opencv-matrix
   rows: 3
   cols: 1
   dt: f
   data: [ -3.32407355e-01, -2.64782878e-03, -8.51023734e-01 ]
RMatrix: !!opencv-matrix
   rows: 3
   cols: 3
   dt: f
   data: [ 3.11869383e-01, -9.49433625e-01, -3.62396017e-02,
       -6.44053984e-03, -4.02535647e-02, 9.99168813e-01, -9.50103104e-01,
       -3.11376780e-01, -1.86687205e-02 ]
fx: 5.4068603515625000e+02
fy: 5.4068603515625000e+02
cx: 4.7975000000000000e+02
cy: 2.6975000000000000e+02
