%YAML:1.0
TVector: !!opencv-matrix
   rows: 3
   cols: 1
   dt: f
   data: [ -3.36738884e-01, -4.44528833e-03, -8.67087722e-01 ]
RMatrix: !!opencv-matrix
   rows: 3
   cols: 3
   dt: f
   data: [ 3.17477942e-01, -9.47564363e-01, -3.64630632e-02,
       -5.49714547e-04, -3.86362746e-02, 9.99253154e-01, -9.48265433e-01,
       -3.17220807e-01, -1.27870543e-02 ]
fx: 5.4068603515625000e+02
fy: 5.4068603515625000e+02
cx: 4.7975000000000000e+02
cy: 2.6975000000000000e+02
