%YAML:1.0
TVector: !!opencv-matrix
   rows: 3
   cols: 1
   dt: f
   data: [ -3.37920427e-01, -4.18565562e-03, -8.71495724e-01 ]
RMatrix: !!opencv-matrix
   rows: 3
   cols: 3
   dt: f
   data: [ 3.18150669e-01, -9.47386205e-01, -3.52093056e-02,
       1.04998483e-03, -3.67868990e-02, 9.99322653e-01, -9.48039591e-01,
       -3.17972153e-01, -1.07090371e-02 ]
fx: 5.4068603515625000e+02
fy: 5.4068603515625000e+02
cx: 4.7975000000000000e+02
cy: 2.6975000000000000e+02
