%YAML:1.0
TVector: !!opencv-matrix
   rows: 3
   cols: 1
   dt: f
   data: [ 3.67112570e-02, -3.52264829e-02, -1.46117866e-01 ]
RMatrix: !!opencv-matrix
   rows: 3
   cols: 3
   dt: f
   data: [ 1.26872763e-01, -9.91754234e-01, 1.80739705e-02,
       4.79277931e-02, 2.43291818e-02, 9.98554409e-01, 9.90760446e-01,
       1.25823110e-01, -5.06193079e-02 ]
fx: 5.4068603515625000e+02
fy: 5.4068603515625000e+02
cx: 4.7975000000000000e+02
cy: 2.6975000000000000e+02
