%YAML:1.0
TVector: !!opencv-matrix
   rows: 3
   cols: 1
   dt: f
   data: [ -3.42784256e-01, -3.33520048e-03, -8.84449780e-01 ]
RMatrix: !!opencv-matrix
   rows: 3
   cols: 3
   dt: f
   data: [ 3.20917845e-01, -9.46438968e-01, -3.55648510e-02,
       2.00178707e-03, -3.68731432e-02, 9.99317944e-01, -9.47104931e-01,
       -3.20770144e-01, -9.93868057e-03 ]
fx: 5.4068603515625000e+02
fy: 5.4068603515625000e+02
cx: 4.7975000000000000e+02
cy: 2.6975000000000000e+02
