%YAML:1.0
TVector: !!opencv-matrix
   rows: 3
   cols: 1
   dt: f
   data: [ 4.44840901e-02, -2.64414791e-02, -1.42745584e-01 ]
RMatrix: !!opencv-matrix
   rows: 3
   cols: 3
   dt: f
   data: [ 1.24356210e-01, -9.92083549e-01, 1.74848586e-02,
       4.02954854e-02, 2.26565171e-02, 9.98930931e-01, 9.91419077e-01,
       1.23518713e-01, -4.27939631e-02 ]
fx: 5.4068603515625000e+02
fy: 5.4068603515625000e+02
cx: 4.7975000000000000e+02
cy: 2.6975000000000000e+02
