%YAML:1.0
TVector: !!opencv-matrix
   rows: 3
   cols: 1
   dt: f
   data: [ 3.59164700e-02, -3.74876894e-02, -1.45187452e-01 ]
RMatrix: !!opencv-matrix
   rows: 3
   cols: 3
   dt: f
   data: [ 1.24395356e-01, -9.92054164e-01, 1.88199636e-02,
       3.59199531e-02, 2.34572943e-02, 9.99079227e-01, 9.91582274e-01,
       1.23604812e-01, -3.85525189e-02 ]
fx: 5.4068603515625000e+02
fy: 5.4068603515625000e+02
cx: 4.7975000000000000e+02
cy: 2.6975000000000000e+02
