%YAML:1.0
TVector: !!opencv-matrix
   rows: 3
   cols: 1
   dt: f
   data: [ -3.49069983e-01, -3.27817118e-03, -8.94270480e-01 ]
RMatrix: !!opencv-matrix
   rows: 3
   cols: 3
   dt: f
   data: [ 3.24098289e-01, -9.45253670e-01, -3.81523445e-02,
       5.64346462e-03, -3.83966416e-02, 9.99246597e-01, -9.46006536e-01,
       -3.24069411e-01, -7.10977986e-03 ]
fx: 5.4068603515625000e+02
fy: 5.4068603515625000e+02
cx: 4.7975000000000000e+02
cy: 2.6975000000000000e+02
