%YAML:1.0
TVector: !!opencv-matrix
   rows: 3
   cols: 1
   dt: f
   data: [ -3.55823934e-01, -1.71949936e-03, -9.01518643e-01 ]
RMatrix: !!opencv-matrix
   rows: 3
   cols: 3
   dt: f
   data: [ 3.28308284e-01, -9.43852842e-01, -3.68161686e-02,
       5.05749276e-03, -3.72195393e-02, 9.99294281e-01, -9.44557071e-01,
       -3.28262836e-01, -7.44595658e-03 ]
fx: 5.4068603515625000e+02
fy: 5.4068603515625000e+02
cx: 4.7975000000000000e+02
cy: 2.6975000000000000e+02
