%YAML:1.0
TVector: !!opencv-matrix
   rows: 3
   cols: 1
   dt: f
   data: [ -3.53634387e-01, -2.61081289e-03, -9.07411575e-01 ]
RMatrix: !!opencv-matrix
   rows: 3
   cols: 3
   dt: f
   data: [ 3.28322113e-01, -9.43841159e-01, -3.69915292e-02,
       1.00817531e-02, -3.56586128e-02, 9.99313176e-01, -9.44512069e-01,
       -3.28469574e-01, -2.19193427e-03 ]
fx: 5.4068603515625000e+02
fy: 5.4068603515625000e+02
cx: 4.7975000000000000e+02
cy: 2.6975000000000000e+02
