%YAML:1.0
TVector: !!opencv-matrix
   rows: 3
   cols: 1
   dt: f
   data: [ 3.64470072e-02, -4.03660201e-02, -1.46460220e-01 ]
RMatrix: !!opencv-matrix
   rows: 3
   cols: 3
   dt: f
   data: [ 1.22203931e-01, -9.92314994e-01, 1.94137674e-02,
       2.22012084e-02, 2.22885199e-02, 9.99504983e-01, 9.92256522e-01,
       1.21712446e-01, -2.47543417e-02 ]
fx: 5.4068603515625000e+02
fy: 5.4068603515625000e+02
cx: 4.7975000000000000e+02
cy: 2.6975000000000000e+02
