%YAML:1.0
TVector: !!opencv-matrix
   rows: 3
   cols: 1
   dt: f
   data: [ -3.63319725e-01, -2.29908596e-03, -9.15854275e-01 ]
RMatrix: !!opencv-matrix
   rows: 3
   cols: 3
   dt: f
   data: [ 3.38031381e-01, -9.40320492e-01, -3.91443260e-02,
       1.73463449e-02, -3.53606492e-02, 9.99224126e-01, -9.40975010e-01,
       -3.38448077e-01, 4.35811281e-03 ]
fx: 5.4068603515625000e+02
fy: 5.4068603515625000e+02
cx: 4.7975000000000000e+02
cy: 2.6975000000000000e+02
