%YAML:1.0
TVector: !!opencv-matrix
   rows: 3
   cols: 1
   dt: f
   data: [ -3.64318937e-01, -9.01819556e-04, -9.23423767e-01 ]
RMatrix: !!opencv-matrix
   rows: 3
   cols: 3
   dt: f
   data: [ 3.40956837e-01, -9.39300835e-01, -3.82362567e-02,
       1.94339715e-02, -3.36220860e-02, 9.99245644e-01, -9.39877927e-01,
       -3.41442794e-01, 6.79066777e-03 ]
fx: 5.4068603515625000e+02
fy: 5.4068603515625000e+02
cx: 4.7975000000000000e+02
cy: 2.6975000000000000e+02
