%YAML:1.0
TVector: !!opencv-matrix
   rows: 3
   cols: 1
   dt: f
   data: [ 3.35602947e-02, -4.15330976e-02, -1.48766160e-01 ]
RMatrix: !!opencv-matrix
   rows: 3
   cols: 3
   dt: f
   data: [ 1.23040378e-01, -9.92194414e-01, 2.02802327e-02,
       7.67244725e-04, 2.05306113e-02, 9.99789000e-01, 9.92401361e-01,
       1.22998863e-01, -3.28735029e-03 ]
fx: 5.4068603515625000e+02
fy: 5.4068603515625000e+02
cx: 4.7975000000000000e+02
cy: 2.6975000000000000e+02
