%YAML:1.0
TVector: !!opencv-matrix
   rows: 3
   cols: 1
   dt: f
   data: [ -3.75666738e-01, -7.44346948e-03, -9.33740437e-01 ]
RMatrix: !!opencv-matrix
   rows: 3
   cols: 3
   dt: f
   data: [ 3.41447234e-01, -9.39134598e-01, -3.79514582e-02,
       2.28821971e-02, -3.20603140e-02, 9.99224126e-01, -9.39622402e-01,
       -3.42050761e-01, 1.05425548e-02 ]
fx: 5.4068603515625000e+02
fy: 5.4068603515625000e+02
cx: 4.7975000000000000e+02
cy: 2.6975000000000000e+02
