%YAML:1.0
TVector: !!opencv-matrix
   rows: 3
   cols: 1
   dt: f
   data: [ 1.44580286e-03, -5.85900561e-04, 1.53641915e-03 ]
RMatrix: !!opencv-matrix
   rows: 3
   cols: 3
   dt: f
   data: [ -1.65290316e-03, -9.99996781e-01, -1.93817064e-03,
       -1.02992612e-03, -1.93646981e-03, 9.99997616e-01, -9.99998152e-01,
       1.65489537e-03, -1.02672202e-03 ]
fx: 5.4068603515625000e+02
fy: 5.4068603515625000e+02
cx: 4.7975000000000000e+02
cy: 2.6975000000000000e+02
