%YAML:1.0
TVector: !!opencv-matrix
   rows: 3
   cols: 1
   dt: f
   data: [ -1.36073329e-04, 9.39522579e-04, 3.71466478e-04 ]
RMatrix: !!opencv-matrix
   rows: 3
   cols: 3
   dt: f
   data: [ -4.96264955e-04, -9.99998748e-01, 1.48912391e-03,
       1.97447647e-04, 1.48902612e-03, 9.99998868e-01, 9.99999881e-01,
       -4.96558438e-04, -1.96708454e-04 ]
fx: 5.4068603515625000e+02
fy: 5.4068603515625000e+02
cx: 4.7975000000000000e+02
cy: 2.6975000000000000e+02
