%YAML:1.0
TVector: !!opencv-matrix
   rows: 3
   cols: 1
   dt: f
   data: [ 3.62372510e-02, -1.39933163e-02, -1.24943592e-02 ]
RMatrix: !!opencv-matrix
   rows: 3
   cols: 3
   dt: f
   data: [ 1.71133829e-03, -9.99451399e-01, -3.30775194e-02,
       -2.23362427e-02, -3.31075229e-02, 9.99202251e-01, -9.99749064e-01,
       -9.71145579e-04, -2.23806426e-02 ]
fx: 5.4068603515625000e+02
fy: 5.4068603515625000e+02
cx: 4.7975000000000000e+02
cy: 2.6975000000000000e+02
