%YAML:1.0
TVector: !!opencv-matrix
   rows: 3
   cols: 1
   dt: f
   data: [ -3.72172803e-01, -1.11158360e-02, -9.40728068e-01 ]
RMatrix: !!opencv-matrix
   rows: 3
   cols: 3
   dt: f
   data: [ 3.37250054e-01, -9.40682232e-01, -3.71384211e-02,
       2.19495296e-02, -3.15818302e-02, 9.99260247e-01, -9.41159189e-01,
       -3.37815732e-01, 9.99655481e-03 ]
fx: 5.4068603515625000e+02
fy: 5.4068603515625000e+02
cx: 4.7975000000000000e+02
cy: 2.6975000000000000e+02
