%YAML:1.0
TVector: !!opencv-matrix
   rows: 3
   cols: 1
   dt: f
   data: [ 3.61408480e-02, -5.24571426e-02, -1.34055525e-01 ]
RMatrix: !!opencv-matrix
   rows: 3
   cols: 3
   dt: f
   data: [ 1.24462828e-01, -9.91947055e-01, 2.34538373e-02,
       -1.01670455e-02, 2.23614089e-02, 9.99698341e-01, 9.92172241e-01,
       1.24663711e-01, 7.30200671e-03 ]
fx: 5.4068603515625000e+02
fy: 5.4068603515625000e+02
cx: 4.7975000000000000e+02
cy: 2.6975000000000000e+02
