%YAML:1.0
TVector: !!opencv-matrix
   rows: 3
   cols: 1
   dt: f
   data: [ -3.76006544e-01, -1.08111417e-02, -9.43385363e-01 ]
RMatrix: !!opencv-matrix
   rows: 3
   cols: 3
   dt: f
   data: [ 3.37358564e-01, -9.40563381e-01, -3.91089059e-02,
       2.28855032e-02, -3.33377756e-02, 9.99182105e-01, -9.41098034e-01,
       -3.37977648e-01, 1.02784857e-02 ]
fx: 5.4068603515625000e+02
fy: 5.4068603515625000e+02
cx: 4.7975000000000000e+02
cy: 2.6975000000000000e+02
