%YAML:1.0
TVector: !!opencv-matrix
   rows: 3
   cols: 1
   dt: f
   data: [ 3.06063667e-02, -4.42688316e-02, -1.49258465e-01 ]
RMatrix: !!opencv-matrix
   rows: 3
   cols: 3
   dt: f
   data: [ 1.29601017e-01, -9.91302431e-01, 2.28672400e-02,
       -1.81982610e-02, 2.06799135e-02, 9.99620497e-01, 9.91399169e-01,
       1.29968002e-01, 1.53598422e-02 ]
fx: 5.4068603515625000e+02
fy: 5.4068603515625000e+02
cx: 4.7975000000000000e+02
cy: 2.6975000000000000e+02
