%YAML:1.0
TVector: !!opencv-matrix
   rows: 3
   cols: 1
   dt: f
   data: [ -3.83757472e-01, -1.08199893e-02, -9.52198625e-01 ]
RMatrix: !!opencv-matrix
   rows: 3
   cols: 3
   dt: f
   data: [ 3.38462234e-01, -9.40388083e-01, -3.33689749e-02,
       2.26601493e-02, -2.73061246e-02, 9.99370217e-01, -9.40707088e-01,
       -3.39005232e-01, 1.20672444e-02 ]
fx: 5.4068603515625000e+02
fy: 5.4068603515625000e+02
cx: 4.7975000000000000e+02
cy: 2.6975000000000000e+02
