%YAML:1.0
TVector: !!opencv-matrix
   rows: 3
   cols: 1
   dt: f
   data: [ -3.83879840e-01, -1.20550422e-02, -9.57793891e-01 ]
RMatrix: !!opencv-matrix
   rows: 3
   cols: 3
   dt: f
   data: [ 3.37999195e-01, -9.40609396e-01, -3.17911655e-02,
       2.15195678e-02, -2.60463245e-02, 9.99429166e-01, -9.40900385e-01,
       -3.38490397e-01, 1.14378724e-02 ]
fx: 5.4068603515625000e+02
fy: 5.4068603515625000e+02
cx: 4.7975000000000000e+02
cy: 2.6975000000000000e+02
