%YAML:1.0
TVector: !!opencv-matrix
   rows: 3
   cols: 1
   dt: f
   data: [ -3.92940313e-01, -1.56392455e-02, -9.70214903e-01 ]
RMatrix: !!opencv-matrix
   rows: 3
   cols: 3
   dt: f
   data: [ 3.41764957e-01, -9.39283550e-01, -3.07126194e-02,
       1.93705857e-02, -2.56329179e-02, 9.99483764e-01, -9.39585924e-01,
       -3.42183381e-01, 9.43403877e-03 ]
fx: 5.4068603515625000e+02
fy: 5.4068603515625000e+02
cx: 4.7975000000000000e+02
cy: 2.6975000000000000e+02
