%YAML:1.0
TVector: !!opencv-matrix
   rows: 3
   cols: 1
   dt: f
   data: [ 3.03342286e-02, -4.62261774e-02, -1.47837266e-01 ]
RMatrix: !!opencv-matrix
   rows: 3
   cols: 3
   dt: f
   data: [ 1.30973995e-01, -9.91084814e-01, 2.44238116e-02,
       -2.68031862e-02, 2.10870765e-02, 9.99418259e-01, 9.91023302e-01,
       1.31552428e-01, 2.38023717e-02 ]
fx: 5.4068603515625000e+02
fy: 5.4068603515625000e+02
cx: 4.7975000000000000e+02
cy: 2.6975000000000000e+02
