%YAML:1.0
TVector: !!opencv-matrix
   rows: 3
   cols: 1
   dt: f
   data: [ -3.93570632e-01, -1.46708917e-02, -9.75509465e-01 ]
RMatrix: !!opencv-matrix
   rows: 3
   cols: 3
   dt: f
   data: [ 3.43186378e-01, -9.38658953e-01, -3.38017307e-02,
       1.76828094e-02, -2.95242555e-02, 9.99407649e-01, -9.39101040e-01,
       -3.43580723e-01, 6.46580802e-03 ]
fx: 5.4068603515625000e+02
fy: 5.4068603515625000e+02
cx: 4.7975000000000000e+02
cy: 2.6975000000000000e+02
