%YAML:1.0
TVector: !!opencv-matrix
   rows: 3
   cols: 1
   dt: f
   data: [ -4.00970757e-01, -1.47390217e-02, -9.85168815e-01 ]
RMatrix: !!opencv-matrix
   rows: 3
   cols: 3
   dt: f
   data: [ 3.45596284e-01, -9.37801659e-01, -3.30369920e-02,
       1.80890113e-02, -2.85418890e-02, 9.99428928e-01, -9.38208997e-01,
       -3.45996499e-01, 7.09993392e-03 ]
fx: 5.4068603515625000e+02
fy: 5.4068603515625000e+02
cx: 4.7975000000000000e+02
cy: 2.6975000000000000e+02
