%YAML:1.0
TVector: !!opencv-matrix
   rows: 3
   cols: 1
   dt: f
   data: [ 2.43423339e-02, -4.14784588e-02, -1.34690955e-01 ]
RMatrix: !!opencv-matrix
   rows: 3
   cols: 3
   dt: f
   data: [ 1.31574690e-01, -9.91012633e-01, 2.41246186e-02,
       -3.26833278e-02, 1.99862365e-02, 9.99265909e-01, 9.90767241e-01,
       1.32266581e-01, 2.97599100e-02 ]
fx: 5.4068603515625000e+02
fy: 5.4068603515625000e+02
cx: 4.7975000000000000e+02
cy: 2.6975000000000000e+02
