%YAML:1.0
TVector: !!opencv-matrix
   rows: 3
   cols: 1
   dt: f
   data: [ 2.97964886e-02, -5.19202463e-02, -1.48276702e-01 ]
RMatrix: !!opencv-matrix
   rows: 3
   cols: 3
   dt: f
   data: [ 1.33750066e-01, -9.90671992e-01, 2.60741301e-02,
       -3.45935449e-02, 2.16272771e-02, 9.99167442e-01, 9.90411043e-01,
       1.34540692e-01, 3.13782059e-02 ]
fx: 5.4068603515625000e+02
fy: 5.4068603515625000e+02
cx: 4.7975000000000000e+02
cy: 2.6975000000000000e+02
