%YAML:1.0
TVector: !!opencv-matrix
   rows: 3
   cols: 1
   dt: f
   data: [ -3.95719767e-01, -1.66718736e-02, -9.96640086e-01 ]
RMatrix: !!opencv-matrix
   rows: 3
   cols: 3
   dt: f
   data: [ 3.45680892e-01, -9.37718868e-01, -3.44695784e-02,
       1.83981638e-02, -2.99539417e-02, 9.99382019e-01, -9.38171744e-01,
       -3.46101433e-01, 6.89779595e-03 ]
fx: 5.4068603515625000e+02
fy: 5.4068603515625000e+02
cx: 4.7975000000000000e+02
cy: 2.6975000000000000e+02
