%YAML:1.0
TVector: !!opencv-matrix
   rows: 3
   cols: 1
   dt: f
   data: [ -4.05686229e-01, -1.24026602e-02, -9.99193549e-01 ]
RMatrix: !!opencv-matrix
   rows: 3
   cols: 3
   dt: f
   data: [ 3.49838495e-01, -9.36196506e-01, -3.39014716e-02,
       1.83630586e-02, -2.93283202e-02, 9.99401212e-01, -9.36630130e-01,
       -3.50251555e-01, 6.93125371e-03 ]
fx: 5.4068603515625000e+02
fy: 5.4068603515625000e+02
cx: 4.7975000000000000e+02
cy: 2.6975000000000000e+02
