%YAML:1.0
TVector: !!opencv-matrix
   rows: 3
   cols: 1
   dt: f
   data: [ -4.10752296e-01, -1.39268776e-02, -1.01121235e+00 ]
RMatrix: !!opencv-matrix
   rows: 3
   cols: 3
   dt: f
   data: [ 3.52972806e-01, -9.35121179e-01, -3.09653729e-02,
       1.87332164e-02, -2.60256492e-02, 9.99485850e-01, -9.35446203e-01,
       -3.53371412e-01, 8.33147485e-03 ]
fx: 5.4068603515625000e+02
fy: 5.4068603515625000e+02
cx: 4.7975000000000000e+02
cy: 2.6975000000000000e+02
