%YAML:1.0
TVector: !!opencv-matrix
   rows: 3
   cols: 1
   dt: f
   data: [ 3.60017642e-02, -1.30766733e-02, -1.45751182e-02 ]
RMatrix: !!opencv-matrix
   rows: 3
   cols: 3
   dt: f
   data: [ 1.43015070e-03, -9.99422908e-01, -3.39408107e-02,
       -2.24251561e-02, -3.39643694e-02, 9.99171436e-01, -9.99747574e-01,
       -6.67837507e-04, -2.24607848e-02 ]
fx: 5.4068603515625000e+02
fy: 5.4068603515625000e+02
cx: 4.7975000000000000e+02
cy: 2.6975000000000000e+02
