%YAML:1.0
TVector: !!opencv-matrix
   rows: 3
   cols: 1
   dt: f
   data: [ 5.04236557e-02, -5.62936366e-02, -1.38064489e-01 ]
RMatrix: !!opencv-matrix
   rows: 3
   cols: 3
   dt: f
   data: [ 1.32997036e-01, -9.90665972e-01, 2.98811104e-02,
       -4.90554385e-02, 2.35322826e-02, 9.98518944e-01, 9.89901721e-01,
       1.34265855e-01, 4.54678200e-02 ]
fx: 5.4068603515625000e+02
fy: 5.4068603515625000e+02
cx: 4.7975000000000000e+02
cy: 2.6975000000000000e+02
