%YAML:1.0
TVector: !!opencv-matrix
   rows: 3
   cols: 1
   dt: f
   data: [ -4.10031438e-01, -1.59340426e-02, -1.01577580e+00 ]
RMatrix: !!opencv-matrix
   rows: 3
   cols: 3
   dt: f
   data: [ 3.52747858e-01, -9.35220420e-01, -3.05248704e-02,
       1.96071528e-02, -2.52271034e-02, 9.99489486e-01, -9.35513079e-01,
       -3.53166342e-01, 9.43820365e-03 ]
fx: 5.4068603515625000e+02
fy: 5.4068603515625000e+02
cx: 4.7975000000000000e+02
cy: 2.6975000000000000e+02
