%YAML:1.0
TVector: !!opencv-matrix
   rows: 3
   cols: 1
   dt: f
   data: [ -4.11618173e-01, -1.44802621e-02, -1.02091765e+00 ]
RMatrix: !!opencv-matrix
   rows: 3
   cols: 3
   dt: f
   data: [ 3.53227735e-01, -9.35034633e-01, -3.06734741e-02,
       1.91913396e-02, -2.55379993e-02, 9.99489784e-01, -9.35340643e-01,
       -3.53636116e-01, 8.92383698e-03 ]
fx: 5.4068603515625000e+02
fy: 5.4068603515625000e+02
cx: 4.7975000000000000e+02
cy: 2.6975000000000000e+02
