%YAML:1.0
TVector: !!opencv-matrix
   rows: 3
   cols: 1
   dt: f
   data: [ -4.15197521e-01, -1.28944796e-02, -1.02488446e+00 ]
RMatrix: !!opencv-matrix
   rows: 3
   cols: 3
   dt: f
   data: [ 3.54489923e-01, -9.34554219e-01, -3.07413619e-02,
       1.98962558e-02, -2.53301375e-02, 9.99481022e-01, -9.34848070e-01,
       -3.54917586e-01, 9.61485505e-03 ]
fx: 5.4068603515625000e+02
fy: 5.4068603515625000e+02
cx: 4.7975000000000000e+02
cy: 2.6975000000000000e+02
