%YAML:1.0
TVector: !!opencv-matrix
   rows: 3
   cols: 1
   dt: f
   data: [ 2.10619643e-02, -4.19506207e-02, -1.44029692e-01 ]
RMatrix: !!opencv-matrix
   rows: 3
   cols: 3
   dt: f
   data: [ 1.43791020e-01, -9.89148200e-01, 3.01683955e-02,
       -6.33064583e-02, 2.12285463e-02, 9.97768402e-01, 9.87581253e-01,
       1.45379975e-01, 5.95669821e-02 ]
fx: 5.4068603515625000e+02
fy: 5.4068603515625000e+02
cx: 4.7975000000000000e+02
cy: 2.6975000000000000e+02
