%YAML:1.0
TVector: !!opencv-matrix
   rows: 3
   cols: 1
   dt: f
   data: [ 2.26081014e-02, -4.71104980e-02, -1.43360108e-01 ]
RMatrix: !!opencv-matrix
   rows: 3
   cols: 3
   dt: f
   data: [ 1.45710498e-01, -9.88852262e-01, 3.06545235e-02,
       -6.58442751e-02, 2.12234724e-02, 9.97604251e-01, 9.87133682e-01,
       1.47379860e-01, 6.20177686e-02 ]
fx: 5.4068603515625000e+02
fy: 5.4068603515625000e+02
cx: 4.7975000000000000e+02
cy: 2.6975000000000000e+02
