%YAML:1.0
TVector: !!opencv-matrix
   rows: 3
   cols: 1
   dt: f
   data: [ -4.15025920e-01, -1.31191248e-02, -1.02815497e+00 ]
RMatrix: !!opencv-matrix
   rows: 3
   cols: 3
   dt: f
   data: [ 3.54552299e-01, -9.34587359e-01, -2.89644413e-02,
       2.05301717e-02, -2.31883302e-02, 9.99520242e-01, -9.34810638e-01,
       -3.54976892e-01, 1.09657636e-02 ]
fx: 5.4068603515625000e+02
fy: 5.4068603515625000e+02
cx: 4.7975000000000000e+02
cy: 2.6975000000000000e+02
