%YAML:1.0
TVector: !!opencv-matrix
   rows: 3
   cols: 1
   dt: f
   data: [ -4.23328698e-01, -1.18641136e-02, -1.04007506e+00 ]
RMatrix: !!opencv-matrix
   rows: 3
   cols: 3
   dt: f
   data: [ 3.63226146e-01, -9.31344211e-01, -2.57788338e-02,
       2.20753700e-02, -1.90579556e-02, 9.99574602e-01, -9.31439400e-01,
       -3.63640696e-01, 1.36374207e-02 ]
fx: 5.4068603515625000e+02
fy: 5.4068603515625000e+02
cx: 4.7975000000000000e+02
cy: 2.6975000000000000e+02
