%YAML:1.0
TVector: !!opencv-matrix
   rows: 3
   cols: 1
   dt: f
   data: [ 1.87221095e-02, -3.82500216e-02, -1.50513768e-01 ]
RMatrix: !!opencv-matrix
   rows: 3
   cols: 3
   dt: f
   data: [ 1.48156106e-01, -9.88294184e-01, 3.63866128e-02,
       -7.90141821e-02, 2.48459820e-02, 9.96563792e-01, 9.85802352e-01,
       1.50522098e-01, 7.44081661e-02 ]
fx: 5.4068603515625000e+02
fy: 5.4068603515625000e+02
cx: 4.7975000000000000e+02
cy: 2.6975000000000000e+02
