%YAML:1.0
TVector: !!opencv-matrix
   rows: 3
   cols: 1
   dt: f
   data: [ -4.27913457e-01, -1.29505172e-02, -1.05097044e+00 ]
RMatrix: !!opencv-matrix
   rows: 3
   cols: 3
   dt: f
   data: [ 3.65598381e-01, -9.30475235e-01, -2.35314053e-02,
       2.33557820e-02, -1.61026325e-02, 9.99597549e-01, -9.30479646e-01,
       -3.66000801e-01, 1.58448778e-02 ]
fx: 5.4068603515625000e+02
fy: 5.4068603515625000e+02
cx: 4.7975000000000000e+02
cy: 2.6975000000000000e+02
