%YAML:1.0
TVector: !!opencv-matrix
   rows: 3
   cols: 1
   dt: f
   data: [ 2.58314908e-02, -5.70454933e-02, -1.55507430e-01 ]
RMatrix: !!opencv-matrix
   rows: 3
   cols: 3
   dt: f
   data: [ 1.48459539e-01, -9.88233745e-01, 3.67948450e-02,
       -7.74968415e-02, 2.54667271e-02, 9.96667266e-01, 9.85877216e-01,
       1.50816247e-01, 7.28042051e-02 ]
fx: 5.4068603515625000e+02
fy: 5.4068603515625000e+02
cx: 4.7975000000000000e+02
cy: 2.6975000000000000e+02
