%YAML:1.0
TVector: !!opencv-matrix
   rows: 3
   cols: 1
   dt: f
   data: [ -4.28092659e-01, -1.47699825e-02, -1.05545187e+00 ]
RMatrix: !!opencv-matrix
   rows: 3
   cols: 3
   dt: f
   data: [ 3.66215169e-01, -9.30225909e-01, -2.37954296e-02,
       2.39962991e-02, -1.61226150e-02, 9.99581993e-01, -9.30220723e-01,
       -3.66633117e-01, 1.64176319e-02 ]
fx: 5.4068603515625000e+02
fy: 5.4068603515625000e+02
cx: 4.7975000000000000e+02
cy: 2.6975000000000000e+02
