%YAML:1.0
TVector: !!opencv-matrix
   rows: 3
   cols: 1
   dt: f
   data: [ -4.32463109e-01, -1.50544541e-02, -1.06047070e+00 ]
RMatrix: !!opencv-matrix
   rows: 3
   cols: 3
   dt: f
   data: [ 3.66791785e-01, -9.30032969e-01, -2.24117283e-02,
       2.42952667e-02, -1.45064211e-02, 9.99599516e-01, -9.29985642e-01,
       -3.67189437e-01, 1.72745641e-02 ]
fx: 5.4068603515625000e+02
fy: 5.4068603515625000e+02
cx: 4.7975000000000000e+02
cy: 2.6975000000000000e+02
