%YAML:1.0
TVector: !!opencv-matrix
   rows: 3
   cols: 1
   dt: f
   data: [ -4.38732624e-01, -1.72032826e-02, -1.06350338e+00 ]
RMatrix: !!opencv-matrix
   rows: 3
   cols: 3
   dt: f
   data: [ 3.68385255e-01, -9.29410815e-01, -2.20910441e-02,
       2.45355181e-02, -1.40343662e-02, 9.99600470e-01, -9.29349542e-01,
       -3.68780047e-01, 1.76335201e-02 ]
fx: 5.4068603515625000e+02
fy: 5.4068603515625000e+02
cx: 4.7975000000000000e+02
cy: 2.6975000000000000e+02
