%YAML:1.0
TVector: !!opencv-matrix
   rows: 3
   cols: 1
   dt: f
   data: [ 2.74736099e-02, -5.74559905e-02, -1.41684532e-01 ]
RMatrix: !!opencv-matrix
   rows: 3
   cols: 3
   dt: f
   data: [ 1.59547105e-01, -9.86395061e-01, 3.96205522e-02,
       -8.99168327e-02, 2.54474171e-02, 9.95624125e-01, 9.83087003e-01,
       1.62411481e-01, 8.46334547e-02 ]
fx: 5.4068603515625000e+02
fy: 5.4068603515625000e+02
cx: 4.7975000000000000e+02
cy: 2.6975000000000000e+02
