%YAML:1.0
TVector: !!opencv-matrix
   rows: 3
   cols: 1
   dt: f
   data: [ -4.39539790e-01, -1.79263651e-02, -1.06616032e+00 ]
RMatrix: !!opencv-matrix
   rows: 3
   cols: 3
   dt: f
   data: [ 3.68456304e-01, -9.29367542e-01, -2.27173511e-02,
       2.32767984e-02, -1.52061358e-02, 9.99613404e-01, -9.29353714e-01,
       -3.68842602e-01, 1.60299018e-02 ]
fx: 5.4068603515625000e+02
fy: 5.4068603515625000e+02
cx: 4.7975000000000000e+02
cy: 2.6975000000000000e+02
