%YAML:1.0
TVector: !!opencv-matrix
   rows: 3
   cols: 1
   dt: f
   data: [ 3.10837611e-04, 5.42795192e-03, -3.52253322e-03 ]
RMatrix: !!opencv-matrix
   rows: 3
   cols: 3
   dt: f
   data: [ 2.03304994e-03, -9.99995828e-01, -2.07993994e-03,
       3.79215553e-02, -2.00135214e-03, 9.99278724e-01, 9.99278665e-01,
       2.11045798e-03, -3.79173234e-02 ]
fx: 5.4068603515625000e+02
fy: 5.4068603515625000e+02
cx: 4.7975000000000000e+02
cy: 2.6975000000000000e+02
