%YAML:1.0
TVector: !!opencv-matrix
   rows: 3
   cols: 1
   dt: f
   data: [ 3.81234027e-02, -1.30922087e-02, -1.49765760e-02 ]
RMatrix: !!opencv-matrix
   rows: 3
   cols: 3
   dt: f
   data: [ 4.42636112e-04, -9.99349117e-01, -3.60736735e-02,
       -2.31089219e-02, -3.60742621e-02, 9.99081969e-01, -9.99732912e-01,
       3.91393871e-04, -2.31098458e-02 ]
fx: 5.4068603515625000e+02
fy: 5.4068603515625000e+02
cx: 4.7975000000000000e+02
cy: 2.6975000000000000e+02
