%YAML:1.0
TVector: !!opencv-matrix
   rows: 3
   cols: 1
   dt: f
   data: [ 2.22116373e-02, -5.29325120e-02, -1.42769262e-01 ]
RMatrix: !!opencv-matrix
   rows: 3
   cols: 3
   dt: f
   data: [ 1.73818693e-01, -9.83944595e-01, 4.04993817e-02,
       -9.61140841e-02, 2.39787549e-02, 9.95081484e-01, 9.80076015e-01,
       1.76856324e-01, 9.04029682e-02 ]
fx: 5.4068603515625000e+02
fy: 5.4068603515625000e+02
cx: 4.7975000000000000e+02
cy: 2.6975000000000000e+02
