%YAML:1.0
TVector: !!opencv-matrix
   rows: 3
   cols: 1
   dt: f
   data: [ -4.41506535e-01, -1.85213462e-02, -1.07332850e+00 ]
RMatrix: !!opencv-matrix
   rows: 3
   cols: 3
   dt: f
   data: [ 3.67466390e-01, -9.29854572e-01, -1.84127875e-02,
       2.07591336e-02, -1.15924589e-02, 9.99717295e-01, -9.29805219e-01,
       -3.67744684e-01, 1.50431367e-02 ]
fx: 5.4068603515625000e+02
fy: 5.4068603515625000e+02
cx: 4.7975000000000000e+02
cy: 2.6975000000000000e+02
