%YAML:1.0
TVector: !!opencv-matrix
   rows: 3
   cols: 1
   dt: f
   data: [ -4.39461440e-01, -1.69885699e-02, -1.07386684e+00 ]
RMatrix: !!opencv-matrix
   rows: 3
   cols: 3
   dt: f
   data: [ 3.64632666e-01, -9.31011796e-01, -1.61351506e-02,
       1.95336752e-02, -9.67625063e-03, 9.99762475e-01, -9.30946589e-01,
       -3.64861190e-01, 1.46578019e-02 ]
fx: 5.4068603515625000e+02
fy: 5.4068603515625000e+02
cx: 4.7975000000000000e+02
cy: 2.6975000000000000e+02
