%YAML:1.0
TVector: !!opencv-matrix
   rows: 3
   cols: 1
   dt: f
   data: [ 2.70185508e-02, -5.68147972e-02, -1.42475143e-01 ]
RMatrix: !!opencv-matrix
   rows: 3
   cols: 3
   dt: f
   data: [ 1.78356647e-01, -9.83025372e-01, 4.30084243e-02,
       -9.88838375e-02, 2.55811196e-02, 9.94770050e-01, 9.78984475e-01,
       1.81676731e-01, 9.26427841e-02 ]
fx: 5.4068603515625000e+02
fy: 5.4068603515625000e+02
cx: 4.7975000000000000e+02
cy: 2.6975000000000000e+02
