%YAML:1.0
TVector: !!opencv-matrix
   rows: 3
   cols: 1
   dt: f
   data: [ -4.42886859e-01, -1.58227924e-02, -1.07910812e+00 ]
RMatrix: !!opencv-matrix
   rows: 3
   cols: 3
   dt: f
   data: [ 3.61982197e-01, -9.31988001e-01, -1.91645361e-02,
       1.78605597e-02, -1.36208786e-02, 9.99747753e-01, -9.32013869e-01,
       -3.62233162e-01, 1.17153116e-02 ]
fx: 5.4068603515625000e+02
fy: 5.4068603515625000e+02
cx: 4.7975000000000000e+02
cy: 2.6975000000000000e+02
