%YAML:1.0
TVector: !!opencv-matrix
   rows: 3
   cols: 1
   dt: f
   data: [ -4.41400021e-01, -1.65184997e-02, -1.08061135e+00 ]
RMatrix: !!opencv-matrix
   rows: 3
   cols: 3
   dt: f
   data: [ 3.58616650e-01, -9.33311880e-01, -1.79824065e-02,
       1.73333734e-02, -1.26026999e-02, 9.99770403e-01, -9.33324099e-01,
       -3.58845979e-01, 1.16579039e-02 ]
fx: 5.4068603515625000e+02
fy: 5.4068603515625000e+02
cx: 4.7975000000000000e+02
cy: 2.6975000000000000e+02
