%YAML:1.0
TVector: !!opencv-matrix
   rows: 3
   cols: 1
   dt: f
   data: [ -4.45001185e-01, -1.85176805e-02, -1.08655000e+00 ]
RMatrix: !!opencv-matrix
   rows: 3
   cols: 3
   dt: f
   data: [ 3.55865330e-01, -9.34384763e-01, -1.68793201e-02,
       1.69402678e-02, -1.16090290e-02, 9.99789119e-01, -9.34383690e-01,
       -3.56076300e-01, 1.16974805e-02 ]
fx: 5.4068603515625000e+02
fy: 5.4068603515625000e+02
cx: 4.7975000000000000e+02
cy: 2.6975000000000000e+02
