%YAML:1.0
TVector: !!opencv-matrix
   rows: 3
   cols: 1
   dt: f
   data: [ 3.07308473e-02, -6.15894571e-02, -1.34346202e-01 ]
RMatrix: !!opencv-matrix
   rows: 3
   cols: 3
   dt: f
   data: [ 2.03314573e-01, -9.77959931e-01, 4.75174822e-02,
       -1.07333213e-01, 2.59769857e-02, 9.93883789e-01, 9.73212779e-01,
       2.07171246e-01, 9.96860787e-02 ]
fx: 5.4068603515625000e+02
fy: 5.4068603515625000e+02
cx: 4.7975000000000000e+02
cy: 2.6975000000000000e+02
