%YAML:1.0
TVector: !!opencv-matrix
   rows: 3
   cols: 1
   dt: f
   data: [ -4.47477341e-01, -1.70169044e-02, -1.08814871e+00 ]
RMatrix: !!opencv-matrix
   rows: 3
   cols: 3
   dt: f
   data: [ 3.55287522e-01, -9.34613943e-01, -1.63593274e-02,
       1.61529575e-02, -1.13599775e-02, 9.99804974e-01, -9.34617460e-01,
       -3.55482548e-01, 1.10607240e-02 ]
fx: 5.4068603515625000e+02
fy: 5.4068603515625000e+02
cx: 4.7975000000000000e+02
cy: 2.6975000000000000e+02
