%YAML:1.0
TVector: !!opencv-matrix
   rows: 3
   cols: 1
   dt: f
   data: [ -4.47715253e-01, -1.52950827e-02, -1.09210002e+00 ]
RMatrix: !!opencv-matrix
   rows: 3
   cols: 3
   dt: f
   data: [ 3.52784395e-01, -9.35575604e-01, -1.55294435e-02,
       1.54613964e-02, -1.07657192e-02, 9.99822438e-01, -9.35576797e-01,
       -3.52961838e-01, 1.06673315e-02 ]
fx: 5.4068603515625000e+02
fy: 5.4068603515625000e+02
cx: 4.7975000000000000e+02
cy: 2.6975000000000000e+02
