%YAML:1.0
TVector: !!opencv-matrix
   rows: 3
   cols: 1
   dt: f
   data: [ -4.50223505e-01, -1.35057140e-02, -1.09594059e+00 ]
RMatrix: !!opencv-matrix
   rows: 3
   cols: 3
   dt: f
   data: [ 3.46331388e-01, -9.37976301e-01, -1.59674361e-02,
       1.78742167e-02, -1.04198949e-02, 9.99785960e-01, -9.37942028e-01,
       -3.46542656e-01, 1.31568536e-02 ]
fx: 5.4068603515625000e+02
fy: 5.4068603515625000e+02
cx: 4.7975000000000000e+02
cy: 2.6975000000000000e+02
