%YAML:1.0
TVector: !!opencv-matrix
   rows: 3
   cols: 1
   dt: f
   data: [ -4.47834283e-01, -1.28733385e-02, -1.09786689e+00 ]
RMatrix: !!opencv-matrix
   rows: 3
   cols: 3
   dt: f
   data: [ 3.41706067e-01, -9.39626396e-01, -1.84162986e-02,
       1.76779237e-02, -1.31660569e-02, 9.99757051e-01, -9.39640522e-01,
       -3.41948658e-01, 1.21117178e-02 ]
fx: 5.4068603515625000e+02
fy: 5.4068603515625000e+02
cx: 4.7975000000000000e+02
cy: 2.6975000000000000e+02
