%YAML:1.0
TVector: !!opencv-matrix
   rows: 3
   cols: 1
   dt: f
   data: [ -4.48865503e-01, -1.09600481e-02, -1.09890509e+00 ]
RMatrix: !!opencv-matrix
   rows: 3
   cols: 3
   dt: f
   data: [ 3.38965088e-01, -9.40566897e-01, -2.08962653e-02,
       1.64524820e-02, -1.62815116e-02, 9.99732077e-01, -9.40655053e-01,
       -3.39218050e-01, 9.95579269e-03 ]
fx: 5.4068603515625000e+02
fy: 5.4068603515625000e+02
cx: 4.7975000000000000e+02
cy: 2.6975000000000000e+02
