%YAML:1.0
TVector: !!opencv-matrix
   rows: 3
   cols: 1
   dt: f
   data: [ 3.95077057e-02, -1.67212375e-02, -2.11161077e-02 ]
RMatrix: !!opencv-matrix
   rows: 3
   cols: 3
   dt: f
   data: [ -2.42822774e-04, -9.99160469e-01, -4.09680679e-02,
       -2.15975549e-02, -4.09532785e-02, 9.98927653e-01, -9.99766707e-01,
       1.12737238e-03, -2.15694793e-02 ]
fx: 5.4068603515625000e+02
fy: 5.4068603515625000e+02
cx: 4.7975000000000000e+02
cy: 2.6975000000000000e+02
