%YAML:1.0
TVector: !!opencv-matrix
   rows: 3
   cols: 1
   dt: f
   data: [ -4.53133970e-01, -1.03290547e-02, -1.10135531e+00 ]
RMatrix: !!opencv-matrix
   rows: 3
   cols: 3
   dt: f
   data: [ 3.38393748e-01, -9.40703750e-01, -2.37956773e-02,
       1.58406235e-02, -1.95893347e-02, 9.99682546e-01, -9.40871239e-01,
       -3.38663340e-01, 8.27242527e-03 ]
fx: 5.4068603515625000e+02
fy: 5.4068603515625000e+02
cx: 4.7975000000000000e+02
cy: 2.6975000000000000e+02
