%YAML:1.0
TVector: !!opencv-matrix
   rows: 3
   cols: 1
   dt: f
   data: [ 3.22404467e-02, -5.52711226e-02, -1.38015747e-01 ]
RMatrix: !!opencv-matrix
   rows: 3
   cols: 3
   dt: f
   data: [ 2.38696545e-01, -9.69731867e-01, 5.14205024e-02,
       -1.14091113e-01, 2.45799348e-02, 9.93166149e-01, 9.64368820e-01,
       2.42931977e-01, 1.04770668e-01 ]
fx: 5.4068603515625000e+02
fy: 5.4068603515625000e+02
cx: 4.7975000000000000e+02
cy: 2.6975000000000000e+02
