%YAML:1.0
TVector: !!opencv-matrix
   rows: 3
   cols: 1
   dt: f
   data: [ -4.53466147e-01, -9.24902409e-03, -1.10332215e+00 ]
RMatrix: !!opencv-matrix
   rows: 3
   cols: 3
   dt: f
   data: [ 3.36758733e-01, -9.41242099e-01, -2.56250799e-02,
       1.34717468e-02, -2.23955084e-02, 9.99658346e-01, -9.41494524e-01,
       -3.36988866e-01, 5.13829105e-03 ]
fx: 5.4068603515625000e+02
fy: 5.4068603515625000e+02
cx: 4.7975000000000000e+02
cy: 2.6975000000000000e+02
