%YAML:1.0
TVector: !!opencv-matrix
   rows: 3
   cols: 1
   dt: f
   data: [ 4.22263891e-02, -5.98097295e-02, -1.28439575e-01 ]
RMatrix: !!opencv-matrix
   rows: 3
   cols: 3
   dt: f
   data: [ 2.52220094e-01, -9.66208994e-01, 5.31521291e-02,
       -1.11903071e-01, 2.54362933e-02, 9.93393481e-01, 9.61177707e-01,
       2.56501704e-01, 1.01706222e-01 ]
fx: 5.4068603515625000e+02
fy: 5.4068603515625000e+02
cx: 4.7975000000000000e+02
cy: 2.6975000000000000e+02
