%YAML:1.0
TVector: !!opencv-matrix
   rows: 3
   cols: 1
   dt: f
   data: [ -4.53336030e-01, -1.02288323e-02, -1.10480285e+00 ]
RMatrix: !!opencv-matrix
   rows: 3
   cols: 3
   dt: f
   data: [ 3.37469339e-01, -9.41033781e-01, -2.38709021e-02,
       1.24593228e-02, -2.08910648e-02, 9.99704063e-01, -9.41254020e-01,
       -3.37666869e-01, 4.67455015e-03 ]
fx: 5.4068603515625000e+02
fy: 5.4068603515625000e+02
cx: 4.7975000000000000e+02
cy: 2.6975000000000000e+02
