%YAML:1.0
TVector: !!opencv-matrix
   rows: 3
   cols: 1
   dt: f
   data: [ -4.51548427e-01, -1.01504782e-02, -1.10617280e+00 ]
RMatrix: !!opencv-matrix
   rows: 3
   cols: 3
   dt: f
   data: [ 3.37485522e-01, -9.41085219e-01, -2.14956515e-02,
       1.20194210e-02, -1.85254496e-02, 9.99756157e-01, -9.41254079e-01,
       -3.37661624e-01, 5.05922781e-03 ]
fx: 5.4068603515625000e+02
fy: 5.4068603515625000e+02
cx: 4.7975000000000000e+02
cy: 2.6975000000000000e+02
