%YAML:1.0
TVector: !!opencv-matrix
   rows: 3
   cols: 1
   dt: f
   data: [ -4.57727462e-01, -6.56462088e-03, -1.10822916e+00 ]
RMatrix: !!opencv-matrix
   rows: 3
   cols: 3
   dt: f
   data: [ 3.39173347e-01, -9.40454841e-01, -2.24970430e-02,
       1.53085068e-02, -1.83936134e-02, 9.99713719e-01, -9.40599382e-01,
       -3.39420646e-01, 8.15833546e-03 ]
fx: 5.4068603515625000e+02
fy: 5.4068603515625000e+02
cx: 4.7975000000000000e+02
cy: 2.6975000000000000e+02
