%YAML:1.0
TVector: !!opencv-matrix
   rows: 3
   cols: 1
   dt: f
   data: [ -4.57913101e-01, -1.59496209e-03, -1.11267900e+00 ]
RMatrix: !!opencv-matrix
   rows: 3
   cols: 3
   dt: f
   data: [ 3.36824894e-01, -9.41231310e-01, -2.51513161e-02,
       1.84343122e-02, -2.01149471e-02, 9.99627769e-01, -9.41386938e-01,
       -3.37163091e-01, 1.05757350e-02 ]
fx: 5.4068603515625000e+02
fy: 5.4068603515625000e+02
cx: 4.7975000000000000e+02
cy: 2.6975000000000000e+02
