%YAML:1.0
TVector: !!opencv-matrix
   rows: 3
   cols: 1
   dt: f
   data: [ -4.58336234e-01, 1.24696200e-03, -1.11460495e+00 ]
RMatrix: !!opencv-matrix
   rows: 3
   cols: 3
   dt: f
   data: [ 3.36209983e-01, -9.41412807e-01, -2.65499260e-02,
       1.99944247e-02, -2.10496485e-02, 9.99578476e-01, -9.41574752e-01,
       -3.36599201e-01, 1.17458990e-02 ]
fx: 5.4068603515625000e+02
fy: 5.4068603515625000e+02
cx: 4.7975000000000000e+02
cy: 2.6975000000000000e+02
