%YAML:1.0
TVector: !!opencv-matrix
   rows: 3
   cols: 1
   dt: f
   data: [ -4.59818274e-01, -1.36907795e-03, -1.11651123e+00 ]
RMatrix: !!opencv-matrix
   rows: 3
   cols: 3
   dt: f
   data: [ 3.35852265e-01, -9.41447198e-01, -2.96722427e-02,
       2.26143319e-02, -2.34335214e-02, 9.99469697e-01, -9.41643119e-01,
       -3.36345166e-01, 1.34200007e-02 ]
fx: 5.4068603515625000e+02
fy: 5.4068603515625000e+02
cx: 4.7975000000000000e+02
cy: 2.6975000000000000e+02
