%YAML:1.0
TVector: !!opencv-matrix
   rows: 3
   cols: 1
   dt: f
   data: [ -4.57694024e-01, 3.60463979e-04, -1.12014461e+00 ]
RMatrix: !!opencv-matrix
   rows: 3
   cols: 3
   dt: f
   data: [ 3.32562566e-01, -9.42615926e-01, -2.96157356e-02,
       2.78645232e-02, -2.15683226e-02, 9.99379039e-01, -9.42669392e-01,
       -3.33181292e-01, 1.90927293e-02 ]
fx: 5.4068603515625000e+02
fy: 5.4068603515625000e+02
cx: 4.7975000000000000e+02
cy: 2.6975000000000000e+02
