%YAML:1.0
TVector: !!opencv-matrix
   rows: 3
   cols: 1
   dt: f
   data: [ -4.59511787e-01, 4.32795100e-03, -1.12462497e+00 ]
RMatrix: !!opencv-matrix
   rows: 3
   cols: 3
   dt: f
   data: [ 3.32248300e-01, -9.42638457e-01, -3.23110446e-02,
       3.11770272e-02, -2.32624449e-02, 9.99243200e-01, -9.42676604e-01,
       -3.33004266e-01, 2.16597561e-02 ]
fx: 5.4068603515625000e+02
fy: 5.4068603515625000e+02
cx: 4.7975000000000000e+02
cy: 2.6975000000000000e+02
