%YAML:1.0
TVector: !!opencv-matrix
   rows: 3
   cols: 1
   dt: f
   data: [ 3.84908654e-02, -1.40072117e-02, -2.35965885e-02 ]
RMatrix: !!opencv-matrix
   rows: 3
   cols: 3
   dt: f
   data: [ 1.72956003e-04, -9.99098361e-01, -4.24542874e-02,
       -2.18226817e-02, -4.24479544e-02, 9.98860359e-01, -9.99761701e-01,
       7.53707602e-04, -2.18103528e-02 ]
fx: 5.4068603515625000e+02
fy: 5.4068603515625000e+02
cx: 4.7975000000000000e+02
cy: 2.6975000000000000e+02
