%YAML:1.0
TVector: !!opencv-matrix
   rows: 3
   cols: 1
   dt: f
   data: [ -4.58797574e-01, 6.33049896e-03, -1.12612665e+00 ]
RMatrix: !!opencv-matrix
   rows: 3
   cols: 3
   dt: f
   data: [ 3.32865596e-01, -9.42365348e-01, -3.38851139e-02,
       3.35480124e-02, -2.40768939e-02, 9.99147058e-01, -9.42377329e-01,
       -3.33718479e-01, 2.36001108e-02 ]
fx: 5.4068603515625000e+02
fy: 5.4068603515625000e+02
cx: 4.7975000000000000e+02
cy: 2.6975000000000000e+02
