%YAML:1.0
TVector: !!opencv-matrix
   rows: 3
   cols: 1
   dt: f
   data: [ -4.61523443e-01, 7.23702507e-03, -1.13119960e+00 ]
RMatrix: !!opencv-matrix
   rows: 3
   cols: 3
   dt: f
   data: [ 3.33131373e-01, -9.42253590e-01, -3.43789868e-02,
       4.00955081e-02, -2.22718585e-02, 9.98947620e-01, -9.42027688e-01,
       -3.34159225e-01, 3.03606838e-02 ]
fx: 5.4068603515625000e+02
fy: 5.4068603515625000e+02
cx: 4.7975000000000000e+02
cy: 2.6975000000000000e+02
