%YAML:1.0
TVector: !!opencv-matrix
   rows: 3
   cols: 1
   dt: f
   data: [ 3.36863287e-02, -6.04898706e-02, -1.19974792e-01 ]
RMatrix: !!opencv-matrix
   rows: 3
   cols: 3
   dt: f
   data: [ 3.21782082e-01, -9.45147455e-01, 5.61452061e-02,
       -1.08511008e-01, 2.20949594e-02, 9.93849635e-01, 9.40575063e-01,
       3.25895369e-01, 9.54491422e-02 ]
fx: 5.4068603515625000e+02
fy: 5.4068603515625000e+02
cx: 4.7975000000000000e+02
cy: 2.6975000000000000e+02
