%YAML:1.0
TVector: !!opencv-matrix
   rows: 3
   cols: 1
   dt: f
   data: [ -4.59364116e-01, 1.10073937e-02, -1.13504851e+00 ]
RMatrix: !!opencv-matrix
   rows: 3
   cols: 3
   dt: f
   data: [ 3.30595613e-01, -9.43037152e-01, -3.72457728e-02,
       4.42803577e-02, -2.39223633e-02, 9.98732626e-01, -9.42733109e-01,
       -3.31825912e-01, 3.38493921e-02 ]
fx: 5.4068603515625000e+02
fy: 5.4068603515625000e+02
cx: 4.7975000000000000e+02
cy: 2.6975000000000000e+02
