%YAML:1.0
TVector: !!opencv-matrix
   rows: 3
   cols: 1
   dt: f
   data: [ 2.12454144e-02, -5.41000664e-02, -1.32950976e-01 ]
RMatrix: !!opencv-matrix
   rows: 3
   cols: 3
   dt: f
   data: [ 3.31610590e-01, -9.41680849e-01, 5.71984164e-02,
       -1.07266106e-01, 2.26012226e-02, 9.93973553e-01, 9.37298656e-01,
       3.35747629e-01, 9.35156420e-02 ]
fx: 5.4068603515625000e+02
fy: 5.4068603515625000e+02
cx: 4.7975000000000000e+02
cy: 2.6975000000000000e+02
