%YAML:1.0
TVector: !!opencv-matrix
   rows: 3
   cols: 1
   dt: f
   data: [ -4.55505967e-01, 9.88630857e-03, -1.13692713e+00 ]
RMatrix: !!opencv-matrix
   rows: 3
   cols: 3
   dt: f
   data: [ 3.29649389e-01, -9.43260968e-01, -3.98778729e-02,
       4.91460338e-02, -2.50367820e-02, 9.98477757e-01, -9.42823529e-01,
       -3.31107408e-01, 3.81041691e-02 ]
fx: 5.4068603515625000e+02
fy: 5.4068603515625000e+02
cx: 4.7975000000000000e+02
cy: 2.6975000000000000e+02
