%YAML:1.0
TVector: !!opencv-matrix
   rows: 3
   cols: 1
   dt: f
   data: [ 3.47614177e-02, -5.99106327e-02, -1.23819053e-01 ]
RMatrix: !!opencv-matrix
   rows: 3
   cols: 3
   dt: f
   data: [ 3.33582133e-01, -9.40875947e-01, 5.89532852e-02,
       -1.04571700e-01, 2.52190139e-02, 9.94197547e-01, 9.36903238e-01,
       3.37811321e-01, 8.99763778e-02 ]
fx: 5.4068603515625000e+02
fy: 5.4068603515625000e+02
cx: 4.7975000000000000e+02
cy: 2.6975000000000000e+02
