%YAML:1.0
TVector: !!opencv-matrix
   rows: 3
   cols: 1
   dt: f
   data: [ -4.51724887e-01, 8.95560253e-03, -1.13899875e+00 ]
RMatrix: !!opencv-matrix
   rows: 3
   cols: 3
   dt: f
   data: [ 3.29523534e-01, -9.43236887e-01, -4.14539166e-02,
       5.16666397e-02, -2.58252528e-02, 9.98330534e-01, -9.42732811e-01,
       -3.31115097e-01, 4.02238555e-02 ]
fx: 5.4068603515625000e+02
fy: 5.4068603515625000e+02
cx: 4.7975000000000000e+02
cy: 2.6975000000000000e+02
