%YAML:1.0
TVector: !!opencv-matrix
   rows: 3
   cols: 1
   dt: f
   data: [ 2.52856389e-02, -5.81205450e-02, -1.27032787e-01 ]
RMatrix: !!opencv-matrix
   rows: 3
   cols: 3
   dt: f
   data: [ 3.46363664e-01, -9.36281979e-01, 5.83829880e-02,
       -1.00357361e-01, 2.48962604e-02, 9.94640052e-01, 9.32716966e-01,
       3.50366265e-01, 8.53395984e-02 ]
fx: 5.4068603515625000e+02
fy: 5.4068603515625000e+02
cx: 4.7975000000000000e+02
cy: 2.6975000000000000e+02
