%YAML:1.0
TVector: !!opencv-matrix
   rows: 3
   cols: 1
   dt: f
   data: [ -4.54356641e-01, 9.83111560e-03, -1.14100468e+00 ]
RMatrix: !!opencv-matrix
   rows: 3
   cols: 3
   dt: f
   data: [ 3.32339257e-01, -9.42265987e-01, -4.10526320e-02,
       5.31222858e-02, -2.47567631e-02, 9.98280942e-01, -9.41662669e-01,
       -3.33948761e-01, 4.18276787e-02 ]
fx: 5.4068603515625000e+02
fy: 5.4068603515625000e+02
cx: 4.7975000000000000e+02
cy: 2.6975000000000000e+02
