%YAML:1.0
TVector: !!opencv-matrix
   rows: 3
   cols: 1
   dt: f
   data: [ 2.05054097e-02, -5.66146150e-02, -1.24479279e-01 ]
RMatrix: !!opencv-matrix
   rows: 3
   cols: 3
   dt: f
   data: [ 3.52721244e-01, -9.33875024e-01, 5.88631332e-02,
       -9.79199260e-02, 2.57231798e-02, 9.94861662e-01, 9.30590808e-01,
       3.56672764e-01, 8.23718831e-02 ]
fx: 5.4068603515625000e+02
fy: 5.4068603515625000e+02
cx: 4.7975000000000000e+02
cy: 2.6975000000000000e+02
