%YAML:1.0
TVector: !!opencv-matrix
   rows: 3
   cols: 1
   dt: f
   data: [ -4.57898289e-01, 1.27836475e-02, -1.14173889e+00 ]
RMatrix: !!opencv-matrix
   rows: 3
   cols: 3
   dt: f
   data: [ 3.37039709e-01, -9.40598845e-01, -4.09673080e-02,
       5.43294884e-02, -2.40100138e-02, 9.98234451e-01, -9.39921737e-01,
       -3.38670403e-01, 4.30099182e-02 ]
fx: 5.4068603515625000e+02
fy: 5.4068603515625000e+02
cx: 4.7975000000000000e+02
cy: 2.6975000000000000e+02
