%YAML:1.0
TVector: !!opencv-matrix
   rows: 3
   cols: 1
   dt: f
   data: [ -4.55809414e-01, 1.02661755e-02, -1.14815807e+00 ]
RMatrix: !!opencv-matrix
   rows: 3
   cols: 3
   dt: f
   data: [ 3.44724566e-01, -9.37872231e-01, -3.95055301e-02,
       6.01851158e-02, -1.99161302e-02, 9.97988701e-01, -9.36772645e-01,
       -3.46408844e-01, 4.95803654e-02 ]
fx: 5.4068603515625000e+02
fy: 5.4068603515625000e+02
cx: 4.7975000000000000e+02
cy: 2.6975000000000000e+02
