%YAML:1.0
TVector: !!opencv-matrix
   rows: 3
   cols: 1
   dt: f
   data: [ 3.24710421e-02, -5.76533377e-02, -1.31553203e-01 ]
RMatrix: !!opencv-matrix
   rows: 3
   cols: 3
   dt: f
   data: [ 3.55631500e-01, -9.32675362e-01, 6.03570528e-02,
       -9.58896428e-02, 2.78275441e-02, 9.95002985e-01, 9.29694295e-01,
       3.59641939e-01, 7.95375407e-02 ]
fx: 5.4068603515625000e+02
fy: 5.4068603515625000e+02
cx: 4.7975000000000000e+02
cy: 2.6975000000000000e+02
