%YAML:1.0
TVector: !!opencv-matrix
   rows: 3
   cols: 1
   dt: f
   data: [ -4.53153372e-01, 1.06395325e-02, -1.15091789e+00 ]
RMatrix: !!opencv-matrix
   rows: 3
   cols: 3
   dt: f
   data: [ 3.46905053e-01, -9.37212884e-01, -3.59002128e-02,
       5.82839623e-02, -1.66613124e-02, 9.98160899e-01, -9.36087430e-01,
       -3.48359495e-01, 4.88445759e-02 ]
fx: 5.4068603515625000e+02
fy: 5.4068603515625000e+02
cx: 4.7975000000000000e+02
cy: 2.6975000000000000e+02
