%YAML:1.0
TVector: !!opencv-matrix
   rows: 3
   cols: 1
   dt: f
   data: [ -4.53719139e-01, 1.48359798e-02, -1.16350913e+00 ]
RMatrix: !!opencv-matrix
   rows: 3
   cols: 3
   dt: f
   data: [ 3.50068152e-01, -9.35949326e-01, -3.80962491e-02,
       6.14973083e-02, -1.76184382e-02, 9.97951686e-01, -9.34703410e-01,
       -3.51693988e-01, 5.13907112e-02 ]
fx: 5.4068603515625000e+02
fy: 5.4068603515625000e+02
cx: 4.7975000000000000e+02
cy: 2.6975000000000000e+02
