%YAML:1.0
TVector: !!opencv-matrix
   rows: 3
   cols: 1
   dt: f
   data: [ 3.91921774e-02, -1.66656338e-02, -2.72209458e-02 ]
RMatrix: !!opencv-matrix
   rows: 3
   cols: 3
   dt: f
   data: [ -9.53363895e-04, -9.99036968e-01, -4.38682213e-02,
       -2.05882657e-02, -4.38393392e-02, 9.98826504e-01, -9.99787629e-01,
       1.85541587e-03, -2.05266438e-02 ]
fx: 5.4068603515625000e+02
fy: 5.4068603515625000e+02
cx: 4.7975000000000000e+02
cy: 2.6975000000000000e+02
