%YAML:1.0
TVector: !!opencv-matrix
   rows: 3
   cols: 1
   dt: f
   data: [ 1.78562030e-02, -5.96346743e-02, -1.24358080e-01 ]
RMatrix: !!opencv-matrix
   rows: 3
   cols: 3
   dt: f
   data: [ 3.72274637e-01, -9.26054001e-01, 6.19305819e-02,
       -8.89035389e-02, 3.08397096e-02, 9.95562553e-01, 9.23854709e-01,
       3.76128584e-01, 7.08486289e-02 ]
fx: 5.4068603515625000e+02
fy: 5.4068603515625000e+02
cx: 4.7975000000000000e+02
cy: 2.6975000000000000e+02
