%YAML:1.0
TVector: !!opencv-matrix
   rows: 3
   cols: 1
   dt: f
   data: [ -4.53699291e-01, 1.56064192e-02, -1.16899931e+00 ]
RMatrix: !!opencv-matrix
   rows: 3
   cols: 3
   dt: f
   data: [ 3.50391626e-01, -9.35846090e-01, -3.76577862e-02,
       6.27701730e-02, -1.66524779e-02, 9.97889161e-01, -9.34497595e-01,
       -3.52015764e-01, 5.29083200e-02 ]
fx: 5.4068603515625000e+02
fy: 5.4068603515625000e+02
cx: 4.7975000000000000e+02
cy: 2.6975000000000000e+02
