%YAML:1.0
TVector: !!opencv-matrix
   rows: 3
   cols: 1
   dt: f
   data: [ -4.52615917e-01, 1.65582411e-02, -1.17411923e+00 ]
RMatrix: !!opencv-matrix
   rows: 3
   cols: 3
   dt: f
   data: [ 3.50736707e-01, -9.35637891e-01, -3.95644456e-02,
       6.33086264e-02, -1.84619054e-02, 9.97823179e-01, -9.34331715e-01,
       -3.52478057e-01, 5.27586862e-02 ]
fx: 5.4068603515625000e+02
fy: 5.4068603515625000e+02
cx: 4.7975000000000000e+02
cy: 2.6975000000000000e+02
