%YAML:1.0
TVector: !!opencv-matrix
   rows: 3
   cols: 1
   dt: f
   data: [ 1.61325783e-02, -6.24451190e-02, -1.28609359e-01 ]
RMatrix: !!opencv-matrix
   rows: 3
   cols: 3
   dt: f
   data: [ 3.78444940e-01, -9.23551261e-01, 6.19075075e-02,
       -8.54202062e-02, 3.17503400e-02, 9.95839000e-01, 9.21674073e-01,
       3.82158369e-01, 6.68741688e-02 ]
fx: 5.4068603515625000e+02
fy: 5.4068603515625000e+02
cx: 4.7975000000000000e+02
cy: 2.6975000000000000e+02
