%YAML:1.0
TVector: !!opencv-matrix
   rows: 3
   cols: 1
   dt: f
   data: [ -4.47561502e-01, 1.99310333e-02, -1.18527114e+00 ]
RMatrix: !!opencv-matrix
   rows: 3
   cols: 3
   dt: f
   data: [ 3.53062183e-01, -9.34767723e-01, -3.94538753e-02,
       6.79485798e-02, -1.64396707e-02, 9.97553468e-01, -9.33129251e-01,
       -3.54879230e-01, 5.77119030e-02 ]
fx: 5.4068603515625000e+02
fy: 5.4068603515625000e+02
cx: 4.7975000000000000e+02
cy: 2.6975000000000000e+02
