%YAML:1.0
TVector: !!opencv-matrix
   rows: 3
   cols: 1
   dt: f
   data: [ -4.50043887e-01, 1.84766967e-02, -1.19066346e+00 ]
RMatrix: !!opencv-matrix
   rows: 3
   cols: 3
   dt: f
   data: [ 3.56571048e-01, -9.33343649e-01, -4.15527821e-02,
       7.12439939e-02, -1.71828419e-02, 9.97310936e-01, -9.31547821e-01,
       -3.58572572e-01, 6.03682213e-02 ]
fx: 5.4068603515625000e+02
fy: 5.4068603515625000e+02
cx: 4.7975000000000000e+02
cy: 2.6975000000000000e+02
