%YAML:1.0
TVector: !!opencv-matrix
   rows: 3
   cols: 1
   dt: f
   data: [ 3.08347512e-02, -6.45309985e-02, -1.25323474e-01 ]
RMatrix: !!opencv-matrix
   rows: 3
   cols: 3
   dt: f
   data: [ 3.86433929e-01, -9.20321405e-01, 6.06401712e-02,
       -7.87270591e-02, 3.25938649e-02, 9.96363163e-01, 9.18950975e-01,
       3.89802516e-01, 5.98588251e-02 ]
fx: 5.4068603515625000e+02
fy: 5.4068603515625000e+02
cx: 4.7975000000000000e+02
cy: 2.6975000000000000e+02
