%YAML:1.0
TVector: !!opencv-matrix
   rows: 3
   cols: 1
   dt: f
   data: [ 1.04392190e-02, -6.14376701e-02, -1.32541269e-01 ]
RMatrix: !!opencv-matrix
   rows: 3
   cols: 3
   dt: f
   data: [ 3.96453023e-01, -9.16095972e-01, 5.99430874e-02,
       -7.67373517e-02, 3.19975168e-02, 9.96537745e-01, 9.14842248e-01,
       3.99680287e-01, 5.76132722e-02 ]
fx: 5.4068603515625000e+02
fy: 5.4068603515625000e+02
cx: 4.7975000000000000e+02
cy: 2.6975000000000000e+02
