%YAML:1.0
TVector: !!opencv-matrix
   rows: 3
   cols: 1
   dt: f
   data: [ -4.46323752e-01, 1.84335951e-02, -1.20018482e+00 ]
RMatrix: !!opencv-matrix
   rows: 3
   cols: 3
   dt: f
   data: [ 3.56987298e-01, -9.33291614e-01, -3.90723944e-02,
       7.54063204e-02, -1.28992721e-02, 9.97069478e-01, -9.31060612e-01,
       -3.58887494e-01, 6.57712221e-02 ]
fx: 5.4068603515625000e+02
fy: 5.4068603515625000e+02
cx: 4.7975000000000000e+02
cy: 2.6975000000000000e+02
