%YAML:1.0
TVector: !!opencv-matrix
   rows: 3
   cols: 1
   dt: f
   data: [ 9.07348748e-03, -6.38764501e-02, -1.27437070e-01 ]
RMatrix: !!opencv-matrix
   rows: 3
   cols: 3
   dt: f
   data: [ 4.02768880e-01, -9.13409412e-01, 5.88250943e-02,
       -7.30201155e-02, 3.19983810e-02, 9.96816874e-01, 9.12384212e-01,
       4.05782253e-01, 5.38093112e-02 ]
fx: 5.4068603515625000e+02
fy: 5.4068603515625000e+02
cx: 4.7975000000000000e+02
cy: 2.6975000000000000e+02
