%YAML:1.0
TVector: !!opencv-matrix
   rows: 3
   cols: 1
   dt: f
   data: [ -4.44353223e-01, 2.40839459e-02, -1.21132946e+00 ]
RMatrix: !!opencv-matrix
   rows: 3
   cols: 3
   dt: f
   data: [ 3.58889580e-01, -9.32477057e-01, -4.10492234e-02,
       7.89859742e-02, -1.34802237e-02, 9.96784687e-01, -9.30032194e-01,
       -3.60977948e-01, 6.88146874e-02 ]
fx: 5.4068603515625000e+02
fy: 5.4068603515625000e+02
cx: 4.7975000000000000e+02
cy: 2.6975000000000000e+02
