%YAML:1.0
TVector: !!opencv-matrix
   rows: 3
   cols: 1
   dt: f
   data: [ -4.46018487e-01, 2.49795951e-02, -1.21854126e+00 ]
RMatrix: !!opencv-matrix
   rows: 3
   cols: 3
   dt: f
   data: [ 3.59279960e-01, -9.32160258e-01, -4.46664467e-02,
       8.30818564e-02, -1.57235153e-02, 9.96418715e-01, -9.29524243e-01,
       -3.61704230e-01, 7.17964619e-02 ]
fx: 5.4068603515625000e+02
fy: 5.4068603515625000e+02
cx: 4.7975000000000000e+02
cy: 2.6975000000000000e+02
