%YAML:1.0
TVector: !!opencv-matrix
   rows: 3
   cols: 1
   dt: f
   data: [ -4.49298173e-01, 2.73768678e-02, -1.22331941e+00 ]
RMatrix: !!opencv-matrix
   rows: 3
   cols: 3
   dt: f
   data: [ 3.60613078e-01, -9.31653023e-01, -4.45065200e-02,
       8.28592777e-02, -1.55293336e-02, 9.96440291e-01, -9.29027736e-01,
       -3.63017172e-01, 7.15960264e-02 ]
fx: 5.4068603515625000e+02
fy: 5.4068603515625000e+02
cx: 4.7975000000000000e+02
cy: 2.6975000000000000e+02
