%YAML:1.0
TVector: !!opencv-matrix
   rows: 3
   cols: 1
   dt: f
   data: [ -4.42361146e-01, 2.89456584e-02, -1.22722578e+00 ]
RMatrix: !!opencv-matrix
   rows: 3
   cols: 3
   dt: f
   data: [ 3.56580079e-01, -9.33171391e-01, -4.51864749e-02,
       8.42911676e-02, -1.60348751e-02, 9.96312141e-01, -9.30454552e-01,
       -3.59073848e-01, 7.29404017e-02 ]
fx: 5.4068603515625000e+02
fy: 5.4068603515625000e+02
cx: 4.7975000000000000e+02
cy: 2.6975000000000000e+02
