%YAML:1.0
TVector: !!opencv-matrix
   rows: 3
   cols: 1
   dt: f
   data: [ 1.12345126e-02, -6.63464218e-02, -1.30827725e-01 ]
RMatrix: !!opencv-matrix
   rows: 3
   cols: 3
   dt: f
   data: [ 4.25655454e-01, -9.03024793e-01, 5.79963997e-02,
       -6.14283755e-02, 3.51083688e-02, 9.97493863e-01, 9.02797818e-01,
       4.28151250e-01, 4.05272767e-02 ]
fx: 5.4068603515625000e+02
fy: 5.4068603515625000e+02
cx: 4.7975000000000000e+02
cy: 2.6975000000000000e+02
