%YAML:1.0
TVector: !!opencv-matrix
   rows: 3
   cols: 1
   dt: f
   data: [ -4.47685927e-01, 2.68751550e-02, -1.23281598e+00 ]
RMatrix: !!opencv-matrix
   rows: 3
   cols: 3
   dt: f
   data: [ 3.58292758e-01, -9.32194173e-01, -5.13862744e-02,
       8.77947211e-02, -2.11544912e-02, 9.95913923e-01, -9.29472148e-01,
       -3.61340225e-01, 7.42622092e-02 ]
fx: 5.4068603515625000e+02
fy: 5.4068603515625000e+02
cx: 4.7975000000000000e+02
cy: 2.6975000000000000e+02
