%YAML:1.0
TVector: !!opencv-matrix
   rows: 3
   cols: 1
   dt: f
   data: [ 3.93422619e-02, -1.61813125e-02, -2.99823657e-02 ]
RMatrix: !!opencv-matrix
   rows: 3
   cols: 3
   dt: f
   data: [ -1.78446225e-03, -9.98995602e-01, -4.47703302e-02,
       -1.97795462e-02, -4.47263829e-02, 9.98803437e-01, -9.99802768e-01,
       2.66786409e-03, -1.96798723e-02 ]
fx: 5.4068603515625000e+02
fy: 5.4068603515625000e+02
cx: 4.7975000000000000e+02
cy: 2.6975000000000000e+02
