%YAML:1.0
TVector: !!opencv-matrix
   rows: 3
   cols: 1
   dt: f
   data: [ 1.32570218e-03, 8.73194728e-03, -6.61622360e-03 ]
RMatrix: !!opencv-matrix
   rows: 3
   cols: 3
   dt: f
   data: [ 2.79319263e-03, -9.99995530e-01, -1.16715394e-03,
       5.16481735e-02, -1.02133665e-03, 9.98664916e-01, 9.98661578e-01,
       2.84974440e-03, -5.16450927e-02 ]
fx: 5.4068603515625000e+02
fy: 5.4068603515625000e+02
cx: 4.7975000000000000e+02
cy: 2.6975000000000000e+02
