%YAML:1.0
TVector: !!opencv-matrix
   rows: 3
   cols: 1
   dt: f
   data: [ -4.45686877e-01, 2.72114072e-02, -1.23652363e+00 ]
RMatrix: !!opencv-matrix
   rows: 3
   cols: 3
   dt: f
   data: [ 3.58525336e-01, -9.32138205e-01, -5.07728308e-02,
       8.89061317e-02, -2.00468451e-02, 9.95838284e-01, -9.29276645e-01,
       -3.61547291e-01, 7.56855160e-02 ]
fx: 5.4068603515625000e+02
fy: 5.4068603515625000e+02
cx: 4.7975000000000000e+02
cy: 2.6975000000000000e+02
