%YAML:1.0
TVector: !!opencv-matrix
   rows: 3
   cols: 1
   dt: f
   data: [ 8.45582318e-03, -5.91523759e-02, -1.32191047e-01 ]
RMatrix: !!opencv-matrix
   rows: 3
   cols: 3
   dt: f
   data: [ 4.37314361e-01, -8.97487521e-01, 5.72011918e-02,
       -5.63349091e-02, 3.61418314e-02, 9.97757494e-01, 8.97542477e-01,
       4.39556152e-01, 3.47545445e-02 ]
fx: 5.4068603515625000e+02
fy: 5.4068603515625000e+02
cx: 4.7975000000000000e+02
cy: 2.6975000000000000e+02
