%YAML:1.0
TVector: !!opencv-matrix
   rows: 3
   cols: 1
   dt: f
   data: [ -4.44796264e-01, 2.77675781e-02, -1.24421155e+00 ]
RMatrix: !!opencv-matrix
   rows: 3
   cols: 3
   dt: f
   data: [ 3.63134354e-01, -9.30483282e-01, -4.83119152e-02,
       9.07799006e-02, -1.62718594e-02, 9.95738029e-01, -9.27303672e-01,
       -3.65972459e-01, 7.85603225e-02 ]
fx: 5.4068603515625000e+02
fy: 5.4068603515625000e+02
cx: 4.7975000000000000e+02
cy: 2.6975000000000000e+02
