%YAML:1.0
TVector: !!opencv-matrix
   rows: 3
   cols: 1
   dt: f
   data: [ -4.44650441e-01, 2.85461470e-02, -1.24772573e+00 ]
RMatrix: !!opencv-matrix
   rows: 3
   cols: 3
   dt: f
   data: [ 3.65273535e-01, -9.29682612e-01, -4.75965217e-02,
       9.08871964e-02, -1.52689395e-02, 9.95744228e-01, -9.26452816e-01,
       -3.68044943e-01, 7.89188966e-02 ]
fx: 5.4068603515625000e+02
fy: 5.4068603515625000e+02
cx: 4.7975000000000000e+02
cy: 2.6975000000000000e+02
