%YAML:1.0
TVector: !!opencv-matrix
   rows: 3
   cols: 1
   dt: f
   data: [ -4.42149252e-01, 2.88126990e-02, -1.24994397e+00 ]
RMatrix: !!opencv-matrix
   rows: 3
   cols: 3
   dt: f
   data: [ 3.66589159e-01, -9.29262996e-01, -4.56379838e-02,
       9.18067396e-02, -1.26833897e-02, 9.95696127e-01, -9.25842345e-01,
       -3.69201362e-01, 8.06630030e-02 ]
fx: 5.4068603515625000e+02
fy: 5.4068603515625000e+02
cx: 4.7975000000000000e+02
cy: 2.6975000000000000e+02
