%YAML:1.0
TVector: !!opencv-matrix
   rows: 3
   cols: 1
   dt: f
   data: [ -4.46373940e-01, 3.40261757e-02, -1.25965047e+00 ]
RMatrix: !!opencv-matrix
   rows: 3
   cols: 3
   dt: f
   data: [ 3.71801287e-01, -9.27163243e-01, -4.61782441e-02,
       9.36078355e-02, -1.20460056e-02, 9.95536268e-01, -9.23580885e-01,
       -3.74464303e-01, 8.23109969e-02 ]
fx: 5.4068603515625000e+02
fy: 5.4068603515625000e+02
cx: 4.7975000000000000e+02
cy: 2.6975000000000000e+02
