%YAML:1.0
TVector: !!opencv-matrix
   rows: 3
   cols: 1
   dt: f
   data: [ 9.98986512e-03, -6.48886263e-02, -1.23716898e-01 ]
RMatrix: !!opencv-matrix
   rows: 3
   cols: 3
   dt: f
   data: [ 4.54505861e-01, -8.88994873e-01, 5.57925776e-02,
       -4.19848077e-02, 4.11854610e-02, 9.98269081e-01, 8.89753878e-01,
       4.56061542e-01, 1.86052453e-02 ]
fx: 5.4068603515625000e+02
fy: 5.4068603515625000e+02
cx: 4.7975000000000000e+02
cy: 2.6975000000000000e+02
