%YAML:1.0
TVector: !!opencv-matrix
   rows: 3
   cols: 1
   dt: f
   data: [ -4.46645379e-01, 3.40531617e-02, -1.26262116e+00 ]
RMatrix: !!opencv-matrix
   rows: 3
   cols: 3
   dt: f
   data: [ 3.71092081e-01, -9.27312315e-01, -4.88126054e-02,
       9.60899889e-02, -1.39367748e-02, 9.95275080e-01, -9.23611104e-01,
       -3.74029100e-01, 8.39335918e-02 ]
fx: 5.4068603515625000e+02
fy: 5.4068603515625000e+02
cx: 4.7975000000000000e+02
cy: 2.6975000000000000e+02
