%YAML:1.0
TVector: !!opencv-matrix
   rows: 3
   cols: 1
   dt: f
   data: [ -4.47244346e-01, 3.41599807e-02, -1.26593268e+00 ]
RMatrix: !!opencv-matrix
   rows: 3
   cols: 3
   dt: f
   data: [ 3.69849861e-01, -9.27664757e-01, -5.14692366e-02,
       9.73032042e-02, -1.64180584e-02, 9.95119333e-01, -9.23982143e-01,
       -3.73052895e-01, 8.41925591e-02 ]
fx: 5.4068603515625000e+02
fy: 5.4068603515625000e+02
cx: 4.7975000000000000e+02
cy: 2.6975000000000000e+02
