%YAML:1.0
TVector: !!opencv-matrix
   rows: 3
   cols: 1
   dt: f
   data: [ 5.00461534e-02, -6.66702390e-02, -1.15979224e-01 ]
RMatrix: !!opencv-matrix
   rows: 3
   cols: 3
   dt: f
   data: [ 4.58634555e-01, -8.87039840e-01, 5.30516282e-02,
       -3.05321962e-02, 4.39354777e-02, 9.98567641e-01, 8.88100207e-01,
       4.59597439e-01, 6.93294732e-03 ]
fx: 5.4068603515625000e+02
fy: 5.4068603515625000e+02
cx: 4.7975000000000000e+02
cy: 2.6975000000000000e+02
