%YAML:1.0
TVector: !!opencv-matrix
   rows: 3
   cols: 1
   dt: f
   data: [ 3.80783039e-03, -6.72167540e-02, -1.31795242e-01 ]
RMatrix: !!opencv-matrix
   rows: 3
   cols: 3
   dt: f
   data: [ 4.73648608e-01, -8.79228115e-01, 5.11321649e-02,
       -2.49800161e-02, 4.46226634e-02, 9.98691499e-01, 8.80359411e-01,
       4.74306166e-01, 8.27675511e-04 ]
fx: 5.4068603515625000e+02
fy: 5.4068603515625000e+02
cx: 4.7975000000000000e+02
cy: 2.6975000000000000e+02
