%YAML:1.0
TVector: !!opencv-matrix
   rows: 3
   cols: 1
   dt: f
   data: [ -4.42194223e-01, 3.43103558e-02, -1.27153850e+00 ]
RMatrix: !!opencv-matrix
   rows: 3
   cols: 3
   dt: f
   data: [ 3.67170334e-01, -9.28721309e-01, -5.16025312e-02,
       9.92826968e-02, -1.60298422e-02, 9.94930089e-01, -9.24839973e-01,
       -3.70432049e-01, 8.63202587e-02 ]
fx: 5.4068603515625000e+02
fy: 5.4068603515625000e+02
cx: 4.7975000000000000e+02
cy: 2.6975000000000000e+02
