%YAML:1.0
TVector: !!opencv-matrix
   rows: 3
   cols: 1
   dt: f
   data: [ -4.42393392e-01, 3.64854410e-02, -1.27673161e+00 ]
RMatrix: !!opencv-matrix
   rows: 3
   cols: 3
   dt: f
   data: [ 3.68181139e-01, -9.28478837e-01, -4.86803278e-02,
       9.94247124e-02, -1.27400290e-02, 9.94963586e-01, -9.24422741e-01,
       -3.71166855e-01, 8.76230970e-02 ]
fx: 5.4068603515625000e+02
fy: 5.4068603515625000e+02
cx: 4.7975000000000000e+02
cy: 2.6975000000000000e+02
