%YAML:1.0
TVector: !!opencv-matrix
   rows: 3
   cols: 1
   dt: f
   data: [ -4.43765074e-01, 3.84258181e-02, -1.28002310e+00 ]
RMatrix: !!opencv-matrix
   rows: 3
   cols: 3
   dt: f
   data: [ 3.70426983e-01, -9.27572489e-01, -4.89189811e-02,
       9.94804651e-02, -1.27451802e-02, 9.94957864e-01, -9.23519015e-01,
       -3.73425722e-01, 8.75542089e-02 ]
fx: 5.4068603515625000e+02
fy: 5.4068603515625000e+02
cx: 4.7975000000000000e+02
cy: 2.6975000000000000e+02
