%YAML:1.0
TVector: !!opencv-matrix
   rows: 3
   cols: 1
   dt: f
   data: [ 2.31356849e-03, 8.57089460e-03, -6.90264534e-03 ]
RMatrix: !!opencv-matrix
   rows: 3
   cols: 3
   dt: f
   data: [ 3.01148905e-03, -9.99993086e-01, -2.12198705e-03,
       5.75286075e-02, -1.94523530e-03, 9.98341858e-01, 9.98339236e-01,
       3.12857097e-03, -5.75223565e-02 ]
fx: 5.4068603515625000e+02
fy: 5.4068603515625000e+02
cx: 4.7975000000000000e+02
cy: 2.6975000000000000e+02
