%YAML:1.0
TVector: !!opencv-matrix
   rows: 3
   cols: 1
   dt: f
   data: [ 4.06194478e-02, -1.74485724e-02, -4.05317321e-02 ]
RMatrix: !!opencv-matrix
   rows: 3
   cols: 3
   dt: f
   data: [ -4.14262619e-03, -9.98955309e-01, -4.55133580e-02,
       -1.86618585e-02, -4.54285890e-02, 9.98793304e-01, -9.99817431e-01,
       4.98698978e-03, -1.84541643e-02 ]
fx: 5.4068603515625000e+02
fy: 5.4068603515625000e+02
cx: 4.7975000000000000e+02
cy: 2.6975000000000000e+02
