%YAML:1.0
TVector: !!opencv-matrix
   rows: 3
   cols: 1
   dt: f
   data: [ -4.39671069e-01, 3.84758785e-02, -1.28555715e+00 ]
RMatrix: !!opencv-matrix
   rows: 3
   cols: 3
   dt: f
   data: [ 3.73205155e-01, -9.26485956e-01, -4.83909994e-02,
       1.02585800e-01, -1.06287580e-02, 9.94667411e-01, -9.22059596e-01,
       -3.76179188e-01, 9.10775885e-02 ]
fx: 5.4068603515625000e+02
fy: 5.4068603515625000e+02
cx: 4.7975000000000000e+02
cy: 2.6975000000000000e+02
