%YAML:1.0
TVector: !!opencv-matrix
   rows: 3
   cols: 1
   dt: f
   data: [ 5.03817759e-03, -5.48871346e-02, -1.35275766e-01 ]
RMatrix: !!opencv-matrix
   rows: 3
   cols: 3
   dt: f
   data: [ 4.84050542e-01, -8.73462737e-01, 5.25136366e-02,
       -1.19409552e-02, 5.34137152e-02, 9.98501003e-01, 8.74958396e-01,
       4.83952075e-01, -1.54249575e-02 ]
fx: 5.4068603515625000e+02
fy: 5.4068603515625000e+02
cx: 4.7975000000000000e+02
cy: 2.6975000000000000e+02
