%YAML:1.0
TVector: !!opencv-matrix
   rows: 3
   cols: 1
   dt: f
   data: [ -4.39943284e-01, 4.03873920e-02, -1.28927839e+00 ]
RMatrix: !!opencv-matrix
   rows: 3
   cols: 3
   dt: f
   data: [ 3.77471060e-01, -9.24740195e-01, -4.86970656e-02,
       1.04271919e-01, -9.80775896e-03, 9.94500577e-01, -9.20132279e-01,
       -3.80472898e-01, 9.27222595e-02 ]
fx: 5.4068603515625000e+02
fy: 5.4068603515625000e+02
cx: 4.7975000000000000e+02
cy: 2.6975000000000000e+02
