%YAML:1.0
TVector: !!opencv-matrix
   rows: 3
   cols: 1
   dt: f
   data: [ -4.37703282e-01, 4.20117825e-02, -1.29243195e+00 ]
RMatrix: !!opencv-matrix
   rows: 3
   cols: 3
   dt: f
   data: [ 3.77784908e-01, -9.24605370e-01, -4.88209277e-02,
       1.05518043e-01, -9.39112622e-03, 9.94373024e-01, -9.19861138e-01,
       -3.80810559e-01, 9.40147191e-02 ]
fx: 5.4068603515625000e+02
fy: 5.4068603515625000e+02
cx: 4.7975000000000000e+02
cy: 2.6975000000000000e+02
