%YAML:1.0
TVector: !!opencv-matrix
   rows: 3
   cols: 1
   dt: f
   data: [ -7.10168527e-03, -5.83798736e-02, -1.42358184e-01 ]
RMatrix: !!opencv-matrix
   rows: 3
   cols: 3
   dt: f
   data: [ 4.93201882e-01, -8.68423998e-01, 5.09053320e-02,
       -1.17317389e-03, 5.78535609e-02, 9.98324335e-01, 8.69913995e-01,
       4.92435217e-01, -2.75146775e-02 ]
fx: 5.4068603515625000e+02
fy: 5.4068603515625000e+02
cx: 4.7975000000000000e+02
cy: 2.6975000000000000e+02
