%YAML:1.0
TVector: !!opencv-matrix
   rows: 3
   cols: 1
   dt: f
   data: [ -4.38882113e-01, 4.80597839e-02, -1.29967606e+00 ]
RMatrix: !!opencv-matrix
   rows: 3
   cols: 3
   dt: f
   data: [ 3.80172223e-01, -9.23389077e-01, -5.31207472e-02,
       1.08644120e-01, -1.24527039e-02, 9.94002819e-01, -9.18512762e-01,
       -3.83663476e-01, 9.55866203e-02 ]
fx: 5.4068603515625000e+02
fy: 5.4068603515625000e+02
cx: 4.7975000000000000e+02
cy: 2.6975000000000000e+02
