%YAML:1.0
TVector: !!opencv-matrix
   rows: 3
   cols: 1
   dt: f
   data: [ 4.67530312e-03, -7.10544959e-02, -1.39298752e-01 ]
RMatrix: !!opencv-matrix
   rows: 3
   cols: 3
   dt: f
   data: [ 4.96185094e-01, -8.66810977e-01, 4.93899323e-02,
       1.34965573e-02, 6.45805299e-02, 9.97821271e-01, 8.68111908e-01,
       4.94437397e-01, -4.37428504e-02 ]
fx: 5.4068603515625000e+02
fy: 5.4068603515625000e+02
cx: 4.7975000000000000e+02
cy: 2.6975000000000000e+02
