%YAML:1.0
TVector: !!opencv-matrix
   rows: 3
   cols: 1
   dt: f
   data: [ -4.39417303e-01, 4.66542467e-02, -1.30225813e+00 ]
RMatrix: !!opencv-matrix
   rows: 3
   cols: 3
   dt: f
   data: [ 3.81254852e-01, -9.22648251e-01, -5.80084175e-02,
       1.12562746e-01, -1.59510598e-02, 9.93516564e-01, -9.17591572e-01,
       -3.85312647e-01, 9.77744162e-02 ]
fx: 5.4068603515625000e+02
fy: 5.4068603515625000e+02
cx: 4.7975000000000000e+02
cy: 2.6975000000000000e+02
