%YAML:1.0
TVector: !!opencv-matrix
   rows: 3
   cols: 1
   dt: f
   data: [ -4.35132951e-01, 4.76786681e-02, -1.30471170e+00 ]
RMatrix: !!opencv-matrix
   rows: 3
   cols: 3
   dt: f
   data: [ 3.80054265e-01, -9.23208475e-01, -5.69666475e-02,
       1.12941213e-01, -1.48093179e-02, 9.93491352e-01, -9.18043196e-01,
       -3.84014517e-01, 9.86399204e-02 ]
fx: 5.4068603515625000e+02
fy: 5.4068603515625000e+02
cx: 4.7975000000000000e+02
cy: 2.6975000000000000e+02
