%YAML:1.0
TVector: !!opencv-matrix
   rows: 3
   cols: 1
   dt: f
   data: [ 1.75660258e-04, -6.00595921e-02, -1.43724352e-01 ]
RMatrix: !!opencv-matrix
   rows: 3
   cols: 3
   dt: f
   data: [ 4.99329269e-01, -8.65017414e-01, 4.91444841e-02,
       1.70618538e-02, 6.65280595e-02, 9.97638643e-01, 8.66244197e-01,
       4.97311652e-01, -4.79782000e-02 ]
fx: 5.4068603515625000e+02
fy: 5.4068603515625000e+02
cx: 4.7975000000000000e+02
cy: 2.6975000000000000e+02
