%YAML:1.0
TVector: !!opencv-matrix
   rows: 3
   cols: 1
   dt: f
   data: [ -4.30516005e-01, 4.54793498e-02, -1.30757058e+00 ]
RMatrix: !!opencv-matrix
   rows: 3
   cols: 3
   dt: f
   data: [ 3.80027473e-01, -9.23105001e-01, -5.87884858e-02,
       1.17183030e-01, -1.49972271e-02, 9.92997169e-01, -9.17522371e-01,
       -3.84255201e-01, 1.02472864e-01 ]
fx: 5.4068603515625000e+02
fy: 5.4068603515625000e+02
cx: 4.7975000000000000e+02
cy: 2.6975000000000000e+02
