%YAML:1.0
TVector: !!opencv-matrix
   rows: 3
   cols: 1
   dt: f
   data: [ -4.39934969e-01, 5.24489433e-02, -1.30995810e+00 ]
RMatrix: !!opencv-matrix
   rows: 3
   cols: 3
   dt: f
   data: [ 3.84343863e-01, -9.21345353e-01, -5.83300926e-02,
       1.16041891e-01, -1.44678634e-02, 9.93138850e-01, -9.15867865e-01,
       -3.88475597e-01, 1.01354010e-01 ]
fx: 5.4068603515625000e+02
fy: 5.4068603515625000e+02
cx: 4.7975000000000000e+02
cy: 2.6975000000000000e+02
