%YAML:1.0
TVector: !!opencv-matrix
   rows: 3
   cols: 1
   dt: f
   data: [ -2.33640592e-03, -5.89619540e-02, -1.46092579e-01 ]
RMatrix: !!opencv-matrix
   rows: 3
   cols: 3
   dt: f
   data: [ 5.02723277e-01, -8.63161206e-01, 4.71388437e-02,
       2.90739108e-02, 7.13826641e-02, 9.97025132e-01, 8.63958418e-01,
       4.99857277e-01, -6.09812066e-02 ]
fx: 5.4068603515625000e+02
fy: 5.4068603515625000e+02
cx: 4.7975000000000000e+02
cy: 2.6975000000000000e+02
