%YAML:1.0
TVector: !!opencv-matrix
   rows: 3
   cols: 1
   dt: f
   data: [ -4.33440208e-01, 5.14313281e-02, -1.31067216e+00 ]
RMatrix: !!opencv-matrix
   rows: 3
   cols: 3
   dt: f
   data: [ 3.82806182e-01, -9.21909750e-01, -5.95154837e-02,
       1.17552571e-01, -1.52899902e-02, 9.92949009e-01, -9.16319251e-01,
       -3.87103170e-01, 1.02519736e-01 ]
fx: 5.4068603515625000e+02
fy: 5.4068603515625000e+02
cx: 4.7975000000000000e+02
cy: 2.6975000000000000e+02
