%YAML:1.0
TVector: !!opencv-matrix
   rows: 3
   cols: 1
   dt: f
   data: [ -4.33513582e-01, 4.62085344e-02, -1.31767273e+00 ]
RMatrix: !!opencv-matrix
   rows: 3
   cols: 3
   dt: f
   data: [ 3.87779325e-01, -9.19628441e-01, -6.25367612e-02,
       1.20224074e-01, -1.68044716e-02, 9.92604554e-01, -9.13878202e-01,
       -3.92429918e-01, 1.04045048e-01 ]
fx: 5.4068603515625000e+02
fy: 5.4068603515625000e+02
cx: 4.7975000000000000e+02
cy: 2.6975000000000000e+02
