%YAML:1.0
TVector: !!opencv-matrix
   rows: 3
   cols: 1
   dt: f
   data: [ 4.36006635e-02, -1.98297668e-02, -4.61537875e-02 ]
RMatrix: !!opencv-matrix
   rows: 3
   cols: 3
   dt: f
   data: [ -5.09761134e-03, -9.98850524e-01, -4.76622954e-02,
       -1.68683622e-02, -4.75702398e-02, 9.98725533e-01, -9.99844730e-01,
       5.89509867e-03, -1.66064762e-02 ]
fx: 5.4068603515625000e+02
fy: 5.4068603515625000e+02
cx: 4.7975000000000000e+02
cy: 2.6975000000000000e+02
