%YAML:1.0
TVector: !!opencv-matrix
   rows: 3
   cols: 1
   dt: f
   data: [ 2.33659381e-03, 9.13981721e-03, -7.90041033e-03 ]
RMatrix: !!opencv-matrix
   rows: 3
   cols: 3
   dt: f
   data: [ 4.09686612e-03, -9.99986589e-01, -3.13968561e-03,
       6.24678023e-02, -2.87765707e-03, 9.98042762e-01, 9.98038530e-01,
       4.28497698e-03, -6.24551773e-02 ]
fx: 5.4068603515625000e+02
fy: 5.4068603515625000e+02
cx: 4.7975000000000000e+02
cy: 2.6975000000000000e+02
