%YAML:1.0
TVector: !!opencv-matrix
   rows: 3
   cols: 1
   dt: f
   data: [ -2.54126880e-02, -5.32832332e-02, -1.65918097e-01 ]
RMatrix: !!opencv-matrix
   rows: 3
   cols: 3
   dt: f
   data: [ 5.09743094e-01, -8.59180093e-01, 4.43999954e-02,
       4.20780741e-02, 7.64445513e-02, 9.96185541e-01, 8.59296978e-01,
       5.05930483e-01, -7.51197413e-02 ]
fx: 5.4068603515625000e+02
fy: 5.4068603515625000e+02
cx: 4.7975000000000000e+02
cy: 2.6975000000000000e+02
