%YAML:1.0
TVector: !!opencv-matrix
   rows: 3
   cols: 1
   dt: f
   data: [ -4.32896018e-01, 4.86049689e-02, -1.31857598e+00 ]
RMatrix: !!opencv-matrix
   rows: 3
   cols: 3
   dt: f
   data: [ 3.89997482e-01, -9.18747902e-01, -6.16795830e-02,
       1.17760420e-01, -1.66700073e-02, 9.92902160e-01, -9.13254976e-01,
       -3.94492745e-01, 1.01690866e-01 ]
fx: 5.4068603515625000e+02
fy: 5.4068603515625000e+02
cx: 4.7975000000000000e+02
cy: 2.6975000000000000e+02
