%YAML:1.0
TVector: !!opencv-matrix
   rows: 3
   cols: 1
   dt: f
   data: [ -9.43023153e-03, -5.88235557e-02, -1.56521663e-01 ]
RMatrix: !!opencv-matrix
   rows: 3
   cols: 3
   dt: f
   data: [ 5.08009374e-01, -8.60249639e-01, 4.35497016e-02,
       4.74128574e-02, 7.84105659e-02, 9.95792985e-01, 8.60045433e-01,
       5.03807425e-01, -8.06202069e-02 ]
fx: 5.4068603515625000e+02
fy: 5.4068603515625000e+02
cx: 4.7975000000000000e+02
cy: 2.6975000000000000e+02
