%YAML:1.0
TVector: !!opencv-matrix
   rows: 3
   cols: 1
   dt: f
   data: [ -4.32058215e-01, 4.71447259e-02, -1.31990004e+00 ]
RMatrix: !!opencv-matrix
   rows: 3
   cols: 3
   dt: f
   data: [ 3.92472535e-01, -9.17688370e-01, -6.17526919e-02,
       1.17567651e-01, -1.65348593e-02, 9.92927313e-01, -9.12218869e-01,
       -3.96956772e-01, 1.01400994e-01 ]
fx: 5.4068603515625000e+02
fy: 5.4068603515625000e+02
cx: 4.7975000000000000e+02
cy: 2.6975000000000000e+02
