%YAML:1.0
TVector: !!opencv-matrix
   rows: 3
   cols: 1
   dt: f
   data: [ -4.28257078e-01, 4.55042608e-02, -1.32599318e+00 ]
RMatrix: !!opencv-matrix
   rows: 3
   cols: 3
   dt: f
   data: [ 3.99115950e-01, -9.14927602e-01, -6.01141192e-02,
       1.16829805e-01, -1.42827015e-02, 9.93049145e-01, -9.09426868e-01,
       -4.03364897e-01, 1.01190366e-01 ]
fx: 5.4068603515625000e+02
fy: 5.4068603515625000e+02
cx: 4.7975000000000000e+02
cy: 2.6975000000000000e+02
