%YAML:1.0
TVector: !!opencv-matrix
   rows: 3
   cols: 1
   dt: f
   data: [ -4.21744853e-01, 4.22311425e-02, -1.32781088e+00 ]
RMatrix: !!opencv-matrix
   rows: 3
   cols: 3
   dt: f
   data: [ 4.01409924e-01, -9.13962126e-01, -5.95264062e-02,
       1.17537908e-01, -1.30506670e-02, 9.92982745e-01, -9.08325553e-01,
       -4.05589610e-01, 1.02186531e-01 ]
fx: 5.4068603515625000e+02
fy: 5.4068603515625000e+02
cx: 4.7975000000000000e+02
cy: 2.6975000000000000e+02
