%YAML:1.0
TVector: !!opencv-matrix
   rows: 3
   cols: 1
   dt: f
   data: [ -1.27708516e-03, -5.46487607e-02, -1.50578812e-01 ]
RMatrix: !!opencv-matrix
   rows: 3
   cols: 3
   dt: f
   data: [ 5.09315670e-01, -8.59597206e-01, 4.11064588e-02,
       5.62586747e-02, 8.09213296e-02, 9.95131373e-01, 8.58738661e-01,
       5.04523575e-01, -8.95743370e-02 ]
fx: 5.4068603515625000e+02
fy: 5.4068603515625000e+02
cx: 4.7975000000000000e+02
cy: 2.6975000000000000e+02
