%YAML:1.0
TVector: !!opencv-matrix
   rows: 3
   cols: 1
   dt: f
   data: [ -4.34137881e-01, 4.61321995e-02, -1.32867038e+00 ]
RMatrix: !!opencv-matrix
   rows: 3
   cols: 3
   dt: f
   data: [ 4.09769893e-01, -9.10205543e-01, -6.01202212e-02,
       1.15393490e-01, -1.36542637e-02, 9.93225932e-01, -9.04860795e-01,
       -4.13931578e-01, 9.94366854e-02 ]
fx: 5.4068603515625000e+02
fy: 5.4068603515625000e+02
cx: 4.7975000000000000e+02
cy: 2.6975000000000000e+02
