%YAML:1.0
TVector: !!opencv-matrix
   rows: 3
   cols: 1
   dt: f
   data: [ -4.33562875e-01, 4.76076119e-02, -1.33117139e+00 ]
RMatrix: !!opencv-matrix
   rows: 3
   cols: 3
   dt: f
   data: [ 4.13063377e-01, -9.08787429e-01, -5.90294898e-02,
       1.14530139e-01, -1.24652237e-02, 9.93341625e-01, -9.03471828e-01,
       -4.17073697e-01, 9.89346206e-02 ]
fx: 5.4068603515625000e+02
fy: 5.4068603515625000e+02
cx: 4.7975000000000000e+02
cy: 2.6975000000000000e+02
