%YAML:1.0
TVector: !!opencv-matrix
   rows: 3
   cols: 1
   dt: f
   data: [ -4.32913631e-01, 4.36579771e-02, -1.33617330e+00 ]
RMatrix: !!opencv-matrix
   rows: 3
   cols: 3
   dt: f
   data: [ 4.23273742e-01, -9.04059947e-01, -5.92869073e-02,
       1.12755582e-01, -1.23639917e-02, 9.93545711e-01, -8.98957968e-01,
       -4.27226752e-01, 9.67044532e-02 ]
fx: 5.4068603515625000e+02
fy: 5.4068603515625000e+02
cx: 4.7975000000000000e+02
cy: 2.6975000000000000e+02
