%YAML:1.0
TVector: !!opencv-matrix
   rows: 3
   cols: 1
   dt: f
   data: [ -4.22321856e-01, 4.37105112e-02, -1.33977807e+00 ]
RMatrix: !!opencv-matrix
   rows: 3
   cols: 3
   dt: f
   data: [ 4.28122997e-01, -9.01900887e-01, -5.73183149e-02,
       1.11360312e-01, -1.02925189e-02, 9.93726850e-01, -8.96833181e-01,
       -4.31820303e-01, 9.60295051e-02 ]
fx: 5.4068603515625000e+02
fy: 5.4068603515625000e+02
cx: 4.7975000000000000e+02
cy: 2.6975000000000000e+02
