%YAML:1.0
TVector: !!opencv-matrix
   rows: 3
   cols: 1
   dt: f
   data: [ -4.26329464e-01, 4.04386744e-02, -1.34308207e+00 ]
RMatrix: !!opencv-matrix
   rows: 3
   cols: 3
   dt: f
   data: [ 4.38424826e-01, -8.96974266e-01, -5.67508824e-02,
       1.10330723e-01, -8.95274524e-03, 9.93854582e-01, -8.91970038e-01,
       -4.41991895e-01, 9.50387195e-02 ]
fx: 5.4068603515625000e+02
fy: 5.4068603515625000e+02
cx: 4.7975000000000000e+02
cy: 2.6975000000000000e+02
