%YAML:1.0
TVector: !!opencv-matrix
   rows: 3
   cols: 1
   dt: f
   data: [ -4.28446263e-01, 3.90450694e-02, -1.34426868e+00 ]
RMatrix: !!opencv-matrix
   rows: 3
   cols: 3
   dt: f
   data: [ 4.43968654e-01, -8.94177794e-01, -5.77778108e-02,
       1.09252617e-01, -9.98048484e-03, 9.93964016e-01, -8.89357090e-01,
       -4.47601199e-01, 9.32601988e-02 ]
fx: 5.4068603515625000e+02
fy: 5.4068603515625000e+02
cx: 4.7975000000000000e+02
cy: 2.6975000000000000e+02
