%YAML:1.0
TVector: !!opencv-matrix
   rows: 3
   cols: 1
   dt: f
   data: [ 3.88716608e-02, -1.65959559e-02, -4.85936180e-02 ]
RMatrix: !!opencv-matrix
   rows: 3
   cols: 3
   dt: f
   data: [ -3.43188015e-03, -9.98771906e-01, -4.94248271e-02,
       -1.59034282e-02, -4.93643470e-02, 9.98654246e-01, -9.99867618e-01,
       4.21328517e-03, -1.57144852e-02 ]
fx: 5.4068603515625000e+02
fy: 5.4068603515625000e+02
cx: 4.7975000000000000e+02
cy: 2.6975000000000000e+02
