%YAML:1.0
TVector: !!opencv-matrix
   rows: 3
   cols: 1
   dt: f
   data: [ 1.74983614e-03, 1.08380653e-02, -1.11784320e-02 ]
RMatrix: !!opencv-matrix
   rows: 3
   cols: 3
   dt: f
   data: [ 6.39357464e-03, -9.99972522e-01, -3.79938260e-03,
       6.72496706e-02, -3.36088729e-03, 9.97730613e-01, 9.97715890e-01,
       6.63457159e-03, -6.72263205e-02 ]
fx: 5.4068603515625000e+02
fy: 5.4068603515625000e+02
cx: 4.7975000000000000e+02
cy: 2.6975000000000000e+02
