%YAML:1.0
TVector: !!opencv-matrix
   rows: 3
   cols: 1
   dt: f
   data: [ -4.31037754e-01, 3.62626538e-02, -1.34905493e+00 ]
RMatrix: !!opencv-matrix
   rows: 3
   cols: 3
   dt: f
   data: [ 4.55084771e-01, -8.88682008e-01, -5.60560413e-02,
       1.04984179e-01, -8.96530878e-03, 9.94433641e-01, -8.84237766e-01,
       -4.58436489e-01, 8.92175511e-02 ]
fx: 5.4068603515625000e+02
fy: 5.4068603515625000e+02
cx: 4.7975000000000000e+02
cy: 2.6975000000000000e+02
