%YAML:1.0
TVector: !!opencv-matrix
   rows: 3
   cols: 1
   dt: f
   data: [ -4.30627733e-01, 3.40340473e-02, -1.35120487e+00 ]
RMatrix: !!opencv-matrix
   rows: 3
   cols: 3
   dt: f
   data: [ 4.62757707e-01, -8.84889781e-01, -5.31582050e-02,
       9.88133699e-02, -8.10231082e-03, 9.95073080e-01, -8.80960584e-01,
       -4.65730399e-01, 8.36895183e-02 ]
fx: 5.4068603515625000e+02
fy: 5.4068603515625000e+02
cx: 4.7975000000000000e+02
cy: 2.6975000000000000e+02
