%YAML:1.0
TVector: !!opencv-matrix
   rows: 3
   cols: 1
   dt: f
   data: [ -4.29643810e-01, 2.99112257e-02, -1.35237706e+00 ]
RMatrix: !!opencv-matrix
   rows: 3
   cols: 3
   dt: f
   data: [ 4.66359586e-01, -8.83022189e-01, -5.27322628e-02,
       9.79127809e-02, -7.71750882e-03, 9.95165169e-01, -8.79159689e-01,
       -4.69267994e-01, 8.28600228e-02 ]
fx: 5.4068603515625000e+02
fy: 5.4068603515625000e+02
cx: 4.7975000000000000e+02
cy: 2.6975000000000000e+02
