%YAML:1.0
TVector: !!opencv-matrix
   rows: 3
   cols: 1
   dt: f
   data: [ 1.74458616e-03, -3.56084667e-02, -1.57885373e-01 ]
RMatrix: !!opencv-matrix
   rows: 3
   cols: 3
   dt: f
   data: [ 5.13643324e-01, -8.57643127e-01, 2.48701293e-02,
       1.12587079e-01, 9.61072668e-02, 9.88982975e-01, 8.50584805e-01,
       5.05184591e-01, -1.45924374e-01 ]
fx: 5.4068603515625000e+02
fy: 5.4068603515625000e+02
cx: 4.7975000000000000e+02
cy: 2.6975000000000000e+02
