%YAML:1.0
TVector: !!opencv-matrix
   rows: 3
   cols: 1
   dt: f
   data: [ 5.61995246e-03, -3.47084701e-02, -1.56343430e-01 ]
RMatrix: !!opencv-matrix
   rows: 3
   cols: 3
   dt: f
   data: [ 5.12976527e-01, -8.58096957e-01, 2.28976198e-02,
       1.21001683e-01, 9.86925438e-02, 9.87733841e-01, 8.49831343e-01,
       5.03913522e-01, -1.54458180e-01 ]
fx: 5.4068603515625000e+02
fy: 5.4068603515625000e+02
cx: 4.7975000000000000e+02
cy: 2.6975000000000000e+02
