%YAML:1.0
TVector: !!opencv-matrix
   rows: 3
   cols: 1
   dt: f
   data: [ -4.33435947e-01, 2.94414163e-02, -1.35574114e+00 ]
RMatrix: !!opencv-matrix
   rows: 3
   cols: 3
   dt: f
   data: [ 4.77394998e-01, -8.77449095e-01, -4.66599353e-02,
       8.79029483e-02, -5.14476560e-03, 9.96115804e-01, -8.74280930e-01,
       -4.79642153e-01, 7.46742785e-02 ]
fx: 5.4068603515625000e+02
fy: 5.4068603515625000e+02
cx: 4.7975000000000000e+02
cy: 2.6975000000000000e+02
