%YAML:1.0
TVector: !!opencv-matrix
   rows: 3
   cols: 1
   dt: f
   data: [ 3.92158749e-03, -3.28852609e-02, -1.61674574e-01 ]
RMatrix: !!opencv-matrix
   rows: 3
   cols: 3
   dt: f
   data: [ 5.12800336e-01, -8.58259499e-01, 2.06456464e-02,
       1.28404513e-01, 1.00453675e-01, 9.86621201e-01, 8.48850846e-01,
       5.03288805e-01, -1.61717057e-01 ]
fx: 5.4068603515625000e+02
fy: 5.4068603515625000e+02
cx: 4.7975000000000000e+02
cy: 2.6975000000000000e+02
