%YAML:1.0
TVector: !!opencv-matrix
   rows: 3
   cols: 1
   dt: f
   data: [ -4.36225861e-01, 2.77552139e-02, -1.35806370e+00 ]
RMatrix: !!opencv-matrix
   rows: 3
   cols: 3
   dt: f
   data: [ 4.81362969e-01, -8.75303984e-01, -4.61804420e-02,
       8.54467973e-02, -5.57510275e-03, 9.96327162e-01, -8.72346580e-01,
       -4.83540922e-01, 7.21082687e-02 ]
fx: 5.4068603515625000e+02
fy: 5.4068603515625000e+02
cx: 4.7975000000000000e+02
cy: 2.6975000000000000e+02
