%YAML:1.0
TVector: !!opencv-matrix
   rows: 3
   cols: 1
   dt: f
   data: [ -4.34322506e-01, 2.27811318e-02, -1.35884297e+00 ]
RMatrix: !!opencv-matrix
   rows: 3
   cols: 3
   dt: f
   data: [ 4.83634710e-01, -8.74077201e-01, -4.56797294e-02,
       8.00623372e-02, -7.79195223e-03, 9.96759474e-01, -8.71600568e-01,
       -4.85724658e-01, 6.62122145e-02 ]
fx: 5.4068603515625000e+02
fy: 5.4068603515625000e+02
cx: 4.7975000000000000e+02
cy: 2.6975000000000000e+02
