%YAML:1.0
TVector: !!opencv-matrix
   rows: 3
   cols: 1
   dt: f
   data: [ 5.82297472e-03, -2.73298491e-02, -1.62741974e-01 ]
RMatrix: !!opencv-matrix
   rows: 3
   cols: 3
   dt: f
   data: [ 5.13160467e-01, -8.58117640e-01, 1.73405390e-02,
       1.43767640e-01, 1.05857067e-01, 9.83933568e-01, 8.46166372e-01,
       5.02422810e-01, -1.77691221e-01 ]
fx: 5.4068603515625000e+02
fy: 5.4068603515625000e+02
cx: 4.7975000000000000e+02
cy: 2.6975000000000000e+02
