%YAML:1.0
TVector: !!opencv-matrix
   rows: 3
   cols: 1
   dt: f
   data: [ -4.34076875e-01, 2.17112079e-02, -1.36169851e+00 ]
RMatrix: !!opencv-matrix
   rows: 3
   cols: 3
   dt: f
   data: [ 4.84484494e-01, -8.73700023e-01, -4.38568331e-02,
       7.52744675e-02, -8.31129961e-03, 9.97128367e-01, -8.71555328e-01,
       -4.86394435e-01, 6.17405884e-02 ]
fx: 5.4068603515625000e+02
fy: 5.4068603515625000e+02
cx: 4.7975000000000000e+02
cy: 2.6975000000000000e+02
