%YAML:1.0
TVector: !!opencv-matrix
   rows: 3
   cols: 1
   dt: f
   data: [ -4.33419943e-01, 2.15835366e-02, -1.36106229e+00 ]
RMatrix: !!opencv-matrix
   rows: 3
   cols: 3
   dt: f
   data: [ 4.84284043e-01, -8.73796821e-01, -4.41381335e-02,
       7.14765713e-02, -1.07664736e-02, 9.97384191e-01, -8.71986389e-01,
       -4.86172020e-01, 5.72419800e-02 ]
fx: 5.4068603515625000e+02
fy: 5.4068603515625000e+02
cx: 4.7975000000000000e+02
cy: 2.6975000000000000e+02
