%YAML:1.0
TVector: !!opencv-matrix
   rows: 3
   cols: 1
   dt: f
   data: [ -1.55910966e-03, -3.47974859e-02, -1.69431418e-01 ]
RMatrix: !!opencv-matrix
   rows: 3
   cols: 3
   dt: f
   data: [ 5.14911532e-01, -8.57131481e-01, 1.38392206e-02,
       1.62793800e-01, 1.13620996e-01, 9.80096042e-01, 8.41643691e-01,
       5.02409875e-01, -1.98040441e-01 ]
fx: 5.4068603515625000e+02
fy: 5.4068603515625000e+02
cx: 4.7975000000000000e+02
cy: 2.6975000000000000e+02
