%YAML:1.0
TVector: !!opencv-matrix
   rows: 3
   cols: 1
   dt: f
   data: [ -4.30835545e-01, 1.91731285e-02, -1.36304760e+00 ]
RMatrix: !!opencv-matrix
   rows: 3
   cols: 3
   dt: f
   data: [ 4.83482420e-01, -8.74204099e-01, -4.48548384e-02,
       6.77450076e-02, -1.37199610e-02, 9.97608423e-01, -8.72728705e-01,
       -4.85364765e-01, 5.25895990e-02 ]
fx: 5.4068603515625000e+02
fy: 5.4068603515625000e+02
cx: 4.7975000000000000e+02
cy: 2.6975000000000000e+02
