%YAML:1.0
TVector: !!opencv-matrix
   rows: 3
   cols: 1
   dt: f
   data: [ -4.36336815e-01, 1.87563486e-02, -1.36526477e+00 ]
RMatrix: !!opencv-matrix
   rows: 3
   cols: 3
   dt: f
   data: [ 4.81973827e-01, -8.75121474e-01, -4.31695543e-02,
       6.13660738e-02, -1.54335238e-02, 9.97996032e-01, -8.74034047e-01,
       -4.83657151e-01, 4.62642089e-02 ]
fx: 5.4068603515625000e+02
fy: 5.4068603515625000e+02
cx: 4.7975000000000000e+02
cy: 2.6975000000000000e+02
