%YAML:1.0
TVector: !!opencv-matrix
   rows: 3
   cols: 1
   dt: f
   data: [ 2.94264243e-03, -2.66130711e-03, -1.95599278e-04 ]
RMatrix: !!opencv-matrix
   rows: 3
   cols: 3
   dt: f
   data: [ -2.43637315e-03, -9.99992251e-01, -3.07844020e-03,
       -2.23463844e-03, -3.07299709e-03, 9.99992728e-01, -9.99994576e-01,
       2.44323490e-03, -2.22713407e-03 ]
fx: 5.4068603515625000e+02
fy: 5.4068603515625000e+02
cx: 4.7975000000000000e+02
cy: 2.6975000000000000e+02
