%YAML:1.0
TVector: !!opencv-matrix
   rows: 3
   cols: 1
   dt: f
   data: [ 3.93777341e-02, -1.85074769e-02, -5.61261550e-02 ]
RMatrix: !!opencv-matrix
   rows: 3
   cols: 3
   dt: f
   data: [ -2.54669716e-03, -9.98784781e-01, -4.92199808e-02,
       -1.35719161e-02, -4.91810814e-02, 9.98697758e-01, -9.99904692e-01,
       3.21138999e-03, -1.34301726e-02 ]
fx: 5.4068603515625000e+02
fy: 5.4068603515625000e+02
cx: 4.7975000000000000e+02
cy: 2.6975000000000000e+02
