%YAML:1.0
TVector: !!opencv-matrix
   rows: 3
   cols: 1
   dt: f
   data: [ 2.61436030e-02, -3.60268094e-02, -1.70610696e-01 ]
RMatrix: !!opencv-matrix
   rows: 3
   cols: 3
   dt: f
   data: [ 5.10226607e-01, -8.59982252e-01, 9.95871332e-03,
       1.81289405e-01, 1.18863583e-01, 9.76220071e-01, 8.40715706e-01,
       4.96288031e-01, -2.16553047e-01 ]
fx: 5.4068603515625000e+02
fy: 5.4068603515625000e+02
cx: 4.7975000000000000e+02
cy: 2.6975000000000000e+02
