%YAML:1.0
TVector: !!opencv-matrix
   rows: 3
   cols: 1
   dt: f
   data: [ -4.35199112e-01, 1.02759600e-02, -1.36470878e+00 ]
RMatrix: !!opencv-matrix
   rows: 3
   cols: 3
   dt: f
   data: [ 4.77438420e-01, -8.77631009e-01, -4.26215418e-02,
       5.51377833e-02, -1.84867121e-02, 9.98307824e-01, -8.76933694e-01,
       -4.78980541e-01, 3.95643599e-02 ]
fx: 5.4068603515625000e+02
fy: 5.4068603515625000e+02
cx: 4.7975000000000000e+02
cy: 2.6975000000000000e+02
