%YAML:1.0
TVector: !!opencv-matrix
   rows: 3
   cols: 1
   dt: f
   data: [ -4.86843754e-03, -3.07859555e-02, -1.75201833e-01 ]
RMatrix: !!opencv-matrix
   rows: 3
   cols: 3
   dt: f
   data: [ 5.17243683e-01, -8.55804682e-01, 7.57902861e-03,
       1.88412860e-01, 1.22505210e-01, 9.74419355e-01, 8.34841073e-01,
       5.02584338e-01, -2.24609688e-01 ]
fx: 5.4068603515625000e+02
fy: 5.4068603515625000e+02
cx: 4.7975000000000000e+02
cy: 2.6975000000000000e+02
