%YAML:1.0
TVector: !!opencv-matrix
   rows: 3
   cols: 1
   dt: f
   data: [ -4.37625319e-01, 1.00707291e-02, -1.36750221e+00 ]
RMatrix: !!opencv-matrix
   rows: 3
   cols: 3
   dt: f
   data: [ 4.77591485e-01, -8.77635419e-01, -4.07700352e-02,
       4.89561260e-02, -1.97486840e-02, 9.98605728e-01, -8.77216816e-01,
       -4.78921503e-01, 3.35338376e-02 ]
fx: 5.4068603515625000e+02
fy: 5.4068603515625000e+02
cx: 4.7975000000000000e+02
cy: 2.6975000000000000e+02
