%YAML:1.0
TVector: !!opencv-matrix
   rows: 3
   cols: 1
   dt: f
   data: [ -4.35727209e-01, 1.13926791e-02, -1.36677897e+00 ]
RMatrix: !!opencv-matrix
   rows: 3
   cols: 3
   dt: f
   data: [ 4.74059224e-01, -8.79675627e-01, -3.79303880e-02,
       4.47180346e-02, -1.89690664e-02, 9.98819590e-01, -8.79356682e-01,
       -4.75195795e-01, 3.03449016e-02 ]
fx: 5.4068603515625000e+02
fy: 5.4068603515625000e+02
cx: 4.7975000000000000e+02
cy: 2.6975000000000000e+02
