%YAML:1.0
TVector: !!opencv-matrix
   rows: 3
   cols: 1
   dt: f
   data: [ -4.42015946e-01, 5.23711648e-03, -1.36773980e+00 ]
RMatrix: !!opencv-matrix
   rows: 3
   cols: 3
   dt: f
   data: [ 4.71183956e-01, -8.81355345e-01, -3.46178450e-02,
       3.85255739e-02, -1.86457038e-02, 9.99083579e-01, -8.81193221e-01,
       -4.72085804e-01, 2.51691714e-02 ]
fx: 5.4068603515625000e+02
fy: 5.4068603515625000e+02
cx: 4.7975000000000000e+02
cy: 2.6975000000000000e+02
