%YAML:1.0
TVector: !!opencv-matrix
   rows: 3
   cols: 1
   dt: f
   data: [ -4.42320138e-01, 5.51183941e-03, -1.36824858e+00 ]
RMatrix: !!opencv-matrix
   rows: 3
   cols: 3
   dt: f
   data: [ 4.69275177e-01, -8.82434011e-01, -3.30349393e-02,
       3.48528698e-02, -1.88721158e-02, 9.99214411e-01, -8.82364094e-01,
       -4.70057845e-01, 2.18991395e-02 ]
fx: 5.4068603515625000e+02
fy: 5.4068603515625000e+02
cx: 4.7975000000000000e+02
cy: 2.6975000000000000e+02
