%YAML:1.0
TVector: !!opencv-matrix
   rows: 3
   cols: 1
   dt: f
   data: [ -3.83464526e-03, -3.29545811e-02, -1.81289405e-01 ]
RMatrix: !!opencv-matrix
   rows: 3
   cols: 3
   dt: f
   data: [ 5.19812167e-01, -8.54280531e-01, 3.61226586e-04,
       2.11520553e-01, 1.29115537e-01, 9.68807697e-01, 8.27680290e-01,
       5.03521562e-01, -2.47813702e-01 ]
fx: 5.4068603515625000e+02
fy: 5.4068603515625000e+02
cx: 4.7975000000000000e+02
cy: 2.6975000000000000e+02
