%YAML:1.0
TVector: !!opencv-matrix
   rows: 3
   cols: 1
   dt: f
   data: [ -4.37478065e-01, 5.50033059e-04, -1.37151206e+00 ]
RMatrix: !!opencv-matrix
   rows: 3
   cols: 3
   dt: f
   data: [ 4.54862237e-01, -8.90199244e-01, -2.54045092e-02,
       2.93555111e-02, -1.35233952e-02, 9.99477506e-01, -8.90077710e-01,
       -4.55370426e-01, 1.99809726e-02 ]
fx: 5.4068603515625000e+02
fy: 5.4068603515625000e+02
cx: 4.7975000000000000e+02
cy: 2.6975000000000000e+02
