%YAML:1.0
TVector: !!opencv-matrix
   rows: 3
   cols: 1
   dt: f
   data: [ -7.79510383e-03, -2.17085406e-02, -1.86110616e-01 ]
RMatrix: !!opencv-matrix
   rows: 3
   cols: 3
   dt: f
   data: [ 5.22621632e-01, -8.52563381e-01, -1.53061771e-03,
       2.15690896e-01, 1.30481258e-01, 9.67704535e-01, 8.24829817e-01,
       5.06073475e-01, -2.52082467e-01 ]
fx: 5.4068603515625000e+02
fy: 5.4068603515625000e+02
cx: 4.7975000000000000e+02
cy: 2.6975000000000000e+02
