%YAML:1.0
TVector: !!opencv-matrix
   rows: 3
   cols: 1
   dt: f
   data: [ -4.44966525e-01, -8.62914510e-03, -1.37437999e+00 ]
RMatrix: !!opencv-matrix
   rows: 3
   cols: 3
   dt: f
   data: [ 4.47898895e-01, -8.93685520e-01, -2.66979523e-02,
       2.58364007e-02, -1.69110112e-02, 9.99523044e-01, -8.93710852e-01,
       -4.48375106e-01, 1.55151933e-02 ]
fx: 5.4068603515625000e+02
fy: 5.4068603515625000e+02
cx: 4.7975000000000000e+02
cy: 2.6975000000000000e+02
