%YAML:1.0
TVector: !!opencv-matrix
   rows: 3
   cols: 1
   dt: f
   data: [ -6.03136839e-03, -2.11061742e-02, -1.82095200e-01 ]
RMatrix: !!opencv-matrix
   rows: 3
   cols: 3
   dt: f
   data: [ 5.23698151e-01, -8.51895392e-01, -3.79544403e-03,
       2.22657397e-01, 1.32574365e-01, 9.65840340e-01, 8.22291732e-01,
       5.06653905e-01, -2.59109795e-01 ]
fx: 5.4068603515625000e+02
fy: 5.4068603515625000e+02
cx: 4.7975000000000000e+02
cy: 2.6975000000000000e+02
