%YAML:1.0
TVector: !!opencv-matrix
   rows: 3
   cols: 1
   dt: f
   data: [ -6.24570437e-03, -2.61702202e-02, -1.89437583e-01 ]
RMatrix: !!opencv-matrix
   rows: 3
   cols: 3
   dt: f
   data: [ 5.25057495e-01, -8.51050317e-01, -5.29877143e-03,
       2.30133921e-01, 1.35982066e-01, 9.63611603e-01, 8.19361389e-01,
       5.07170975e-01, -2.67253935e-01 ]
fx: 5.4068603515625000e+02
fy: 5.4068603515625000e+02
cx: 4.7975000000000000e+02
cy: 2.6975000000000000e+02
