%YAML:1.0
TVector: !!opencv-matrix
   rows: 3
   cols: 1
   dt: f
   data: [ -4.47108269e-01, -7.18742749e-03, -1.37386608e+00 ]
RMatrix: !!opencv-matrix
   rows: 3
   cols: 3
   dt: f
   data: [ 4.44878161e-01, -8.95243287e-01, -2.49676667e-02,
       2.00827383e-02, -1.78993382e-02, 9.99638200e-01, -8.95366192e-01,
       -4.45218533e-01, 1.00159068e-02 ]
fx: 5.4068603515625000e+02
fy: 5.4068603515625000e+02
cx: 4.7975000000000000e+02
cy: 2.6975000000000000e+02
