%YAML:1.0
TVector: !!opencv-matrix
   rows: 3
   cols: 1
   dt: f
   data: [ -4.45712328e-01, -8.62995442e-03, -1.37542033e+00 ]
RMatrix: !!opencv-matrix
   rows: 3
   cols: 3
   dt: f
   data: [ 4.41130072e-01, -8.97068083e-01, -2.59447861e-02,
       1.53004434e-02, -2.13878173e-02, 9.99654233e-01, -8.97312701e-01,
       -4.41374540e-01, 4.29072510e-03 ]
fx: 5.4068603515625000e+02
fy: 5.4068603515625000e+02
cx: 4.7975000000000000e+02
cy: 2.6975000000000000e+02
