%YAML:1.0
TVector: !!opencv-matrix
   rows: 3
   cols: 1
   dt: f
   data: [ -4.46166307e-01, -1.62413754e-02, -1.37916565e+00 ]
RMatrix: !!opencv-matrix
   rows: 3
   cols: 3
   dt: f
   data: [ 4.35724467e-01, -8.99654448e-01, -2.76693739e-02,
       7.97364675e-03, -2.68816315e-02, 9.99606609e-01, -9.00044680e-01,
       -4.35773820e-01, -4.53945762e-03 ]
fx: 5.4068603515625000e+02
fy: 5.4068603515625000e+02
cx: 4.7975000000000000e+02
cy: 2.6975000000000000e+02
