%YAML:1.0
TVector: !!opencv-matrix
   rows: 3
   cols: 1
   dt: f
   data: [ 3.77301350e-02, -1.91894397e-02, -6.64208606e-02 ]
RMatrix: !!opencv-matrix
   rows: 3
   cols: 3
   dt: f
   data: [ 4.66199999e-04, -9.98894095e-01, -4.70147729e-02,
       -1.28717059e-02, -4.70168814e-02, 9.98811185e-01, -9.99917030e-01,
       1.39515105e-04, -1.28793912e-02 ]
fx: 5.4068603515625000e+02
fy: 5.4068603515625000e+02
cx: 4.7975000000000000e+02
cy: 2.6975000000000000e+02
