%YAML:1.0
TVector: !!opencv-matrix
   rows: 3
   cols: 1
   dt: f
   data: [ -4.46858704e-01, -1.87083241e-02, -1.38437378e+00 ]
RMatrix: !!opencv-matrix
   rows: 3
   cols: 3
   dt: f
   data: [ 4.31184441e-01, -9.01936233e-01, -2.43150461e-02,
       -7.96413980e-04, -2.73293816e-02, 9.99626279e-01, -9.02263522e-01,
       -4.31003958e-01, -1.25023173e-02 ]
fx: 5.4068603515625000e+02
fy: 5.4068603515625000e+02
cx: 4.7975000000000000e+02
cy: 2.6975000000000000e+02
