%YAML:1.0
TVector: !!opencv-matrix
   rows: 3
   cols: 1
   dt: f
   data: [ -4.51347560e-01, -2.09387764e-02, -1.38263071e+00 ]
RMatrix: !!opencv-matrix
   rows: 3
   cols: 3
   dt: f
   data: [ 4.28381443e-01, -9.03329730e-01, -2.20186282e-02,
       -4.24395967e-03, -2.63788570e-02, 9.99642968e-01, -9.03588176e-01,
       -4.28135037e-01, -1.51339062e-02 ]
fx: 5.4068603515625000e+02
fy: 5.4068603515625000e+02
cx: 4.7975000000000000e+02
cy: 2.6975000000000000e+02
