%YAML:1.0
TVector: !!opencv-matrix
   rows: 3
   cols: 1
   dt: f
   data: [ 5.47394739e-04, -2.69990787e-02, -1.85824096e-01 ]
RMatrix: !!opencv-matrix
   rows: 3
   cols: 3
   dt: f
   data: [ 5.32505631e-01, -8.46276939e-01, -1.59042608e-02,
       2.65596718e-01, 1.49222434e-01, 9.52465653e-01, 8.03676605e-01,
       5.11417568e-01, -3.04230273e-01 ]
fx: 5.4068603515625000e+02
fy: 5.4068603515625000e+02
cx: 4.7975000000000000e+02
cy: 2.6975000000000000e+02
