%YAML:1.0
TVector: !!opencv-matrix
   rows: 3
   cols: 1
   dt: f
   data: [ -4.46196109e-01, -2.52287537e-02, -1.38813746e+00 ]
RMatrix: !!opencv-matrix
   rows: 3
   cols: 3
   dt: f
   data: [ 4.19184327e-01, -9.07760382e-01, -1.59832574e-02,
       -1.41895860e-02, -2.41528898e-02, 9.99607444e-01, -9.07790065e-01,
       -4.18793082e-01, -2.30052602e-02 ]
fx: 5.4068603515625000e+02
fy: 5.4068603515625000e+02
cx: 4.7975000000000000e+02
cy: 2.6975000000000000e+02
