%YAML:1.0
TVector: !!opencv-matrix
   rows: 3
   cols: 1
   dt: f
   data: [ -1.72981163e-04, -2.38342658e-02, -1.90573663e-01 ]
RMatrix: !!opencv-matrix
   rows: 3
   cols: 3
   dt: f
   data: [ 5.34273624e-01, -8.45132113e-01, -1.74099114e-02,
       2.71645844e-01, 1.52152151e-01, 9.50293779e-01, 8.00474823e-01,
       5.12446225e-01, -3.10867518e-01 ]
fx: 5.4068603515625000e+02
fy: 5.4068603515625000e+02
cx: 4.7975000000000000e+02
cy: 2.6975000000000000e+02
