%YAML:1.0
TVector: !!opencv-matrix
   rows: 3
   cols: 1
   dt: f
   data: [ -4.48969990e-01, -3.23166177e-02, -1.39342809e+00 ]
RMatrix: !!opencv-matrix
   rows: 3
   cols: 3
   dt: f
   data: [ 4.05449569e-01, -9.14073288e-01, -8.98742676e-03,
       -2.73964107e-02, -2.19782684e-02, 9.99382973e-01, -9.13706779e-01,
       -4.04953212e-01, -3.39534096e-02 ]
fx: 5.4068603515625000e+02
fy: 5.4068603515625000e+02
cx: 4.7975000000000000e+02
cy: 2.6975000000000000e+02
