%YAML:1.0
TVector: !!opencv-matrix
   rows: 3
   cols: 1
   dt: f
   data: [ -4.45747167e-01, -3.51259001e-02, -1.39564013e+00 ]
RMatrix: !!opencv-matrix
   rows: 3
   cols: 3
   dt: f
   data: [ 4.00580972e-01, -9.16233718e-01, -7.09474366e-03,
       -3.11975293e-02, -2.13775169e-02, 9.99284506e-01, -9.15730000e-01,
       -4.00073081e-01, -3.71476561e-02 ]
fx: 5.4068603515625000e+02
fy: 5.4068603515625000e+02
cx: 4.7975000000000000e+02
cy: 2.6975000000000000e+02
