%YAML:1.0
TVector: !!opencv-matrix
   rows: 3
   cols: 1
   dt: f
   data: [ -4.08764323e-03, -2.02470049e-02, -1.95421860e-01 ]
RMatrix: !!opencv-matrix
   rows: 3
   cols: 3
   dt: f
   data: [ 5.37297070e-01, -8.43168080e-01, -1.94868371e-02,
       2.78460413e-01, 1.55540675e-01, 9.47769582e-01, 7.96097994e-01,
       5.14660001e-01, -3.18360388e-01 ]
fx: 5.4068603515625000e+02
fy: 5.4068603515625000e+02
cx: 4.7975000000000000e+02
cy: 2.6975000000000000e+02
