%YAML:1.0
TVector: !!opencv-matrix
   rows: 3
   cols: 1
   dt: f
   data: [ -1.63917837e-03, -1.99235100e-02, -1.92299008e-01 ]
RMatrix: !!opencv-matrix
   rows: 3
   cols: 3
   dt: f
   data: [ 5.38872242e-01, -8.42097700e-01, -2.20894311e-02,
       2.84978718e-01, 1.57560870e-01, 9.45495367e-01, 7.92719245e-01,
       5.15796244e-01, -3.24885100e-01 ]
fx: 5.4068603515625000e+02
fy: 5.4068603515625000e+02
cx: 4.7975000000000000e+02
cy: 2.6975000000000000e+02
