%YAML:1.0
TVector: !!opencv-matrix
   rows: 3
   cols: 1
   dt: f
   data: [ -4.46331769e-01, -3.80636342e-02, -1.39733636e+00 ]
RMatrix: !!opencv-matrix
   rows: 3
   cols: 3
   dt: f
   data: [ 3.96604359e-01, -9.17963207e-01, -6.97398745e-03,
       -3.55399400e-02, -2.29454096e-02, 9.99104917e-01, -9.17301595e-01,
       -3.96001488e-01, -4.17246111e-02 ]
fx: 5.4068603515625000e+02
fy: 5.4068603515625000e+02
cx: 4.7975000000000000e+02
cy: 2.6975000000000000e+02
