%YAML:1.0
TVector: !!opencv-matrix
   rows: 3
   cols: 1
   dt: f
   data: [ -4.48146075e-01, -4.03473787e-02, -1.40504515e+00 ]
RMatrix: !!opencv-matrix
   rows: 3
   cols: 3
   dt: f
   data: [ 3.87238204e-01, -9.21978712e-01, 1.32911000e-03,
       -4.98900935e-02, -1.95147097e-02, 9.98564065e-01, -9.20628965e-01,
       -3.86748374e-01, -5.35544530e-02 ]
fx: 5.4068603515625000e+02
fy: 5.4068603515625000e+02
cx: 4.7975000000000000e+02
cy: 2.6975000000000000e+02
