%YAML:1.0
TVector: !!opencv-matrix
   rows: 3
   cols: 1
   dt: f
   data: [ -2.38769979e-04, -1.99325252e-02, -1.94103971e-01 ]
RMatrix: !!opencv-matrix
   rows: 3
   cols: 3
   dt: f
   data: [ 5.40802419e-01, -8.40771973e-01, -2.52032522e-02,
       2.91940898e-01, 1.59513697e-01, 9.43040729e-01, 7.88861871e-01,
       5.17356515e-01, -3.31721067e-01 ]
fx: 5.4068603515625000e+02
fy: 5.4068603515625000e+02
cx: 4.7975000000000000e+02
cy: 2.6975000000000000e+02
