%YAML:1.0
TVector: !!opencv-matrix
   rows: 3
   cols: 1
   dt: f
   data: [ -4.48615640e-01, -4.49022762e-02, -1.40599525e+00 ]
RMatrix: !!opencv-matrix
   rows: 3
   cols: 3
   dt: f
   data: [ 3.82124454e-01, -9.24108863e-01, 1.85235334e-03,
       -5.28520942e-02, -1.98533777e-02, 9.98404860e-01, -9.22598183e-01,
       -3.81612897e-01, -5.64275645e-02 ]
fx: 5.4068603515625000e+02
fy: 5.4068603515625000e+02
cx: 4.7975000000000000e+02
cy: 2.6975000000000000e+02
