%YAML:1.0
TVector: !!opencv-matrix
   rows: 3
   cols: 1
   dt: f
   data: [ -4.47613001e-01, -4.89429124e-02, -1.41234398e+00 ]
RMatrix: !!opencv-matrix
   rows: 3
   cols: 3
   dt: f
   data: [ 3.72404575e-01, -9.28062141e-01, 3.97077156e-03,
       -5.98843507e-02, -1.97598170e-02, 9.98009801e-01, -9.26136672e-01,
       -3.71901125e-01, -6.29350320e-02 ]
fx: 5.4068603515625000e+02
fy: 5.4068603515625000e+02
cx: 4.7975000000000000e+02
cy: 2.6975000000000000e+02
