%YAML:1.0
TVector: !!opencv-matrix
   rows: 3
   cols: 1
   dt: f
   data: [ -2.10071052e-03, -1.85959619e-02, -1.95963502e-01 ]
RMatrix: !!opencv-matrix
   rows: 3
   cols: 3
   dt: f
   data: [ 5.48054576e-01, -8.35908175e-01, -2.98931263e-02,
       3.11329484e-01, 1.70688659e-01, 9.34847236e-01, 7.76344001e-01,
       5.21653950e-01, -3.53789598e-01 ]
fx: 5.4068603515625000e+02
fy: 5.4068603515625000e+02
cx: 4.7975000000000000e+02
cy: 2.6975000000000000e+02
