%YAML:1.0
TVector: !!opencv-matrix
   rows: 3
   cols: 1
   dt: f
   data: [ -4.42219824e-01, -4.76041213e-02, -1.41369176e+00 ]
RMatrix: !!opencv-matrix
   rows: 3
   cols: 3
   dt: f
   data: [ 3.64645422e-01, -9.31125581e-01, 6.23451732e-03,
       -6.61727190e-02, -1.92346554e-02, 9.97622848e-01, -9.28792238e-01,
       -3.64191175e-01, -6.86289445e-02 ]
fx: 5.4068603515625000e+02
fy: 5.4068603515625000e+02
cx: 4.7975000000000000e+02
cy: 2.6975000000000000e+02
