%YAML:1.0
TVector: !!opencv-matrix
   rows: 3
   cols: 1
   dt: f
   data: [ 3.47207747e-02, -1.87599044e-02, -7.34560266e-02 ]
RMatrix: !!opencv-matrix
   rows: 3
   cols: 3
   dt: f
   data: [ 1.57993776e-03, -9.98908043e-01, -4.66896594e-02,
       -1.16824433e-02, -4.67049740e-02, 9.98840272e-01, -9.99930382e-01,
       -1.03265641e-03, -1.17434794e-02 ]
fx: 5.4068603515625000e+02
fy: 5.4068603515625000e+02
cx: 4.7975000000000000e+02
cy: 2.6975000000000000e+02
