%YAML:1.0
TVector: !!opencv-matrix
   rows: 3
   cols: 1
   dt: f
   data: [ 3.55020422e-03, 1.54543258e-02, -1.51807722e-02 ]
RMatrix: !!opencv-matrix
   rows: 3
   cols: 3
   dt: f
   data: [ 1.10547664e-02, -9.99928236e-01, -4.60679783e-03,
       8.92055631e-02, -3.60251358e-03, 9.96006668e-01, 9.95951772e-01,
       1.14215733e-02, -8.91593471e-02 ]
fx: 5.4068603515625000e+02
fy: 5.4068603515625000e+02
cx: 4.7975000000000000e+02
cy: 2.6975000000000000e+02
