%YAML:1.0
TVector: !!opencv-matrix
   rows: 3
   cols: 1
   dt: f
   data: [ -4.43566114e-01, -5.33871800e-02, -1.41800618e+00 ]
RMatrix: !!opencv-matrix
   rows: 3
   cols: 3
   dt: f
   data: [ 3.53959858e-01, -9.35248792e-01, 4.69285203e-03,
       -7.02426657e-02, -2.15802658e-02, 9.97296512e-01, -9.32619154e-01,
       -3.53332520e-01, -7.33329281e-02 ]
fx: 5.4068603515625000e+02
fy: 5.4068603515625000e+02
cx: 4.7975000000000000e+02
cy: 2.6975000000000000e+02
