%YAML:1.0
TVector: !!opencv-matrix
   rows: 3
   cols: 1
   dt: f
   data: [ -4.46059167e-01, -5.58412597e-02, -1.42661917e+00 ]
RMatrix: !!opencv-matrix
   rows: 3
   cols: 3
   dt: f
   data: [ 3.40795100e-01, -9.40110683e-01, 7.12817721e-03,
       -8.16588700e-02, -2.20466703e-02, 9.96416628e-01, -9.36584592e-01,
       -3.40155959e-01, -8.42817724e-02 ]
fx: 5.4068603515625000e+02
fy: 5.4068603515625000e+02
cx: 4.7975000000000000e+02
cy: 2.6975000000000000e+02
