%YAML:1.0
TVector: !!opencv-matrix
   rows: 3
   cols: 1
   dt: f
   data: [ -4.39450026e-01, -6.08957559e-02, -1.42822814e+00 ]
RMatrix: !!opencv-matrix
   rows: 3
   cols: 3
   dt: f
   data: [ 3.33303928e-01, -9.42800045e-01, 6.05201907e-03,
       -8.43328759e-02, -2.34192666e-02, 9.96162355e-01, -9.39040184e-01,
       -3.32535177e-01, -8.73147696e-02 ]
fx: 5.4068603515625000e+02
fy: 5.4068603515625000e+02
cx: 4.7975000000000000e+02
cy: 2.6975000000000000e+02
