%YAML:1.0
TVector: !!opencv-matrix
   rows: 3
   cols: 1
   dt: f
   data: [ -4.44526523e-01, -6.34557903e-02, -1.43316293e+00 ]
RMatrix: !!opencv-matrix
   rows: 3
   cols: 3
   dt: f
   data: [ 3.26778233e-01, -9.45084512e-01, 5.57822967e-03,
       -9.18975249e-02, -2.58996692e-02, 9.95431542e-01, -9.40622509e-01,
       -3.25798064e-01, -9.53144133e-02 ]
fx: 5.4068603515625000e+02
fy: 5.4068603515625000e+02
cx: 4.7975000000000000e+02
cy: 2.6975000000000000e+02
