%YAML:1.0
TVector: !!opencv-matrix
   rows: 3
   cols: 1
   dt: f
   data: [ -4.35710937e-01, -6.89675361e-02, -1.43780375e+00 ]
RMatrix: !!opencv-matrix
   rows: 3
   cols: 3
   dt: f
   data: [ 3.15993398e-01, -9.48747993e-01, 5.05599845e-03,
       -1.00551613e-01, -2.81900857e-02, 9.94532466e-01, -9.43418086e-01,
       -3.14774066e-01, -1.04306005e-01 ]
fx: 5.4068603515625000e+02
fy: 5.4068603515625000e+02
cx: 4.7975000000000000e+02
cy: 2.6975000000000000e+02
