%YAML:1.0
TVector: !!opencv-matrix
   rows: 3
   cols: 1
   dt: f
   data: [ -4.36639845e-01, -7.00808540e-02, -1.44157946e+00 ]
RMatrix: !!opencv-matrix
   rows: 3
   cols: 3
   dt: f
   data: [ 3.10858697e-01, -9.50440943e-01, 5.38021047e-03,
       -1.08374558e-01, -2.98209675e-02, 9.93662655e-01, -9.44257200e-01,
       -3.09471875e-01, -1.12273723e-01 ]
fx: 5.4068603515625000e+02
fy: 5.4068603515625000e+02
cx: 4.7975000000000000e+02
cy: 2.6975000000000000e+02
