%YAML:1.0
TVector: !!opencv-matrix
   rows: 3
   cols: 1
   dt: f
   data: [ 2.01509823e-03, -2.67197490e-02, -1.98485240e-01 ]
RMatrix: !!opencv-matrix
   rows: 3
   cols: 3
   dt: f
   data: [ 5.74286222e-01, -8.17447662e-01, -4.44364361e-02,
       3.42376739e-01, 1.90518335e-01, 9.20044005e-01, 7.43621945e-01,
       5.43582439e-01, -3.89287174e-01 ]
fx: 5.4068603515625000e+02
fy: 5.4068603515625000e+02
cx: 4.7975000000000000e+02
cy: 2.6975000000000000e+02
