%YAML:1.0
TVector: !!opencv-matrix
   rows: 3
   cols: 1
   dt: f
   data: [ -4.33218867e-01, -7.40305185e-02, -1.44488049e+00 ]
RMatrix: !!opencv-matrix
   rows: 3
   cols: 3
   dt: f
   data: [ 3.06931078e-01, -9.51715052e-01, 5.65270940e-03,
       -1.11608967e-01, -3.00945584e-02, 9.93296564e-01, -9.45165038e-01,
       -3.05504411e-01, -1.15456887e-01 ]
fx: 5.4068603515625000e+02
fy: 5.4068603515625000e+02
cx: 4.7975000000000000e+02
cy: 2.6975000000000000e+02
