%YAML:1.0
TVector: !!opencv-matrix
   rows: 3
   cols: 1
   dt: f
   data: [ 4.23184072e-04, -1.70207378e-02, -2.02729732e-01 ]
RMatrix: !!opencv-matrix
   rows: 3
   cols: 3
   dt: f
   data: [ 5.77020705e-01, -8.15424383e-01, -4.61532883e-02,
       3.42103392e-01, 1.89996809e-01, 9.20253456e-01, 7.41628110e-01,
       5.46794534e-01, -3.88591528e-01 ]
fx: 5.4068603515625000e+02
fy: 5.4068603515625000e+02
cx: 4.7975000000000000e+02
cy: 2.6975000000000000e+02
