%YAML:1.0
TVector: !!opencv-matrix
   rows: 3
   cols: 1
   dt: f
   data: [ -4.28503960e-01, -7.70691112e-02, -1.44939697e+00 ]
RMatrix: !!opencv-matrix
   rows: 3
   cols: 3
   dt: f
   data: [ 2.99464166e-01, -9.54096496e-01, 4.61491384e-03,
       -1.20361827e-01, -3.29790711e-02, 9.92182195e-01, -9.46485281e-01,
       -2.97678381e-01, -1.24712817e-01 ]
fx: 5.4068603515625000e+02
fy: 5.4068603515625000e+02
cx: 4.7975000000000000e+02
cy: 2.6975000000000000e+02
