%YAML:1.0
TVector: !!opencv-matrix
   rows: 3
   cols: 1
   dt: f
   data: [ 2.61270069e-03, -2.45423689e-02, -1.96037024e-01 ]
RMatrix: !!opencv-matrix
   rows: 3
   cols: 3
   dt: f
   data: [ 5.78861773e-01, -8.14022720e-01, -4.78128195e-02,
       3.45900029e-01, 1.92029700e-01, 9.18410420e-01, 7.38425493e-01,
       5.48171163e-01, -3.92729223e-01 ]
fx: 5.4068603515625000e+02
fy: 5.4068603515625000e+02
cx: 4.7975000000000000e+02
cy: 2.6975000000000000e+02
