%YAML:1.0
TVector: !!opencv-matrix
   rows: 3
   cols: 1
   dt: f
   data: [ -4.28884149e-01, -7.66228810e-02, -1.45101166e+00 ]
RMatrix: !!opencv-matrix
   rows: 3
   cols: 3
   dt: f
   data: [ 2.97494531e-01, -9.54708934e-01, 5.29530225e-03,
       -1.26199603e-01, -3.38257775e-02, 9.91428018e-01, -9.46346104e-01,
       -2.95612663e-01, -1.30546868e-01 ]
fx: 5.4068603515625000e+02
fy: 5.4068603515625000e+02
cx: 4.7975000000000000e+02
cy: 2.6975000000000000e+02
