%YAML:1.0
TVector: !!opencv-matrix
   rows: 3
   cols: 1
   dt: f
   data: [ -4.26235527e-01, -8.11122507e-02, -1.45713079e+00 ]
RMatrix: !!opencv-matrix
   rows: 3
   cols: 3
   dt: f
   data: [ 2.91936159e-01, -9.56425548e-01, 4.80619213e-03,
       -1.32892370e-01, -3.55862379e-02, 9.90491390e-01, -9.47160363e-01,
       -2.89798886e-01, -1.37490600e-01 ]
fx: 5.4068603515625000e+02
fy: 5.4068603515625000e+02
cx: 4.7975000000000000e+02
cy: 2.6975000000000000e+02
