%YAML:1.0
TVector: !!opencv-matrix
   rows: 3
   cols: 1
   dt: f
   data: [ 9.48454998e-03, -2.16046330e-02, -1.95272848e-01 ]
RMatrix: !!opencv-matrix
   rows: 3
   cols: 3
   dt: f
   data: [ 5.80372930e-01, -8.12955141e-01, -4.76589873e-02,
       3.48230809e-01, 1.94849119e-01, 9.16934729e-01, 7.36140370e-01,
       5.48760414e-01, -3.96181166e-01 ]
fx: 5.4068603515625000e+02
fy: 5.4068603515625000e+02
cx: 4.7975000000000000e+02
cy: 2.6975000000000000e+02
