%YAML:1.0
TVector: !!opencv-matrix
   rows: 3
   cols: 1
   dt: f
   data: [ 3.49649452e-02, -1.95601191e-02, -8.06654096e-02 ]
RMatrix: !!opencv-matrix
   rows: 3
   cols: 3
   dt: f
   data: [ 2.12835334e-03, -9.98791158e-01, -4.91121188e-02,
       -1.05666770e-02, -4.91319448e-02, 9.98736501e-01, -9.99942064e-01,
       -1.60671247e-03, -1.06584746e-02 ]
fx: 5.4068603515625000e+02
fy: 5.4068603515625000e+02
cx: 4.7975000000000000e+02
cy: 2.6975000000000000e+02
