%YAML:1.0
TVector: !!opencv-matrix
   rows: 3
   cols: 1
   dt: f
   data: [ -4.21687931e-01, -8.32780600e-02, -1.46295154e+00 ]
RMatrix: !!opencv-matrix
   rows: 3
   cols: 3
   dt: f
   data: [ 2.87520319e-01, -9.57762480e-01, 4.85345256e-03,
       -1.40114278e-01, -3.70483249e-02, 9.89442050e-01, -9.47470605e-01,
       -2.85164714e-01, -1.44848272e-01 ]
fx: 5.4068603515625000e+02
fy: 5.4068603515625000e+02
cx: 4.7975000000000000e+02
cy: 2.6975000000000000e+02
