%YAML:1.0
TVector: !!opencv-matrix
   rows: 3
   cols: 1
   dt: f
   data: [ 8.21269676e-03, -9.96600091e-03, -1.98729053e-01 ]
RMatrix: !!opencv-matrix
   rows: 3
   cols: 3
   dt: f
   data: [ 5.83987772e-01, -8.10535669e-01, -4.46112603e-02,
       3.53456646e-01, 2.04421997e-01, 9.12841856e-01, 7.30771363e-01,
       5.48856616e-01, -4.05869067e-01 ]
fx: 5.4068603515625000e+02
fy: 5.4068603515625000e+02
cx: 4.7975000000000000e+02
cy: 2.6975000000000000e+02
