%YAML:1.0
TVector: !!opencv-matrix
   rows: 3
   cols: 1
   dt: f
   data: [ -4.15738106e-01, -8.73371139e-02, -1.46724296e+00 ]
RMatrix: !!opencv-matrix
   rows: 3
   cols: 3
   dt: f
   data: [ 2.81620830e-01, -9.59512651e-01, 5.03893429e-03,
       -1.44997299e-01, -3.73649597e-02, 9.88726318e-01, -9.48507011e-01,
       -2.79176563e-01, -1.49649456e-01 ]
fx: 5.4068603515625000e+02
fy: 5.4068603515625000e+02
cx: 4.7975000000000000e+02
cy: 2.6975000000000000e+02
