%YAML:1.0
TVector: !!opencv-matrix
   rows: 3
   cols: 1
   dt: f
   data: [ -4.14547682e-01, -8.64908397e-02, -1.46965170e+00 ]
RMatrix: !!opencv-matrix
   rows: 3
   cols: 3
   dt: f
   data: [ 2.79287636e-01, -9.60185885e-01, 6.45332597e-03,
       -1.49844989e-01, -3.69447544e-02, 9.88019109e-01, -9.48443592e-01,
       -2.76908487e-01, -1.54197246e-01 ]
fx: 5.4068603515625000e+02
fy: 5.4068603515625000e+02
cx: 4.7975000000000000e+02
cy: 2.6975000000000000e+02
