%YAML:1.0
TVector: !!opencv-matrix
   rows: 3
   cols: 1
   dt: f
   data: [ -4.11991060e-01, -9.06514376e-02, -1.47445595e+00 ]
RMatrix: !!opencv-matrix
   rows: 3
   cols: 3
   dt: f
   data: [ 2.73675650e-01, -9.61801529e-01, 6.28109043e-03,
       -1.56489834e-01, -3.80830802e-02, 9.86945093e-01, -9.49006021e-01,
       -2.71085769e-01, -1.60934567e-01 ]
fx: 5.4068603515625000e+02
fy: 5.4068603515625000e+02
cx: 4.7975000000000000e+02
cy: 2.6975000000000000e+02
