%YAML:1.0
TVector: !!opencv-matrix
   rows: 3
   cols: 1
   dt: f
   data: [ -4.09504294e-01, -9.32745785e-02, -1.47756815e+00 ]
RMatrix: !!opencv-matrix
   rows: 3
   cols: 3
   dt: f
   data: [ 2.70366311e-01, -9.62728322e-01, 7.50945974e-03,
       -1.60974339e-01, -3.75140831e-02, 9.86245453e-01, -9.49204624e-01,
       -2.67856389e-01, -1.65117085e-01 ]
fx: 5.4068603515625000e+02
fy: 5.4068603515625000e+02
cx: 4.7975000000000000e+02
cy: 2.6975000000000000e+02
