%YAML:1.0
TVector: !!opencv-matrix
   rows: 3
   cols: 1
   dt: f
   data: [ -4.08164501e-01, -9.31279287e-02, -1.47980511e+00 ]
RMatrix: !!opencv-matrix
   rows: 3
   cols: 3
   dt: f
   data: [ 2.66819268e-01, -9.63710666e-01, 8.30347557e-03,
       -1.65079892e-01, -3.72132137e-02, 9.85577822e-01, -9.49503064e-01,
       -2.64341950e-01, -1.69018462e-01 ]
fx: 5.4068603515625000e+02
fy: 5.4068603515625000e+02
cx: 4.7975000000000000e+02
cy: 2.6975000000000000e+02
