%YAML:1.0
TVector: !!opencv-matrix
   rows: 3
   cols: 1
   dt: f
   data: [ 5.98203996e-03, -1.45189529e-02, -2.01708168e-01 ]
RMatrix: !!opencv-matrix
   rows: 3
   cols: 3
   dt: f
   data: [ 5.86299360e-01, -8.08649778e-01, -4.83552516e-02,
       3.73654842e-01, 2.16985583e-01, 9.01830852e-01, 7.18773007e-01,
       5.46811163e-01, -4.29374427e-01 ]
fx: 5.4068603515625000e+02
fy: 5.4068603515625000e+02
cx: 4.7975000000000000e+02
cy: 2.6975000000000000e+02
