%YAML:1.0
TVector: !!opencv-matrix
   rows: 3
   cols: 1
   dt: f
   data: [ -4.05438095e-01, -9.68405157e-02, -1.48667264e+00 ]
RMatrix: !!opencv-matrix
   rows: 3
   cols: 3
   dt: f
   data: [ 2.57124990e-01, -9.66338992e-01, 8.69893096e-03,
       -1.76111802e-01, -3.80054787e-02, 9.83636200e-01, -9.50195432e-01,
       -2.54449457e-01, -1.79955885e-01 ]
fx: 5.4068603515625000e+02
fy: 5.4068603515625000e+02
cx: 4.7975000000000000e+02
cy: 2.6975000000000000e+02
