%YAML:1.0
TVector: !!opencv-matrix
   rows: 3
   cols: 1
   dt: f
   data: [ -4.02248114e-01, -9.82962102e-02, -1.49134314e+00 ]
RMatrix: !!opencv-matrix
   rows: 3
   cols: 3
   dt: f
   data: [ 2.52036542e-01, -9.67671812e-01, 9.42015834e-03,
       -1.83571696e-01, -3.82502861e-02, 9.82261896e-01, -9.50146794e-01,
       -2.49295145e-01, -1.87277660e-01 ]
fx: 5.4068603515625000e+02
fy: 5.4068603515625000e+02
cx: 4.7975000000000000e+02
cy: 2.6975000000000000e+02
