%YAML:1.0
TVector: !!opencv-matrix
   rows: 3
   cols: 1
   dt: f
   data: [ -4.00797039e-01, -9.88439396e-02, -1.49626195e+00 ]
RMatrix: !!opencv-matrix
   rows: 3
   cols: 3
   dt: f
   data: [ 2.46019512e-01, -9.69240427e-01, 6.90768939e-03,
       -1.89587593e-01, -4.11309600e-02, 9.81002033e-01, -9.50542569e-01,
       -2.42655218e-01, -1.93874955e-01 ]
fx: 5.4068603515625000e+02
fy: 5.4068603515625000e+02
cx: 4.7975000000000000e+02
cy: 2.6975000000000000e+02
