%YAML:1.0
TVector: !!opencv-matrix
   rows: 3
   cols: 1
   dt: f
   data: [ -3.99832070e-01, -1.00184433e-01, -1.49805844e+00 ]
RMatrix: !!opencv-matrix
   rows: 3
   cols: 3
   dt: f
   data: [ 2.42792696e-01, -9.70063448e-01, 5.38945198e-03,
       -1.92161188e-01, -4.26480621e-02, 9.80436325e-01, -9.50855374e-01,
       -2.39078417e-01, -1.96763158e-01 ]
fx: 5.4068603515625000e+02
fy: 5.4068603515625000e+02
cx: 4.7975000000000000e+02
cy: 2.6975000000000000e+02
