%YAML:1.0
TVector: !!opencv-matrix
   rows: 3
   cols: 1
   dt: f
   data: [ 3.44409570e-02, -2.05830485e-02, -8.68871585e-02 ]
RMatrix: !!opencv-matrix
   rows: 3
   cols: 3
   dt: f
   data: [ 2.68606283e-03, -9.98687625e-01, -5.11472374e-02,
       -1.04654171e-02, -5.11726923e-02, 9.98634994e-01, -9.99941707e-01,
       -2.14711973e-03, -1.05891339e-02 ]
fx: 5.4068603515625000e+02
fy: 5.4068603515625000e+02
cx: 4.7975000000000000e+02
cy: 2.6975000000000000e+02
