%YAML:1.0
TVector: !!opencv-matrix
   rows: 3
   cols: 1
   dt: f
   data: [ 1.09715061e-02, -1.26029300e-02, -2.02595904e-01 ]
RMatrix: !!opencv-matrix
   rows: 3
   cols: 3
   dt: f
   data: [ 5.88058412e-01, -8.07314456e-01, -4.93021496e-02,
       3.90524417e-01, 2.30026394e-01, 8.91391158e-01, 7.08292305e-01,
       5.43443799e-01, -4.50544864e-01 ]
fx: 5.4068603515625000e+02
fy: 5.4068603515625000e+02
cx: 4.7975000000000000e+02
cy: 2.6975000000000000e+02
