%YAML:1.0
TVector: !!opencv-matrix
   rows: 3
   cols: 1
   dt: f
   data: [ -3.97190958e-01, -1.01574078e-01, -1.50243545e+00 ]
RMatrix: !!opencv-matrix
   rows: 3
   cols: 3
   dt: f
   data: [ 2.34651983e-01, -9.72068965e-01, 4.52606473e-03,
       -1.97211236e-01, -4.30454202e-02, 9.79415596e-01, -9.51864541e-01,
       -2.30714381e-01, -2.01803610e-01 ]
fx: 5.4068603515625000e+02
fy: 5.4068603515625000e+02
cx: 4.7975000000000000e+02
cy: 2.6975000000000000e+02
