%YAML:1.0
TVector: !!opencv-matrix
   rows: 3
   cols: 1
   dt: f
   data: [ -3.98892820e-01, -1.02243677e-01, -1.50567651e+00 ]
RMatrix: !!opencv-matrix
   rows: 3
   cols: 3
   dt: f
   data: [ 2.30273932e-01, -9.73122656e-01, 2.49119662e-03,
       -2.01996610e-01, -4.52947319e-02, 9.78338301e-01, -9.51930165e-01,
       -2.25789070e-01, -2.06997633e-01 ]
fx: 5.4068603515625000e+02
fy: 5.4068603515625000e+02
cx: 4.7975000000000000e+02
cy: 2.6975000000000000e+02
