%YAML:1.0
TVector: !!opencv-matrix
   rows: 3
   cols: 1
   dt: f
   data: [ 1.10111032e-02, -1.25362799e-02, -2.03549355e-01 ]
RMatrix: !!opencv-matrix
   rows: 3
   cols: 3
   dt: f
   data: [ 5.89404285e-01, -8.06328833e-01, -4.93590683e-02,
       3.91593456e-01, 2.31733799e-01, 8.90479565e-01, 7.06581235e-01,
       5.44181287e-01, -4.52338010e-01 ]
fx: 5.4068603515625000e+02
fy: 5.4068603515625000e+02
cx: 4.7975000000000000e+02
cy: 2.6975000000000000e+02
