%YAML:1.0
TVector: !!opencv-matrix
   rows: 3
   cols: 1
   dt: f
   data: [ 1.48106059e-02, -9.29551385e-03, -2.01448694e-01 ]
RMatrix: !!opencv-matrix
   rows: 3
   cols: 3
   dt: f
   data: [ 5.90074122e-01, -8.05984974e-01, -4.69106622e-02,
       3.90793830e-01, 2.34296352e-01, 8.90160084e-01, 7.06464767e-01,
       5.43592989e-01, -4.53226238e-01 ]
fx: 5.4068603515625000e+02
fy: 5.4068603515625000e+02
cx: 4.7975000000000000e+02
cy: 2.6975000000000000e+02
