%YAML:1.0
TVector: !!opencv-matrix
   rows: 3
   cols: 1
   dt: f
   data: [ -3.92457187e-01, -1.05631918e-01, -1.51335084e+00 ]
RMatrix: !!opencv-matrix
   rows: 3
   cols: 3
   dt: f
   data: [ 2.21080199e-01, -9.75254297e-01, 1.60922343e-03,
       -2.05777213e-01, -4.50345576e-02, 9.77562070e-01, -9.53299046e-01,
       -2.16450781e-01, -2.10641369e-01 ]
fx: 5.4068603515625000e+02
fy: 5.4068603515625000e+02
cx: 4.7975000000000000e+02
cy: 2.6975000000000000e+02
