%YAML:1.0
TVector: !!opencv-matrix
   rows: 3
   cols: 1
   dt: f
   data: [ 1.45614818e-02, -1.05130905e-02, -1.98668927e-01 ]
RMatrix: !!opencv-matrix
   rows: 3
   cols: 3
   dt: f
   data: [ 5.91238678e-01, -8.05100560e-01, -4.74348292e-02,
       3.95251065e-01, 2.37986594e-01, 8.87208700e-01, 7.03003228e-01,
       5.43300629e-01, -4.58923697e-01 ]
fx: 5.4068603515625000e+02
fy: 5.4068603515625000e+02
cx: 4.7975000000000000e+02
cy: 2.6975000000000000e+02
