%YAML:1.0
TVector: !!opencv-matrix
   rows: 3
   cols: 1
   dt: f
   data: [ -3.92483234e-01, -1.05301894e-01, -1.51911330e+00 ]
RMatrix: !!opencv-matrix
   rows: 3
   cols: 3
   dt: f
   data: [ 2.15211272e-01, -9.76567447e-01, 1.58928917e-04,
       -2.06620380e-01, -4.53749560e-02, 9.77368593e-01, -9.54459071e-01,
       -2.10373566e-01, -2.11543992e-01 ]
fx: 5.4068603515625000e+02
fy: 5.4068603515625000e+02
cx: 4.7975000000000000e+02
cy: 2.6975000000000000e+02
