%YAML:1.0
TVector: !!opencv-matrix
   rows: 3
   cols: 1
   dt: f
   data: [ -3.93555939e-01, -1.05346158e-01, -1.52082312e+00 ]
RMatrix: !!opencv-matrix
   rows: 3
   cols: 3
   dt: f
   data: [ 2.13306859e-01, -9.76984739e-01, -9.93497088e-04,
       -2.06044108e-01, -4.59799729e-02, 9.77461874e-01, -9.55011010e-01,
       -2.08294630e-01, -2.11109802e-01 ]
fx: 5.4068603515625000e+02
fy: 5.4068603515625000e+02
cx: 4.7975000000000000e+02
cy: 2.6975000000000000e+02
