%YAML:1.0
TVector: !!opencv-matrix
   rows: 3
   cols: 1
   dt: f
   data: [ 1.61169097e-02, -8.40832107e-03, -1.99398980e-01 ]
RMatrix: !!opencv-matrix
   rows: 3
   cols: 3
   dt: f
   data: [ 5.93682230e-01, -8.03148806e-01, -4.99327667e-02,
       4.00006860e-01, 2.40701914e-01, 8.84339809e-01, 6.98237717e-01,
       5.44990242e-01, -4.64165509e-01 ]
fx: 5.4068603515625000e+02
fy: 5.4068603515625000e+02
cx: 4.7975000000000000e+02
cy: 2.6975000000000000e+02
