%YAML:1.0
TVector: !!opencv-matrix
   rows: 3
   cols: 1
   dt: f
   data: [ -3.92102271e-01, -1.03381716e-01, -1.52480567e+00 ]
RMatrix: !!opencv-matrix
   rows: 3
   cols: 3
   dt: f
   data: [ 2.08808288e-01, -9.77956355e-01, -7.40935211e-04,
       -2.05931857e-01, -4.47101593e-02, 9.77544487e-01, -9.56028938e-01,
       -2.03966811e-01, -2.10728213e-01 ]
fx: 5.4068603515625000e+02
fy: 5.4068603515625000e+02
cx: 4.7975000000000000e+02
cy: 2.6975000000000000e+02
