%YAML:1.0
TVector: !!opencv-matrix
   rows: 3
   cols: 1
   dt: f
   data: [ 1.70151833e-02, -8.73884466e-03, -1.98172569e-01 ]
RMatrix: !!opencv-matrix
   rows: 3
   cols: 3
   dt: f
   data: [ 5.94760835e-01, -8.02230954e-01, -5.18152043e-02,
       4.04436886e-01, 2.42893457e-01, 8.81721854e-01, 6.94759130e-01,
       5.45369625e-01, -4.68915492e-01 ]
fx: 5.4068603515625000e+02
fy: 5.4068603515625000e+02
cx: 4.7975000000000000e+02
cy: 2.6975000000000000e+02
