%YAML:1.0
TVector: !!opencv-matrix
   rows: 3
   cols: 1
   dt: f
   data: [ -3.91336948e-01, -1.04169048e-01, -1.52804220e+00 ]
RMatrix: !!opencv-matrix
   rows: 3
   cols: 3
   dt: f
   data: [ 2.07382649e-01, -9.78258848e-01, -1.31826778e-03,
       -2.04763949e-01, -4.47258651e-02, 9.77788866e-01, -9.56589758e-01,
       -2.02506527e-01, -2.09587544e-01 ]
fx: 5.4068603515625000e+02
fy: 5.4068603515625000e+02
cx: 4.7975000000000000e+02
cy: 2.6975000000000000e+02
