%YAML:1.0
TVector: !!opencv-matrix
   rows: 3
   cols: 1
   dt: f
   data: [ -3.92314732e-01, -1.01411857e-01, -1.52896726e+00 ]
RMatrix: !!opencv-matrix
   rows: 3
   cols: 3
   dt: f
   data: [ 2.06071392e-01, -9.78536785e-01, -5.10828104e-04,
       -2.04759434e-01, -4.36310284e-02, 9.77839410e-01, -9.56874192e-01,
       -2.01400161e-01, -2.09355757e-01 ]
fx: 5.4068603515625000e+02
fy: 5.4068603515625000e+02
cx: 4.7975000000000000e+02
cy: 2.6975000000000000e+02
