%YAML:1.0
TVector: !!opencv-matrix
   rows: 3
   cols: 1
   dt: f
   data: [ 1.83991734e-02, -7.79391918e-03, -1.97207376e-01 ]
RMatrix: !!opencv-matrix
   rows: 3
   cols: 3
   dt: f
   data: [ 5.95976114e-01, -8.01221132e-01, -5.34531251e-02,
       4.08452928e-01, 2.45163441e-01, 8.79238963e-01, 6.91360116e-01,
       5.45838475e-01, -4.73372608e-01 ]
fx: 5.4068603515625000e+02
fy: 5.4068603515625000e+02
cx: 4.7975000000000000e+02
cy: 2.6975000000000000e+02
