%YAML:1.0
TVector: !!opencv-matrix
   rows: 3
   cols: 1
   dt: f
   data: [ 1.95385776e-02, -7.43825082e-03, -1.97274789e-01 ]
RMatrix: !!opencv-matrix
   rows: 3
   cols: 3
   dt: f
   data: [ 5.97801447e-01, -7.99809098e-01, -5.42116091e-02,
       4.12582755e-01, 2.48985156e-01, 8.76231670e-01, 6.87320113e-01,
       5.46179354e-01, -4.78831112e-01 ]
fx: 5.4068603515625000e+02
fy: 5.4068603515625000e+02
cx: 4.7975000000000000e+02
cy: 2.6975000000000000e+02
