%YAML:1.0
TVector: !!opencv-matrix
   rows: 3
   cols: 1
   dt: f
   data: [ -3.92029166e-01, -1.01118356e-01, -1.53392768e+00 ]
RMatrix: !!opencv-matrix
   rows: 3
   cols: 3
   dt: f
   data: [ 2.02931195e-01, -9.79191720e-01, -1.60274876e-03,
       -2.02372119e-01, -4.35416773e-02, 9.78340268e-01, -9.58052456e-01,
       -1.98211417e-01, -2.06997037e-01 ]
fx: 5.4068603515625000e+02
fy: 5.4068603515625000e+02
cx: 4.7975000000000000e+02
cy: 2.6975000000000000e+02
