%YAML:1.0
TVector: !!opencv-matrix
   rows: 3
   cols: 1
   dt: f
   data: [ -3.92540842e-01, -1.00836463e-01, -1.53959703e+00 ]
RMatrix: !!opencv-matrix
   rows: 3
   cols: 3
   dt: f
   data: [ 1.99547946e-01, -9.79881585e-01, -3.53312469e-03,
       -1.99906945e-01, -4.42393273e-02, 9.78815615e-01, -9.59279835e-01,
       -1.94614366e-01, -2.04713002e-01 ]
fx: 5.4068603515625000e+02
fy: 5.4068603515625000e+02
cx: 4.7975000000000000e+02
cy: 2.6975000000000000e+02
