%YAML:1.0
TVector: !!opencv-matrix
   rows: 3
   cols: 1
   dt: f
   data: [ 3.26499157e-02, -2.05380376e-02, -9.39451456e-02 ]
RMatrix: !!opencv-matrix
   rows: 3
   cols: 3
   dt: f
   data: [ 3.84964119e-03, -9.98583317e-01, -5.30703589e-02,
       -1.04144681e-02, -5.31079061e-02, 9.98534501e-01, -9.99938309e-01,
       -3.29129980e-03, -1.06041636e-02 ]
fx: 5.4068603515625000e+02
fy: 5.4068603515625000e+02
cx: 4.7975000000000000e+02
cy: 2.6975000000000000e+02
