%YAML:1.0
TVector: !!opencv-matrix
   rows: 3
   cols: 1
   dt: f
   data: [ -3.88134927e-01, -1.02071002e-01, -1.54277968e+00 ]
RMatrix: !!opencv-matrix
   rows: 3
   cols: 3
   dt: f
   data: [ 1.96282834e-01, -9.80538845e-01, -4.10957588e-03,
       -1.98373795e-01, -4.38139141e-02, 9.79146719e-01, -9.60271299e-01,
       -1.91374466e-01, -2.03113168e-01 ]
fx: 5.4068603515625000e+02
fy: 5.4068603515625000e+02
cx: 4.7975000000000000e+02
cy: 2.6975000000000000e+02
