%YAML:1.0
TVector: !!opencv-matrix
   rows: 3
   cols: 1
   dt: f
   data: [ -3.92096132e-01, -1.01576023e-01, -1.54396367e+00 ]
RMatrix: !!opencv-matrix
   rows: 3
   cols: 3
   dt: f
   data: [ 1.96785077e-01, -9.80440021e-01, -3.57986405e-03,
       -1.97656214e-01, -4.32475246e-02, 9.79316950e-01, -9.60316539e-01,
       -1.92007348e-01, -2.02300578e-01 ]
fx: 5.4068603515625000e+02
fy: 5.4068603515625000e+02
cx: 4.7975000000000000e+02
cy: 2.6975000000000000e+02
