%YAML:1.0
TVector: !!opencv-matrix
   rows: 3
   cols: 1
   dt: f
   data: [ -3.90478641e-01, -1.00373998e-01, -1.55122495e+00 ]
RMatrix: !!opencv-matrix
   rows: 3
   cols: 3
   dt: f
   data: [ 1.91713706e-01, -9.81450200e-01, -1.15367677e-03,
       -1.92227304e-01, -3.87017950e-02, 9.80587006e-01, -9.62441921e-01,
       -1.87770203e-01, -1.96081206e-01 ]
fx: 5.4068603515625000e+02
fy: 5.4068603515625000e+02
cx: 4.7975000000000000e+02
cy: 2.6975000000000000e+02
