%YAML:1.0
TVector: !!opencv-matrix
   rows: 3
   cols: 1
   dt: f
   data: [ 2.25686170e-02, -6.37122989e-03, -1.99938744e-01 ]
RMatrix: !!opencv-matrix
   rows: 3
   cols: 3
   dt: f
   data: [ 6.03676200e-01, -7.94768155e-01, -6.25999868e-02,
       4.32866961e-01, 2.60823101e-01, 8.62900674e-01, 6.69478476e-01,
       5.48009932e-01, -5.01481533e-01 ]
fx: 5.4068603515625000e+02
fy: 5.4068603515625000e+02
cx: 4.7975000000000000e+02
cy: 2.6975000000000000e+02
