%YAML:1.0
TVector: !!opencv-matrix
   rows: 3
   cols: 1
   dt: f
   data: [ 2.35285852e-02, -5.92809031e-03, -1.99997038e-01 ]
RMatrix: !!opencv-matrix
   rows: 3
   cols: 3
   dt: f
   data: [ 6.04243338e-01, -7.94286966e-01, -6.32310957e-02,
       4.36575472e-01, 2.63642967e-01, 8.60171080e-01, 6.66552186e-01,
       5.47357678e-01, -5.06070673e-01 ]
fx: 5.4068603515625000e+02
fy: 5.4068603515625000e+02
cx: 4.7975000000000000e+02
cy: 2.6975000000000000e+02
