%YAML:1.0
TVector: !!opencv-matrix
   rows: 3
   cols: 1
   dt: f
   data: [ -3.92395496e-01, -9.87647995e-02, -1.55387044e+00 ]
RMatrix: !!opencv-matrix
   rows: 3
   cols: 3
   dt: f
   data: [ 1.90901667e-01, -9.81609046e-01, 2.87346775e-05,
       -1.91799983e-01, -3.72722298e-02, 9.80725884e-01, -9.62688506e-01,
       -1.87227711e-01, -1.95387959e-01 ]
fx: 5.4068603515625000e+02
fy: 5.4068603515625000e+02
cx: 4.7975000000000000e+02
cy: 2.6975000000000000e+02
