%YAML:1.0
TVector: !!opencv-matrix
   rows: 3
   cols: 1
   dt: f
   data: [ -3.89834285e-01, -9.88604799e-02, -1.55605662e+00 ]
RMatrix: !!opencv-matrix
   rows: 3
   cols: 3
   dt: f
   data: [ 1.88529462e-01, -9.82067049e-01, -9.00304760e-04,
       -1.88935384e-01, -3.71698998e-02, 9.81285751e-01, -9.63721991e-01,
       -1.84831172e-01, -1.92554817e-01 ]
fx: 5.4068603515625000e+02
fy: 5.4068603515625000e+02
cx: 4.7975000000000000e+02
cy: 2.6975000000000000e+02
