%YAML:1.0
TVector: !!opencv-matrix
   rows: 3
   cols: 1
   dt: f
   data: [ -3.91711652e-01, -9.83284116e-02, -1.55825090e+00 ]
RMatrix: !!opencv-matrix
   rows: 3
   cols: 3
   dt: f
   data: [ 1.88441098e-01, -9.82083082e-01, -1.60418823e-03,
       -1.86390162e-01, -3.73680182e-02, 9.81764853e-01, -9.64234531e-01,
       -1.84705868e-01, -1.90092295e-01 ]
fx: 5.4068603515625000e+02
fy: 5.4068603515625000e+02
cx: 4.7975000000000000e+02
cy: 2.6975000000000000e+02
