%YAML:1.0
TVector: !!opencv-matrix
   rows: 3
   cols: 1
   dt: f
   data: [ 2.44998652e-02, -7.32650422e-03, -2.02857822e-01 ]
RMatrix: !!opencv-matrix
   rows: 3
   cols: 3
   dt: f
   data: [ 6.06783092e-01, -7.92136490e-01, -6.58316761e-02,
       4.47125524e-01, 2.71677285e-01, 8.52214873e-01, 6.57185614e-01,
       5.46544671e-01, -5.19033790e-01 ]
fx: 5.4068603515625000e+02
fy: 5.4068603515625000e+02
cx: 4.7975000000000000e+02
cy: 2.6975000000000000e+02
