%YAML:1.0
TVector: !!opencv-matrix
   rows: 3
   cols: 1
   dt: f
   data: [ -3.90098959e-01, -9.67435837e-02, -1.56293619e+00 ]
RMatrix: !!opencv-matrix
   rows: 3
   cols: 3
   dt: f
   data: [ 1.86952531e-01, -9.82368946e-01, -1.01047335e-05,
       -1.82933822e-01, -3.48238535e-02, 9.82508361e-01, -9.65186000e-01,
       -1.83680505e-01, -1.86218932e-01 ]
fx: 5.4068603515625000e+02
fy: 5.4068603515625000e+02
cx: 4.7975000000000000e+02
cy: 2.6975000000000000e+02
