%YAML:1.0
TVector: !!opencv-matrix
   rows: 3
   cols: 1
   dt: f
   data: [ 2.54908893e-02, -6.10563764e-03, -2.01771095e-01 ]
RMatrix: !!opencv-matrix
   rows: 3
   cols: 3
   dt: f
   data: [ 6.06566668e-01, -7.92143703e-01, -6.77121878e-02,
       4.48314667e-01, 2.70460367e-01, 8.51977170e-01, 6.56574905e-01,
       5.47137439e-01, -5.19181848e-01 ]
fx: 5.4068603515625000e+02
fy: 5.4068603515625000e+02
cx: 4.7975000000000000e+02
cy: 2.6975000000000000e+02
