%YAML:1.0
TVector: !!opencv-matrix
   rows: 3
   cols: 1
   dt: f
   data: [ -3.88303697e-01, -9.63306278e-02, -1.56794453e+00 ]
RMatrix: !!opencv-matrix
   rows: 3
   cols: 3
   dt: f
   data: [ 1.86117098e-01, -9.82524931e-01, -2.26679281e-03,
       -1.75928280e-01, -3.55952606e-02, 9.83759224e-01, -9.66648638e-01,
       -1.82695583e-01, -1.79478824e-01 ]
fx: 5.4068603515625000e+02
fy: 5.4068603515625000e+02
cx: 4.7975000000000000e+02
cy: 2.6975000000000000e+02
