%YAML:1.0
TVector: !!opencv-matrix
   rows: 3
   cols: 1
   dt: f
   data: [ -3.87756854e-01, -9.43129584e-02, -1.56988156e+00 ]
RMatrix: !!opencv-matrix
   rows: 3
   cols: 3
   dt: f
   data: [ 1.86365530e-01, -9.82479513e-01, -1.48568000e-03,
       -1.73791066e-01, -3.44545171e-02, 9.84179854e-01, -9.66987431e-01,
       -1.83158994e-01, -1.77167311e-01 ]
fx: 5.4068603515625000e+02
fy: 5.4068603515625000e+02
cx: 4.7975000000000000e+02
cy: 2.6975000000000000e+02
