%YAML:1.0
TVector: !!opencv-matrix
   rows: 3
   cols: 1
   dt: f
   data: [ -3.83278936e-01, -9.40826237e-02, -1.57302678e+00 ]
RMatrix: !!opencv-matrix
   rows: 3
   cols: 3
   dt: f
   data: [ 1.86388254e-01, -9.82459307e-01, -5.75384917e-03,
       -1.67192355e-01, -3.74890305e-02, 9.85211313e-01, -9.68145788e-01,
       -1.82669818e-01, -1.71247214e-01 ]
fx: 5.4068603515625000e+02
fy: 5.4068603515625000e+02
cx: 4.7975000000000000e+02
cy: 2.6975000000000000e+02
