%YAML:1.0
TVector: !!opencv-matrix
   rows: 3
   cols: 1
   dt: f
   data: [ 2.68753152e-02, -4.13052645e-03, -2.00615972e-01 ]
RMatrix: !!opencv-matrix
   rows: 3
   cols: 3
   dt: f
   data: [ 6.08507454e-01, -7.90495872e-01, -6.95324093e-02,
       4.48844910e-01, 2.70599693e-01, 8.51653636e-01, 6.54413283e-01,
       5.49446940e-01, -5.19472122e-01 ]
fx: 5.4068603515625000e+02
fy: 5.4068603515625000e+02
cx: 4.7975000000000000e+02
cy: 2.6975000000000000e+02
