%YAML:1.0
TVector: !!opencv-matrix
   rows: 3
   cols: 1
   dt: f
   data: [ 3.07022501e-02, -2.07540896e-02, -1.01375259e-01 ]
RMatrix: !!opencv-matrix
   rows: 3
   cols: 3
   dt: f
   data: [ 5.87425893e-03, -9.98507380e-01, -5.43033779e-02,
       -8.54561850e-03, -5.43524437e-02, 9.98485386e-01, -9.99946415e-01,
       -5.40130492e-03, -8.85214284e-03 ]
fx: 5.4068603515625000e+02
fy: 5.4068603515625000e+02
cx: 4.7975000000000000e+02
cy: 2.6975000000000000e+02
