%YAML:1.0
TVector: !!opencv-matrix
   rows: 3
   cols: 1
   dt: f
   data: [ -3.82697552e-01, -8.92695934e-02, -1.57380283e+00 ]
RMatrix: !!opencv-matrix
   rows: 3
   cols: 3
   dt: f
   data: [ 1.86836362e-01, -9.82370436e-01, -6.35905704e-03,
       -1.66239470e-01, -3.79953384e-02, 9.85353172e-01, -9.68223393e-01,
       -1.83042645e-01, -1.70407668e-01 ]
fx: 5.4068603515625000e+02
fy: 5.4068603515625000e+02
cx: 4.7975000000000000e+02
cy: 2.6975000000000000e+02
