%YAML:1.0
TVector: !!opencv-matrix
   rows: 3
   cols: 1
   dt: f
   data: [ -3.80133182e-01, -8.78436267e-02, -1.58100438e+00 ]
RMatrix: !!opencv-matrix
   rows: 3
   cols: 3
   dt: f
   data: [ 1.88313991e-01, -9.82062161e-01, -9.59970988e-03,
       -1.58827096e-01, -4.00986858e-02, 9.86491859e-01, -9.69181061e-01,
       -1.84245527e-01, -1.63529187e-01 ]
fx: 5.4068603515625000e+02
fy: 5.4068603515625000e+02
cx: 4.7975000000000000e+02
cy: 2.6975000000000000e+02
