%YAML:1.0
TVector: !!opencv-matrix
   rows: 3
   cols: 1
   dt: f
   data: [ -3.75988781e-01, -8.92582610e-02, -1.58275175e+00 ]
RMatrix: !!opencv-matrix
   rows: 3
   cols: 3
   dt: f
   data: [ 1.87654138e-01, -9.82174516e-01, -1.09041966e-02,
       -1.53766900e-01, -4.03395891e-02, 9.87283349e-01, -9.70124424e-01,
       -1.83591127e-01, -1.58595830e-01 ]
fx: 5.4068603515625000e+02
fy: 5.4068603515625000e+02
cx: 4.7975000000000000e+02
cy: 2.6975000000000000e+02
