%YAML:1.0
TVector: !!opencv-matrix
   rows: 3
   cols: 1
   dt: f
   data: [ -3.74588579e-01, -8.56878385e-02, -1.58597434e+00 ]
RMatrix: !!opencv-matrix
   rows: 3
   cols: 3
   dt: f
   data: [ 1.91218838e-01, -9.81492698e-01, -1.03697516e-02,
       -1.48177370e-01, -3.93089727e-02, 9.88179326e-01, -9.70298350e-01,
       -1.87421903e-01, -1.52951628e-01 ]
fx: 5.4068603515625000e+02
fy: 5.4068603515625000e+02
cx: 4.7975000000000000e+02
cy: 2.6975000000000000e+02
