%YAML:1.0
TVector: !!opencv-matrix
   rows: 3
   cols: 1
   dt: f
   data: [ 3.22358087e-02, -2.79155374e-03, -1.95491165e-01 ]
RMatrix: !!opencv-matrix
   rows: 3
   cols: 3
   dt: f
   data: [ 6.17478967e-01, -7.83732235e-01, -6.69592768e-02,
       4.50588346e-01, 2.82657117e-01, 8.46802890e-01, 6.44740224e-01,
       5.53054154e-01, -5.27675390e-01 ]
fx: 5.4068603515625000e+02
fy: 5.4068603515625000e+02
cx: 4.7975000000000000e+02
cy: 2.6975000000000000e+02
