%YAML:1.0
TVector: !!opencv-matrix
   rows: 3
   cols: 1
   dt: f
   data: [ -3.74758601e-01, -8.45604911e-02, -1.58855414e+00 ]
RMatrix: !!opencv-matrix
   rows: 3
   cols: 3
   dt: f
   data: [ 1.93250105e-01, -9.81115282e-01, -8.21021013e-03,
       -1.45489931e-01, -3.69305685e-02, 9.88670230e-01, -9.70302582e-01,
       -1.89866170e-01, -1.49879232e-01 ]
fx: 5.4068603515625000e+02
fy: 5.4068603515625000e+02
cx: 4.7975000000000000e+02
cy: 2.6975000000000000e+02
