%YAML:1.0
TVector: !!opencv-matrix
   rows: 3
   cols: 1
   dt: f
   data: [ -3.71919185e-01, -8.05866271e-02, -1.59317839e+00 ]
RMatrix: !!opencv-matrix
   rows: 3
   cols: 3
   dt: f
   data: [ 1.95497677e-01, -9.80686247e-01, -5.92928473e-03,
       -1.40669599e-01, -3.40245888e-02, 9.89471674e-01, -9.70562994e-01,
       -1.92605376e-01, -1.44604459e-01 ]
fx: 5.4068603515625000e+02
fy: 5.4068603515625000e+02
cx: 4.7975000000000000e+02
cy: 2.6975000000000000e+02
