%YAML:1.0
TVector: !!opencv-matrix
   rows: 3
   cols: 1
   dt: f
   data: [ -3.69222909e-01, -8.07012022e-02, -1.59488070e+00 ]
RMatrix: !!opencv-matrix
   rows: 3
   cols: 3
   dt: f
   data: [ 1.96156621e-01, -9.80555594e-01, -5.77047048e-03,
       -1.37424797e-01, -3.33171040e-02, 9.89951730e-01, -9.70894992e-01,
       -1.93392545e-01, -1.41287997e-01 ]
fx: 5.4068603515625000e+02
fy: 5.4068603515625000e+02
cx: 4.7975000000000000e+02
cy: 2.6975000000000000e+02
