%YAML:1.0
TVector: !!opencv-matrix
   rows: 3
   cols: 1
   dt: f
   data: [ -3.68064642e-01, -8.09092000e-02, -1.60071480e+00 ]
RMatrix: !!opencv-matrix
   rows: 3
   cols: 3
   dt: f
   data: [ 2.01011091e-01, -9.79564607e-01, -6.90556131e-03,
       -1.31461412e-01, -3.39608081e-02, 9.90739465e-01, -9.70727861e-01,
       -1.98241770e-01, -1.35601416e-01 ]
fx: 5.4068603515625000e+02
fy: 5.4068603515625000e+02
cx: 4.7975000000000000e+02
cy: 2.6975000000000000e+02
