%YAML:1.0
TVector: !!opencv-matrix
   rows: 3
   cols: 1
   dt: f
   data: [ 3.45143192e-02, -4.10821242e-03, -1.94961220e-01 ]
RMatrix: !!opencv-matrix
   rows: 3
   cols: 3
   dt: f
   data: [ 6.29744470e-01, -7.73822963e-01, -6.79694042e-02,
       4.47544843e-01, 2.89910227e-01, 8.45964313e-01, 6.34921610e-01,
       5.63160658e-01, -5.28889835e-01 ]
fx: 5.4068603515625000e+02
fy: 5.4068603515625000e+02
cx: 4.7975000000000000e+02
cy: 2.6975000000000000e+02
