%YAML:1.0
TVector: !!opencv-matrix
   rows: 3
   cols: 1
   dt: f
   data: [ -3.64804924e-01, -8.32302347e-02, -1.60575783e+00 ]
RMatrix: !!opencv-matrix
   rows: 3
   cols: 3
   dt: f
   data: [ 2.04217926e-01, -9.78905916e-01, -6.17795205e-03,
       -1.23679541e-01, -3.20611894e-02, 9.91804183e-01, -9.71081078e-01,
       -2.01780111e-01, -1.27618089e-01 ]
fx: 5.4068603515625000e+02
fy: 5.4068603515625000e+02
cx: 4.7975000000000000e+02
cy: 2.6975000000000000e+02
