%YAML:1.0
TVector: !!opencv-matrix
   rows: 3
   cols: 1
   dt: f
   data: [ -3.64294738e-01, -8.26779157e-02, -1.60724127e+00 ]
RMatrix: !!opencv-matrix
   rows: 3
   cols: 3
   dt: f
   data: [ 2.05943555e-01, -9.78545904e-01, -5.92256151e-03,
       -1.20843291e-01, -3.14375684e-02, 9.92173731e-01, -9.71073806e-01,
       -2.03616053e-01, -1.24725066e-01 ]
fx: 5.4068603515625000e+02
fy: 5.4068603515625000e+02
cx: 4.7975000000000000e+02
cy: 2.6975000000000000e+02
