%YAML:1.0
TVector: !!opencv-matrix
   rows: 3
   cols: 1
   dt: f
   data: [ 3.27950194e-02, -5.88493049e-03, -1.96415097e-01 ]
RMatrix: !!opencv-matrix
   rows: 3
   cols: 3
   dt: f
   data: [ 6.32816315e-01, -7.71011114e-01, -7.13122189e-02,
       4.47834641e-01, 2.89316058e-01, 8.46014440e-01, 6.31654620e-01,
       5.67307711e-01, -5.28369367e-01 ]
fx: 5.4068603515625000e+02
fy: 5.4068603515625000e+02
cx: 4.7975000000000000e+02
cy: 2.6975000000000000e+02
