%YAML:1.0
TVector: !!opencv-matrix
   rows: 3
   cols: 1
   dt: f
   data: [ 2.33226735e-03, 1.78595278e-02, -2.53510773e-02 ]
RMatrix: !!opencv-matrix
   rows: 3
   cols: 3
   dt: f
   data: [ 1.84034705e-02, -9.99821961e-01, -4.14241804e-03,
       1.26086816e-01, -1.78923493e-03, 9.92017448e-01, 9.91848290e-01,
       1.87788699e-02, -1.26031443e-01 ]
fx: 5.4068603515625000e+02
fy: 5.4068603515625000e+02
cx: 4.7975000000000000e+02
cy: 2.6975000000000000e+02
