%YAML:1.0
TVector: !!opencv-matrix
   rows: 3
   cols: 1
   dt: f
   data: [ 3.04053016e-02, -2.18831375e-02, -1.13963172e-01 ]
RMatrix: !!opencv-matrix
   rows: 3
   cols: 3
   dt: f
   data: [ 1.18632568e-02, -9.98319864e-01, -5.67170568e-02,
       -7.50586251e-03, -5.68083599e-02, 9.98356938e-01, -9.99901414e-01,
       -1.14180539e-02, -8.16718210e-03 ]
fx: 5.4068603515625000e+02
fy: 5.4068603515625000e+02
cx: 4.7975000000000000e+02
cy: 2.6975000000000000e+02
