%YAML:1.0
TVector: !!opencv-matrix
   rows: 3
   cols: 1
   dt: f
   data: [ -3.61675382e-01, -7.34312534e-02, -1.61008143e+00 ]
RMatrix: !!opencv-matrix
   rows: 3
   cols: 3
   dt: f
   data: [ 2.06940621e-01, -9.78341877e-01, -4.77263425e-03,
       -1.20491140e-01, -3.03269941e-02, 9.92251098e-01, -9.70905483e-01,
       -2.04762027e-01, -1.24157414e-01 ]
fx: 5.4068603515625000e+02
fy: 5.4068603515625000e+02
cx: 4.7975000000000000e+02
cy: 2.6975000000000000e+02
