%YAML:1.0
TVector: !!opencv-matrix
   rows: 3
   cols: 1
   dt: f
   data: [ -3.61634225e-01, -7.18013197e-02, -1.61188853e+00 ]
RMatrix: !!opencv-matrix
   rows: 3
   cols: 3
   dt: f
   data: [ 2.11591855e-01, -9.77337778e-01, -6.31066551e-03,
       -1.14391491e-01, -3.11770029e-02, 9.92946506e-01, -9.70640779e-01,
       -2.09377512e-01, -1.18395917e-01 ]
fx: 5.4068603515625000e+02
fy: 5.4068603515625000e+02
cx: 4.7975000000000000e+02
cy: 2.6975000000000000e+02
