%YAML:1.0
TVector: !!opencv-matrix
   rows: 3
   cols: 1
   dt: f
   data: [ -3.54471773e-01, -7.21076354e-02, -1.61630487e+00 ]
RMatrix: !!opencv-matrix
   rows: 3
   cols: 3
   dt: f
   data: [ 2.15681702e-01, -9.76453960e-01, -4.33040224e-03,
       -1.07093669e-01, -2.80626919e-02, 9.93852735e-01, -9.70573127e-01,
       -2.13892117e-01, -1.10624671e-01 ]
fx: 5.4068603515625000e+02
fy: 5.4068603515625000e+02
cx: 4.7975000000000000e+02
cy: 2.6975000000000000e+02
