%YAML:1.0
TVector: !!opencv-matrix
   rows: 3
   cols: 1
   dt: f
   data: [ 3.15454081e-02, -6.86903484e-03, -1.94094166e-01 ]
RMatrix: !!opencv-matrix
   rows: 3
   cols: 3
   dt: f
   data: [ 6.41959608e-01, -7.63897181e-01, -6.59495592e-02,
       4.37815875e-01, 2.94595301e-01, 8.49429846e-01, 6.29448593e-01,
       5.74173212e-01, -5.23564458e-01 ]
fx: 5.4068603515625000e+02
fy: 5.4068603515625000e+02
cx: 4.7975000000000000e+02
cy: 2.6975000000000000e+02
