%YAML:1.0
TVector: !!opencv-matrix
   rows: 3
   cols: 1
   dt: f
   data: [ -3.57296854e-01, -7.20523223e-02, -1.61938834e+00 ]
RMatrix: !!opencv-matrix
   rows: 3
   cols: 3
   dt: f
   data: [ 2.21040025e-01, -9.75258291e-01, -3.57175805e-03,
       -1.02582932e-01, -2.68919095e-02, 9.94360924e-01, -9.69854653e-01,
       -2.19427153e-01, -1.05989031e-01 ]
fx: 5.4068603515625000e+02
fy: 5.4068603515625000e+02
cx: 4.7975000000000000e+02
cy: 2.6975000000000000e+02
