%YAML:1.0
TVector: !!opencv-matrix
   rows: 3
   cols: 1
   dt: f
   data: [ 3.57158817e-02, -6.31454447e-03, -1.90915808e-01 ]
RMatrix: !!opencv-matrix
   rows: 3
   cols: 3
   dt: f
   data: [ 6.44856691e-01, -7.62138724e-01, -5.74824065e-02,
       4.30193126e-01, 2.99769610e-01, 8.51511538e-01, 6.31738365e-01,
       5.73831499e-01, -5.21175385e-01 ]
fx: 5.4068603515625000e+02
fy: 5.4068603515625000e+02
cx: 4.7975000000000000e+02
cy: 2.6975000000000000e+02
