%YAML:1.0
TVector: !!opencv-matrix
   rows: 3
   cols: 1
   dt: f
   data: [ -3.53642344e-01, -7.09598213e-02, -1.62158573e+00 ]
RMatrix: !!opencv-matrix
   rows: 3
   cols: 3
   dt: f
   data: [ 2.23038897e-01, -9.74799812e-01, -4.39104252e-03,
       -1.00401558e-01, -2.74524558e-02, 9.94568288e-01, -9.69625294e-01,
       -2.21386522e-01, -1.03994370e-01 ]
fx: 5.4068603515625000e+02
fy: 5.4068603515625000e+02
cx: 4.7975000000000000e+02
cy: 2.6975000000000000e+02
