%YAML:1.0
TVector: !!opencv-matrix
   rows: 3
   cols: 1
   dt: f
   data: [ -3.56148630e-01, -6.88307285e-02, -1.61995673e+00 ]
RMatrix: !!opencv-matrix
   rows: 3
   cols: 3
   dt: f
   data: [ 2.28030443e-01, -9.73635197e-01, -6.06434420e-03,
       -9.71361995e-02, -2.89462898e-02, 9.94850039e-01, -9.68796492e-01,
       -2.26267070e-01, -1.01175837e-01 ]
fx: 5.4068603515625000e+02
fy: 5.4068603515625000e+02
cx: 4.7975000000000000e+02
cy: 2.6975000000000000e+02
