%YAML:1.0
TVector: !!opencv-matrix
   rows: 3
   cols: 1
   dt: f
   data: [ -3.41440767e-01, -6.47242069e-02, -1.62297177e+00 ]
RMatrix: !!opencv-matrix
   rows: 3
   cols: 3
   dt: f
   data: [ 2.30620384e-01, -9.73030508e-01, -5.09505812e-03,
       -9.08565372e-02, -2.67468728e-02, 9.95504797e-01, -9.68792677e-01,
       -2.29120746e-01, -9.45745483e-02 ]
fx: 5.4068603515625000e+02
fy: 5.4068603515625000e+02
cx: 4.7975000000000000e+02
cy: 2.6975000000000000e+02
