%YAML:1.0
TVector: !!opencv-matrix
   rows: 3
   cols: 1
   dt: f
   data: [ -3.44996870e-01, -6.63686693e-02, -1.62347436e+00 ]
RMatrix: !!opencv-matrix
   rows: 3
   cols: 3
   dt: f
   data: [ 2.41274729e-01, -9.70424116e-01, -7.97527656e-03,
       -8.16915110e-02, -2.84983329e-02, 9.96250212e-01, -9.67012405e-01,
       -2.39718482e-01, -8.61513466e-02 ]
fx: 5.4068603515625000e+02
fy: 5.4068603515625000e+02
cx: 4.7975000000000000e+02
cy: 2.6975000000000000e+02
