%YAML:1.0
TVector: !!opencv-matrix
   rows: 3
   cols: 1
   dt: f
   data: [ 4.20974977e-02, -1.14536090e-02, -1.86292768e-01 ]
RMatrix: !!opencv-matrix
   rows: 3
   cols: 3
   dt: f
   data: [ 6.59199953e-01, -7.50148714e-01, -5.22752516e-02,
       4.17822450e-01, 3.07591945e-01, 8.54875147e-01, 6.25204086e-01,
       5.85375369e-01, -5.16193509e-01 ]
fx: 5.4068603515625000e+02
fy: 5.4068603515625000e+02
cx: 4.7975000000000000e+02
cy: 2.6975000000000000e+02
