%YAML:1.0
TVector: !!opencv-matrix
   rows: 3
   cols: 1
   dt: f
   data: [ -3.44306916e-01, -6.37619197e-02, -1.62412000e+00 ]
RMatrix: !!opencv-matrix
   rows: 3
   cols: 3
   dt: f
   data: [ 2.46259049e-01, -9.69182551e-01, -6.46134140e-03,
       -8.03682506e-02, -2.70635001e-02, 9.96397674e-01, -9.65866148e-01,
       -2.44852677e-01, -8.45561251e-02 ]
fx: 5.4068603515625000e+02
fy: 5.4068603515625000e+02
cx: 4.7975000000000000e+02
cy: 2.6975000000000000e+02
