%YAML:1.0
TVector: !!opencv-matrix
   rows: 3
   cols: 1
   dt: f
   data: [ 4.57916483e-02, -1.18234623e-02, -1.90982684e-01 ]
RMatrix: !!opencv-matrix
   rows: 3
   cols: 3
   dt: f
   data: [ 6.61951184e-01, -7.47745574e-01, -5.19333556e-02,
       4.11554247e-01, 3.04676741e-01, 8.58950257e-01, 6.26453221e-01,
       5.89956522e-01, -5.09418905e-01 ]
fx: 5.4068603515625000e+02
fy: 5.4068603515625000e+02
cx: 4.7975000000000000e+02
cy: 2.6975000000000000e+02
