%YAML:1.0
TVector: !!opencv-matrix
   rows: 3
   cols: 1
   dt: f
   data: [ -3.37219208e-01, -6.35939687e-02, -1.62532318e+00 ]
RMatrix: !!opencv-matrix
   rows: 3
   cols: 3
   dt: f
   data: [ 2.53253400e-01, -9.67386663e-01, -5.10016363e-03,
       -7.33498037e-02, -2.44586580e-02, 9.97006476e-01, -9.64615464e-01,
       -2.52121121e-01, -7.71518499e-02 ]
fx: 5.4068603515625000e+02
fy: 5.4068603515625000e+02
cx: 4.7975000000000000e+02
cy: 2.6975000000000000e+02
