%YAML:1.0
TVector: !!opencv-matrix
   rows: 3
   cols: 1
   dt: f
   data: [ 5.07728904e-02, -1.15576461e-02, -1.88488692e-01 ]
RMatrix: !!opencv-matrix
   rows: 3
   cols: 3
   dt: f
   data: [ 6.65337324e-01, -7.45098412e-01, -4.64180410e-02,
       3.92313272e-01, 2.96063006e-01, 8.70882869e-01, 6.35150790e-01,
       5.97641408e-01, -4.89293754e-01 ]
fx: 5.4068603515625000e+02
fy: 5.4068603515625000e+02
cx: 4.7975000000000000e+02
cy: 2.6975000000000000e+02
