%YAML:1.0
TVector: !!opencv-matrix
   rows: 3
   cols: 1
   dt: f
   data: [ 6.18195906e-03, 1.88020207e-02, -2.37639342e-02 ]
RMatrix: !!opencv-matrix
   rows: 3
   cols: 3
   dt: f
   data: [ 1.92919690e-02, -9.99807179e-01, -3.68710840e-03,
       1.32756561e-01, -1.09354616e-03, 9.91148233e-01, 9.90961015e-01,
       1.96106918e-02, -1.32709846e-01 ]
fx: 5.4068603515625000e+02
fy: 5.4068603515625000e+02
cx: 4.7975000000000000e+02
cy: 2.6975000000000000e+02
