%YAML:1.0
TVector: !!opencv-matrix
   rows: 3
   cols: 1
   dt: f
   data: [ 2.72024162e-02, -2.09211167e-02, -1.19449615e-01 ]
RMatrix: !!opencv-matrix
   rows: 3
   cols: 3
   dt: f
   data: [ 1.71179231e-02, -9.98215675e-01, -5.72040416e-02,
       -6.93933526e-03, -5.73296659e-02, 9.98331130e-01, -9.99829352e-01,
       -1.66923944e-02, -7.90831912e-03 ]
fx: 5.4068603515625000e+02
fy: 5.4068603515625000e+02
cx: 4.7975000000000000e+02
cy: 2.6975000000000000e+02
