%YAML:1.0
TVector: !!opencv-matrix
   rows: 3
   cols: 1
   dt: f
   data: [ -3.36474389e-01, -6.90288171e-02, -1.62542343e+00 ]
RMatrix: !!opencv-matrix
   rows: 3
   cols: 3
   dt: f
   data: [ 2.60035753e-01, -9.65581834e-01, -5.73600596e-03,
       -6.73325509e-02, -2.40582377e-02, 9.97440457e-01, -9.63248491e-01,
       -2.58983999e-01, -7.12711066e-02 ]
fx: 5.4068603515625000e+02
fy: 5.4068603515625000e+02
cx: 4.7975000000000000e+02
cy: 2.6975000000000000e+02
