%YAML:1.0
TVector: !!opencv-matrix
   rows: 3
   cols: 1
   dt: f
   data: [ 4.65607420e-02, -1.11173168e-02, -1.82411462e-01 ]
RMatrix: !!opencv-matrix
   rows: 3
   cols: 3
   dt: f
   data: [ 6.67847514e-01, -7.42988408e-01, -4.41364497e-02,
       3.84712249e-01, 2.93825269e-01, 8.75021815e-01, 6.37162626e-01,
       6.01360977e-01, -4.82067198e-01 ]
fx: 5.4068603515625000e+02
fy: 5.4068603515625000e+02
cx: 4.7975000000000000e+02
cy: 2.6975000000000000e+02
