%YAML:1.0
TVector: !!opencv-matrix
   rows: 3
   cols: 1
   dt: f
   data: [ -3.34467083e-01, -6.38715550e-02, -1.62487352e+00 ]
RMatrix: !!opencv-matrix
   rows: 3
   cols: 3
   dt: f
   data: [ 2.71727085e-01, -9.62370574e-01, -2.71387631e-03,
       -6.72910511e-02, -2.18126811e-02, 9.97495055e-01, -9.60018933e-01,
       -2.70863771e-01, -7.06860200e-02 ]
fx: 5.4068603515625000e+02
fy: 5.4068603515625000e+02
cx: 4.7975000000000000e+02
cy: 2.6975000000000000e+02
