%YAML:1.0
TVector: !!opencv-matrix
   rows: 3
   cols: 1
   dt: f
   data: [ 4.51772660e-02, -1.09889600e-02, -1.80518195e-01 ]
RMatrix: !!opencv-matrix
   rows: 3
   cols: 3
   dt: f
   data: [ 6.69668913e-01, -7.41455019e-01, -4.22811918e-02,
       3.79062742e-01, 2.92295367e-01, 8.77994597e-01, 6.38635099e-01,
       6.03993058e-01, -4.76799190e-01 ]
fx: 5.4068603515625000e+02
fy: 5.4068603515625000e+02
cx: 4.7975000000000000e+02
cy: 2.6975000000000000e+02
