%YAML:1.0
TVector: !!opencv-matrix
   rows: 3
   cols: 1
   dt: f
   data: [ -3.25502008e-01, -6.23238720e-02, -1.62370515e+00 ]
RMatrix: !!opencv-matrix
   rows: 3
   cols: 3
   dt: f
   data: [ 2.80806810e-01, -9.59763885e-01, 8.35381448e-04,
       -6.51422441e-02, -1.81908403e-02, 9.97710049e-01, -9.57551062e-01,
       -2.80218184e-01, -6.76292777e-02 ]
fx: 5.4068603515625000e+02
fy: 5.4068603515625000e+02
cx: 4.7975000000000000e+02
cy: 2.6975000000000000e+02
