%YAML:1.0
TVector: !!opencv-matrix
   rows: 3
   cols: 1
   dt: f
   data: [ -3.23727041e-01, -6.64366111e-02, -1.62491560e+00 ]
RMatrix: !!opencv-matrix
   rows: 3
   cols: 3
   dt: f
   data: [ 2.87928820e-01, -9.57649708e-01, -2.06712796e-03,
       -6.07673153e-02, -2.04245280e-02, 9.97942984e-01, -9.55721974e-01,
       -2.87210941e-01, -6.40746132e-02 ]
fx: 5.4068603515625000e+02
fy: 5.4068603515625000e+02
cx: 4.7975000000000000e+02
cy: 2.6975000000000000e+02
