%YAML:1.0
TVector: !!opencv-matrix
   rows: 3
   cols: 1
   dt: f
   data: [ 4.64585684e-02, -9.68748890e-03, -1.76107779e-01 ]
RMatrix: !!opencv-matrix
   rows: 3
   cols: 3
   dt: f
   data: [ 6.70612812e-01, -7.40770340e-01, -3.92104425e-02,
       3.68746758e-01, 2.87025690e-01, 8.84105086e-01, 6.43664539e-01,
       6.07351005e-01, -4.65639889e-01 ]
fx: 5.4068603515625000e+02
fy: 5.4068603515625000e+02
cx: 4.7975000000000000e+02
cy: 2.6975000000000000e+02
