%YAML:1.0
TVector: !!opencv-matrix
   rows: 3
   cols: 1
   dt: f
   data: [ -3.18015456e-01, -6.15305901e-02, -1.62394118e+00 ]
RMatrix: !!opencv-matrix
   rows: 3
   cols: 3
   dt: f
   data: [ 2.98389852e-01, -9.54444170e-01, 2.91661127e-04,
       -5.90609126e-02, -1.81593355e-02, 9.98089254e-01, -9.52615082e-01,
       -2.97836900e-01, -6.17889054e-02 ]
fx: 5.4068603515625000e+02
fy: 5.4068603515625000e+02
cx: 4.7975000000000000e+02
cy: 2.6975000000000000e+02
