%YAML:1.0
TVector: !!opencv-matrix
   rows: 3
   cols: 1
   dt: f
   data: [ -3.13854277e-01, -6.16783649e-02, -1.62293506e+00 ]
RMatrix: !!opencv-matrix
   rows: 3
   cols: 3
   dt: f
   data: [ 3.03382456e-01, -9.52868819e-01, -7.04817649e-05,
       -5.71820848e-02, -1.82799548e-02, 9.98196363e-01, -9.51151431e-01,
       -3.02831233e-01, -6.00328520e-02 ]
fx: 5.4068603515625000e+02
fy: 5.4068603515625000e+02
cx: 4.7975000000000000e+02
cy: 2.6975000000000000e+02
