%YAML:1.0
TVector: !!opencv-matrix
   rows: 3
   cols: 1
   dt: f
   data: [ -3.07449698e-01, -6.12153374e-02, -1.62211049e+00 ]
RMatrix: !!opencv-matrix
   rows: 3
   cols: 3
   dt: f
   data: [ 3.19271117e-01, -9.47659731e-01, 2.63868691e-03,
       -5.19614965e-02, -1.47257168e-02, 9.98540580e-01, -9.46237803e-01,
       -3.18942249e-01, -5.39433174e-02 ]
fx: 5.4068603515625000e+02
fy: 5.4068603515625000e+02
cx: 4.7975000000000000e+02
cy: 2.6975000000000000e+02
