%YAML:1.0
TVector: !!opencv-matrix
   rows: 3
   cols: 1
   dt: f
   data: [ 4.64026295e-02, -1.23754106e-02, -1.72161907e-01 ]
RMatrix: !!opencv-matrix
   rows: 3
   cols: 3
   dt: f
   data: [ 6.72290623e-01, -7.39274204e-01, -3.87181640e-02,
       3.54310691e-01, 2.75404066e-01, 8.93653512e-01, 6.49991810e-01,
       6.14513099e-01, -4.47084308e-01 ]
fx: 5.4068603515625000e+02
fy: 5.4068603515625000e+02
cx: 4.7975000000000000e+02
cy: 2.6975000000000000e+02
