%YAML:1.0
TVector: !!opencv-matrix
   rows: 3
   cols: 1
   dt: f
   data: [ -3.05576503e-01, -6.13881536e-02, -1.62353373e+00 ]
RMatrix: !!opencv-matrix
   rows: 3
   cols: 3
   dt: f
   data: [ 3.24378788e-01, -9.45926189e-01, 1.33421272e-03,
       -4.92814109e-02, -1.54910767e-02, 9.98664737e-01, -9.44642425e-01,
       -3.24011415e-01, -5.16415760e-02 ]
fx: 5.4068603515625000e+02
fy: 5.4068603515625000e+02
cx: 4.7975000000000000e+02
cy: 2.6975000000000000e+02
