%YAML:1.0
TVector: !!opencv-matrix
   rows: 3
   cols: 1
   dt: f
   data: [ -3.01814228e-01, -5.86368591e-02, -1.62254453e+00 ]
RMatrix: !!opencv-matrix
   rows: 3
   cols: 3
   dt: f
   data: [ 3.28608483e-01, -9.44466174e-01, 5.88666473e-04,
       -4.78861853e-02, -1.60385706e-02, 9.98724163e-01, -9.43251789e-01,
       -3.28217387e-01, -5.04972860e-02 ]
fx: 5.4068603515625000e+02
fy: 5.4068603515625000e+02
cx: 4.7975000000000000e+02
cy: 2.6975000000000000e+02
