%YAML:1.0
TVector: !!opencv-matrix
   rows: 3
   cols: 1
   dt: f
   data: [ -2.95177937e-01, -5.93726151e-02, -1.62332499e+00 ]
RMatrix: !!opencv-matrix
   rows: 3
   cols: 3
   dt: f
   data: [ 3.41550291e-01, -9.39858019e-01, -3.21882870e-03,
       -4.12212946e-02, -1.84013862e-02, 9.98980582e-01, -9.38959241e-01,
       -3.41069490e-01, -4.50271592e-02 ]
fx: 5.4068603515625000e+02
fy: 5.4068603515625000e+02
cx: 4.7975000000000000e+02
cy: 2.6975000000000000e+02
