%YAML:1.0
TVector: !!opencv-matrix
   rows: 3
   cols: 1
   dt: f
   data: [ 4.08134460e-02, -1.53980497e-02, -1.67246073e-01 ]
RMatrix: !!opencv-matrix
   rows: 3
   cols: 3
   dt: f
   data: [ 6.78705573e-01, -7.33550370e-01, -3.55316214e-02,
       3.37429255e-01, 2.68497974e-01, 9.02247369e-01, 6.52303874e-01,
       6.24349713e-01, -4.29752469e-01 ]
fx: 5.4068603515625000e+02
fy: 5.4068603515625000e+02
cx: 4.7975000000000000e+02
cy: 2.6975000000000000e+02
