%YAML:1.0
TVector: !!opencv-matrix
   rows: 3
   cols: 1
   dt: f
   data: [ 2.39715595e-02, -2.19041370e-02, -1.25433773e-01 ]
RMatrix: !!opencv-matrix
   rows: 3
   cols: 3
   dt: f
   data: [ 2.17296928e-02, -9.98183966e-01, -5.61850555e-02,
       -6.71795197e-03, -5.63428402e-02, 9.98388946e-01, -9.99741435e-01,
       -2.13172361e-02, -7.93006271e-03 ]
fx: 5.4068603515625000e+02
fy: 5.4068603515625000e+02
cx: 4.7975000000000000e+02
cy: 2.6975000000000000e+02
