%YAML:1.0
TVector: !!opencv-matrix
   rows: 3
   cols: 1
   dt: f
   data: [ -2.92029232e-01, -5.39113358e-02, -1.62512589e+00 ]
RMatrix: !!opencv-matrix
   rows: 3
   cols: 3
   dt: f
   data: [ 3.45667511e-01, -9.38357174e-01, -1.77022070e-04,
       -4.18650992e-02, -1.56105245e-02, 9.99001324e-01, -9.37422812e-01,
       -3.45314890e-01, -4.46804650e-02 ]
fx: 5.4068603515625000e+02
fy: 5.4068603515625000e+02
cx: 4.7975000000000000e+02
cy: 2.6975000000000000e+02
