%YAML:1.0
TVector: !!opencv-matrix
   rows: 3
   cols: 1
   dt: f
   data: [ 3.73716392e-02, -1.67357381e-02, -1.61754116e-01 ]
RMatrix: !!opencv-matrix
   rows: 3
   cols: 3
   dt: f
   data: [ 6.80139244e-01, -7.32281387e-01, -3.42701264e-02,
       3.25513333e-01, 2.59787738e-01, 9.09148693e-01, 6.56849921e-01,
       6.29503191e-01, -4.15059328e-01 ]
fx: 5.4068603515625000e+02
fy: 5.4068603515625000e+02
cx: 4.7975000000000000e+02
cy: 2.6975000000000000e+02
