%YAML:1.0
TVector: !!opencv-matrix
   rows: 3
   cols: 1
   dt: f
   data: [ -2.84336001e-01, -5.28033376e-02, -1.62363589e+00 ]
RMatrix: !!opencv-matrix
   rows: 3
   cols: 3
   dt: f
   data: [ 3.58956695e-01, -9.33348238e-01, -3.35267978e-03,
       -3.56391035e-02, -1.72957331e-02, 9.99215066e-01, -9.32673573e-01,
       -3.58555496e-01, -3.94721106e-02 ]
fx: 5.4068603515625000e+02
fy: 5.4068603515625000e+02
cx: 4.7975000000000000e+02
cy: 2.6975000000000000e+02
