%YAML:1.0
TVector: !!opencv-matrix
   rows: 3
   cols: 1
   dt: f
   data: [ 3.76150273e-02, -1.50791015e-02, -1.61996156e-01 ]
RMatrix: !!opencv-matrix
   rows: 3
   cols: 3
   dt: f
   data: [ 6.80069268e-01, -7.32350409e-01, -3.41890343e-02,
       3.20817560e-01, 2.55335718e-01, 9.12074447e-01, 6.59228325e-01,
       6.31242156e-01, -4.08596784e-01 ]
fx: 5.4068603515625000e+02
fy: 5.4068603515625000e+02
cx: 4.7975000000000000e+02
cy: 2.6975000000000000e+02
