%YAML:1.0
TVector: !!opencv-matrix
   rows: 3
   cols: 1
   dt: f
   data: [ -2.82170266e-01, -4.90422286e-02, -1.62521398e+00 ]
RMatrix: !!opencv-matrix
   rows: 3
   cols: 3
   dt: f
   data: [ 3.64771247e-01, -9.31097090e-01, 5.64269722e-05,
       -3.52010354e-02, -1.37299746e-02, 9.99285936e-01, -9.30431485e-01,
       -3.64512771e-01, -3.77838947e-02 ]
fx: 5.4068603515625000e+02
fy: 5.4068603515625000e+02
cx: 4.7975000000000000e+02
cy: 2.6975000000000000e+02
