%YAML:1.0
TVector: !!opencv-matrix
   rows: 3
   cols: 1
   dt: f
   data: [ -2.78114974e-01, -5.06121032e-02, -1.62567782e+00 ]
RMatrix: !!opencv-matrix
   rows: 3
   cols: 3
   dt: f
   data: [ 3.68939549e-01, -9.29453254e-01, -5.62620058e-04,
       -3.34035717e-02, -1.38642313e-02, 9.99345779e-01, -9.28852856e-01,
       -3.68679464e-01, -3.61621194e-02 ]
fx: 5.4068603515625000e+02
fy: 5.4068603515625000e+02
cx: 4.7975000000000000e+02
cy: 2.6975000000000000e+02
