%YAML:1.0
TVector: !!opencv-matrix
   rows: 3
   cols: 1
   dt: f
   data: [ -2.75727123e-01, -4.93615493e-02, -1.62465322e+00 ]
RMatrix: !!opencv-matrix
   rows: 3
   cols: 3
   dt: f
   data: [ 3.76946718e-01, -9.26227450e-01, -3.78449261e-03,
       -3.07711456e-02, -1.66063532e-02, 9.99388576e-01, -9.25723851e-01,
       -3.76599669e-01, -3.47607844e-02 ]
fx: 5.4068603515625000e+02
fy: 5.4068603515625000e+02
cx: 4.7975000000000000e+02
cy: 2.6975000000000000e+02
