%YAML:1.0
TVector: !!opencv-matrix
   rows: 3
   cols: 1
   dt: f
   data: [ -2.70214021e-01, -4.96960655e-02, -1.62578368e+00 ]
RMatrix: !!opencv-matrix
   rows: 3
   cols: 3
   dt: f
   data: [ 3.85704160e-01, -9.22590077e-01, -7.74936983e-03,
       -2.96606477e-02, -2.07941961e-02, 9.99343872e-01, -9.22145724e-01,
       -3.85221183e-01, -3.53850275e-02 ]
fx: 5.4068603515625000e+02
fy: 5.4068603515625000e+02
cx: 4.7975000000000000e+02
cy: 2.6975000000000000e+02
