%YAML:1.0
TVector: !!opencv-matrix
   rows: 3
   cols: 1
   dt: f
   data: [ -2.70711392e-01, -4.95560616e-02, -1.62576282e+00 ]
RMatrix: !!opencv-matrix
   rows: 3
   cols: 3
   dt: f
   data: [ 3.91467392e-01, -9.20157790e-01, -7.91220181e-03,
       -2.89430376e-02, -2.09066439e-02, 9.99362350e-01, -9.19736564e-01,
       -3.90988827e-01, -3.48164365e-02 ]
fx: 5.4068603515625000e+02
fy: 5.4068603515625000e+02
cx: 4.7975000000000000e+02
cy: 2.6975000000000000e+02
