%YAML:1.0
TVector: !!opencv-matrix
   rows: 3
   cols: 1
   dt: f
   data: [ -2.71152645e-01, -4.93294001e-02, -1.62635100e+00 ]
RMatrix: !!opencv-matrix
   rows: 3
   cols: 3
   dt: f
   data: [ 3.96827996e-01, -9.17856336e-01, -8.19783006e-03,
       -2.74949931e-02, -2.08134335e-02, 9.99405146e-01, -9.17481065e-01,
       -3.96366566e-01, -3.34958062e-02 ]
fx: 5.4068603515625000e+02
fy: 5.4068603515625000e+02
cx: 4.7975000000000000e+02
cy: 2.6975000000000000e+02
