%YAML:1.0
TVector: !!opencv-matrix
   rows: 3
   cols: 1
   dt: f
   data: [ -2.61383563e-01, -4.56547178e-02, -1.62450671e+00 ]
RMatrix: !!opencv-matrix
   rows: 3
   cols: 3
   dt: f
   data: [ 4.00719255e-01, -9.16183054e-01, -5.71901258e-03,
       -2.70134620e-02, -1.80540457e-02, 9.99471962e-01, -9.15802538e-01,
       -4.00353193e-01, -3.19838785e-02 ]
fx: 5.4068603515625000e+02
fy: 5.4068603515625000e+02
cx: 4.7975000000000000e+02
cy: 2.6975000000000000e+02
