%YAML:1.0
TVector: !!opencv-matrix
   rows: 3
   cols: 1
   dt: f
   data: [ 2.83140559e-02, -1.80897266e-02, -1.51258394e-01 ]
RMatrix: !!opencv-matrix
   rows: 3
   cols: 3
   dt: f
   data: [ 6.78690434e-01, -7.33779013e-01, -3.07838097e-02,
       2.99721122e-01, 2.38466278e-01, 9.23742831e-01, 6.70482218e-01,
       6.36162221e-01, -3.81773800e-01 ]
fx: 5.4068603515625000e+02
fy: 5.4068603515625000e+02
cx: 4.7975000000000000e+02
cy: 2.6975000000000000e+02
