%YAML:1.0
TVector: !!opencv-matrix
   rows: 3
   cols: 1
   dt: f
   data: [ -2.62208611e-01, -4.54266854e-02, -1.62609243e+00 ]
RMatrix: !!opencv-matrix
   rows: 3
   cols: 3
   dt: f
   data: [ 4.06908065e-01, -9.13448215e-01, -6.19481364e-03,
       -2.43920535e-02, -1.76444892e-02, 9.99546826e-01, -9.13143516e-01,
       -4.06572521e-01, -2.94605568e-02 ]
fx: 5.4068603515625000e+02
fy: 5.4068603515625000e+02
cx: 4.7975000000000000e+02
cy: 2.6975000000000000e+02
