%YAML:1.0
TVector: !!opencv-matrix
   rows: 3
   cols: 1
   dt: f
   data: [ 6.63165003e-04, 1.11836882e-03, 5.47760756e-05 ]
RMatrix: !!opencv-matrix
   rows: 3
   cols: 3
   dt: f
   data: [ -1.71039405e-03, -9.99997139e-01, 1.65465369e-03,
       6.08793553e-03, 1.64421275e-03, 9.99979973e-01, 9.99979913e-01,
       -1.72043347e-03, -6.08510664e-03 ]
fx: 5.4068603515625000e+02
fy: 5.4068603515625000e+02
cx: 4.7975000000000000e+02
cy: 2.6975000000000000e+02
