%YAML:1.0
TVector: !!opencv-matrix
   rows: 3
   cols: 1
   dt: f
   data: [ 8.69263057e-03, -1.57854822e-03, -2.30842875e-03 ]
RMatrix: !!opencv-matrix
   rows: 3
   cols: 3
   dt: f
   data: [ -4.67244303e-03, -9.99976635e-01, -5.02082054e-03,
       -5.42159937e-03, -4.99546994e-03, 9.99972939e-01, -9.99974549e-01,
       4.69953660e-03, -5.39813191e-03 ]
fx: 5.4068603515625000e+02
fy: 5.4068603515625000e+02
cx: 4.7975000000000000e+02
cy: 2.6975000000000000e+02
