%YAML:1.0
TVector: !!opencv-matrix
   rows: 3
   cols: 1
   dt: f
   data: [ 2.60730200e-02, -2.32642088e-02, -1.34648368e-01 ]
RMatrix: !!opencv-matrix
   rows: 3
   cols: 3
   dt: f
   data: [ 2.52902526e-02, -9.98140872e-01, -5.54555804e-02,
       -6.56661671e-03, -5.56379966e-02, 9.98429418e-01, -9.99658525e-01,
       -2.48863772e-02, -7.96150602e-03 ]
fx: 5.4068603515625000e+02
fy: 5.4068603515625000e+02
cx: 4.7975000000000000e+02
cy: 2.6975000000000000e+02
