%YAML:1.0
TVector: !!opencv-matrix
   rows: 3
   cols: 1
   dt: f
   data: [ -2.55440235e-01, -4.49924059e-02, -1.62587440e+00 ]
RMatrix: !!opencv-matrix
   rows: 3
   cols: 3
   dt: f
   data: [ 4.14500862e-01, -9.10013616e-01, -8.03570077e-03,
       -2.01137457e-02, -1.79886762e-02, 9.99635994e-01, -9.09826815e-01,
       -4.14188325e-01, -2.57601012e-02 ]
fx: 5.4068603515625000e+02
fy: 5.4068603515625000e+02
cx: 4.7975000000000000e+02
cy: 2.6975000000000000e+02
