%YAML:1.0
TVector: !!opencv-matrix
   rows: 3
   cols: 1
   dt: f
   data: [ 2.66312100e-02, -2.02293471e-02, -1.47777572e-01 ]
RMatrix: !!opencv-matrix
   rows: 3
   cols: 3
   dt: f
   data: [ 6.77801669e-01, -7.34710693e-01, -2.80222744e-02,
       2.93495864e-01, 2.35424429e-01, 9.26517844e-01, 6.74125552e-01,
       6.36219859e-01, -3.75205636e-01 ]
fx: 5.4068603515625000e+02
fy: 5.4068603515625000e+02
cx: 4.7975000000000000e+02
cy: 2.6975000000000000e+02
