%YAML:1.0
TVector: !!opencv-matrix
   rows: 3
   cols: 1
   dt: f
   data: [ -2.50325292e-01, -4.35854904e-02, -1.62601423e+00 ]
RMatrix: !!opencv-matrix
   rows: 3
   cols: 3
   dt: f
   data: [ 4.24383342e-01, -9.05459523e-01, -6.47454569e-03,
       -1.78782009e-02, -1.55279581e-02, 9.99719620e-01, -9.05306160e-01,
       -4.24148560e-01, -2.27777939e-02 ]
fx: 5.4068603515625000e+02
fy: 5.4068603515625000e+02
cx: 4.7975000000000000e+02
cy: 2.6975000000000000e+02
