%YAML:1.0
TVector: !!opencv-matrix
   rows: 3
   cols: 1
   dt: f
   data: [ 2.88584847e-02, -2.13497113e-02, -1.46155074e-01 ]
RMatrix: !!opencv-matrix
   rows: 3
   cols: 3
   dt: f
   data: [ 6.76414549e-01, -7.35973060e-01, -2.84084640e-02,
       2.92076200e-01, 2.32631937e-01, 9.27671194e-01, 6.76132321e-01,
       6.35787725e-01, -3.72315824e-01 ]
fx: 5.4068603515625000e+02
fy: 5.4068603515625000e+02
cx: 4.7975000000000000e+02
cy: 2.6975000000000000e+02
