%YAML:1.0
TVector: !!opencv-matrix
   rows: 3
   cols: 1
   dt: f
   data: [ 3.71575877e-02, -2.36817822e-02, -1.49787888e-01 ]
RMatrix: !!opencv-matrix
   rows: 3
   cols: 3
   dt: f
   data: [ 6.76381290e-01, -7.35783756e-01, -3.36205065e-02,
       2.89833009e-01, 2.23915353e-01, 9.30515230e-01, 6.77129745e-01,
       6.39127374e-01, -3.64706635e-01 ]
fx: 5.4068603515625000e+02
fy: 5.4068603515625000e+02
cx: 4.7975000000000000e+02
cy: 2.6975000000000000e+02
