%YAML:1.0
TVector: !!opencv-matrix
   rows: 3
   cols: 1
   dt: f
   data: [ -2.47273460e-01, -4.17932868e-02, -1.62481320e+00 ]
RMatrix: !!opencv-matrix
   rows: 3
   cols: 3
   dt: f
   data: [ 4.34433460e-01, -9.00687814e-01, -5.43176290e-03,
       -1.47016980e-02, -1.31206578e-02, 9.99806046e-01, -9.00584340e-01,
       -4.34269190e-01, -1.89416837e-02 ]
fx: 5.4068603515625000e+02
fy: 5.4068603515625000e+02
cx: 4.7975000000000000e+02
cy: 2.6975000000000000e+02
