%YAML:1.0
TVector: !!opencv-matrix
   rows: 3
   cols: 1
   dt: f
   data: [ -2.40863979e-01, -4.31659371e-02, -1.62409508e+00 ]
RMatrix: !!opencv-matrix
   rows: 3
   cols: 3
   dt: f
   data: [ 4.48310792e-01, -8.93848598e-01, -7.20542576e-03,
       -9.99234337e-03, -1.30717028e-02, 9.99864519e-01, -8.93821836e-01,
       -4.48178083e-01, -1.47918276e-02 ]
fx: 5.4068603515625000e+02
fy: 5.4068603515625000e+02
cx: 4.7975000000000000e+02
cy: 2.6975000000000000e+02
