%YAML:1.0
TVector: !!opencv-matrix
   rows: 3
   cols: 1
   dt: f
   data: [ 3.46693955e-02, -2.26636883e-02, -1.48988143e-01 ]
RMatrix: !!opencv-matrix
   rows: 3
   cols: 3
   dt: f
   data: [ 6.80081308e-01, -7.32121110e-01, -3.85770425e-02,
       2.83035994e-01, 2.13649854e-01, 9.35010433e-01, 6.76298916e-01,
       6.46801889e-01, -3.52515906e-01 ]
fx: 5.4068603515625000e+02
fy: 5.4068603515625000e+02
cx: 4.7975000000000000e+02
cy: 2.6975000000000000e+02
