%YAML:1.0
TVector: !!opencv-matrix
   rows: 3
   cols: 1
   dt: f
   data: [ -2.39462420e-01, -4.02732193e-02, -1.62141359e+00 ]
RMatrix: !!opencv-matrix
   rows: 3
   cols: 3
   dt: f
   data: [ 4.52127606e-01, -8.91931117e-01, -6.28513796e-03,
       -1.20469350e-02, -1.31522380e-02, 9.99841034e-01, -8.91871929e-01,
       -4.51979965e-01, -1.66915245e-02 ]
fx: 5.4068603515625000e+02
fy: 5.4068603515625000e+02
cx: 4.7975000000000000e+02
cy: 2.6975000000000000e+02
