%YAML:1.0
TVector: !!opencv-matrix
   rows: 3
   cols: 1
   dt: f
   data: [ 2.55478527e-02, -1.99936647e-02, -1.44906834e-01 ]
RMatrix: !!opencv-matrix
   rows: 3
   cols: 3
   dt: f
   data: [ 6.83526278e-01, -7.28745520e-01, -4.14967947e-02,
       2.77559876e-01, 2.06915557e-01, 9.38161135e-01, 6.75094247e-01,
       6.52775586e-01, -3.43702704e-01 ]
fx: 5.4068603515625000e+02
fy: 5.4068603515625000e+02
cx: 4.7975000000000000e+02
cy: 2.6975000000000000e+02
