%YAML:1.0
TVector: !!opencv-matrix
   rows: 3
   cols: 1
   dt: f
   data: [ -2.32523456e-01, -4.13247608e-02, -1.62123942e+00 ]
RMatrix: !!opencv-matrix
   rows: 3
   cols: 3
   dt: f
   data: [ 4.60293740e-01, -8.87740672e-01, -6.84074359e-03,
       -1.12570319e-02, -1.35413725e-02, 9.99845088e-01, -8.87695551e-01,
       -4.60145384e-01, -1.62263326e-02 ]
fx: 5.4068603515625000e+02
fy: 5.4068603515625000e+02
cx: 4.7975000000000000e+02
cy: 2.6975000000000000e+02
