%YAML:1.0
TVector: !!opencv-matrix
   rows: 3
   cols: 1
   dt: f
   data: [ 2.24454831e-02, -2.46345624e-02, -1.41574726e-01 ]
RMatrix: !!opencv-matrix
   rows: 3
   cols: 3
   dt: f
   data: [ 6.85455322e-01, -7.27180958e-01, -3.68601158e-02,
       2.66700089e-01, 2.03646898e-01, 9.42018628e-01, 6.77511394e-01,
       6.55542254e-01, -3.33530098e-01 ]
fx: 5.4068603515625000e+02
fy: 5.4068603515625000e+02
cx: 4.7975000000000000e+02
cy: 2.6975000000000000e+02
