%YAML:1.0
TVector: !!opencv-matrix
   rows: 3
   cols: 1
   dt: f
   data: [ -2.27778554e-01, -4.08265702e-02, -1.62079644e+00 ]
RMatrix: !!opencv-matrix
   rows: 3
   cols: 3
   dt: f
   data: [ 4.69124466e-01, -8.83098066e-01, -7.76789617e-03,
       -1.24972807e-02, -1.54333320e-02, 9.99802887e-01, -8.83043706e-01,
       -4.68934774e-01, -1.82764772e-02 ]
fx: 5.4068603515625000e+02
fy: 5.4068603515625000e+02
cx: 4.7975000000000000e+02
cy: 2.6975000000000000e+02
