%YAML:1.0
TVector: !!opencv-matrix
   rows: 3
   cols: 1
   dt: f
   data: [ -2.27396607e-01, -4.34132442e-02, -1.61872053e+00 ]
RMatrix: !!opencv-matrix
   rows: 3
   cols: 3
   dt: f
   data: [ 4.72958654e-01, -8.81028593e-01, -9.93035920e-03,
       -1.06302714e-02, -1.69756636e-02, 9.99799430e-01, -8.81020427e-01,
       -4.72758204e-01, -1.73943620e-02 ]
fx: 5.4068603515625000e+02
fy: 5.4068603515625000e+02
cx: 4.7975000000000000e+02
cy: 2.6975000000000000e+02
