%YAML:1.0
TVector: !!opencv-matrix
   rows: 3
   cols: 1
   dt: f
   data: [ -2.20639706e-01, -4.08334695e-02, -1.61702299e+00 ]
RMatrix: !!opencv-matrix
   rows: 3
   cols: 3
   dt: f
   data: [ 4.73859787e-01, -8.80566776e-01, -7.69200828e-03,
       -1.36483097e-02, -1.60779208e-02, 9.99777555e-01, -8.80494654e-01,
       -4.73649442e-01, -1.96369290e-02 ]
fx: 5.4068603515625000e+02
fy: 5.4068603515625000e+02
cx: 4.7975000000000000e+02
cy: 2.6975000000000000e+02
