%YAML:1.0
TVector: !!opencv-matrix
   rows: 3
   cols: 1
   dt: f
   data: [ 2.42782496e-02, -2.40109526e-02, -1.41979218e-01 ]
RMatrix: !!opencv-matrix
   rows: 3
   cols: 3
   dt: f
   data: [ 6.87905669e-01, -7.24736452e-01, -3.92783619e-02,
       2.57381946e-01, 1.92986131e-01, 9.46842670e-01, 6.78631067e-01,
       6.61448002e-01, -3.19290251e-01 ]
fx: 5.4068603515625000e+02
fy: 5.4068603515625000e+02
cx: 4.7975000000000000e+02
cy: 2.6975000000000000e+02
