%YAML:1.0
TVector: !!opencv-matrix
   rows: 3
   cols: 1
   dt: f
   data: [ -2.19704136e-01, -4.17514555e-02, -1.61685336e+00 ]
RMatrix: !!opencv-matrix
   rows: 3
   cols: 3
   dt: f
   data: [ 4.79077458e-01, -8.77717972e-01, -9.78144072e-03,
       -1.06951930e-02, -1.69795919e-02, 9.99798536e-01, -8.77707303e-01,
       -4.78876352e-01, -1.75219048e-02 ]
fx: 5.4068603515625000e+02
fy: 5.4068603515625000e+02
cx: 4.7975000000000000e+02
cy: 2.6975000000000000e+02
