%YAML:1.0
TVector: !!opencv-matrix
   rows: 3
   cols: 1
   dt: f
   data: [ 2.16377992e-02, -2.56540943e-02, -1.41301438e-01 ]
RMatrix: !!opencv-matrix
   rows: 3
   cols: 3
   dt: f
   data: [ 6.89728022e-01, -7.22985506e-01, -3.95943224e-02,
       2.52597600e-01, 1.89009875e-01, 9.48930979e-01, 6.78579390e-01,
       6.64505601e-01, -3.12989771e-01 ]
fx: 5.4068603515625000e+02
fy: 5.4068603515625000e+02
cx: 4.7975000000000000e+02
cy: 2.6975000000000000e+02
