%YAML:1.0
TVector: !!opencv-matrix
   rows: 3
   cols: 1
   dt: f
   data: [ 2.39678528e-02, -2.03883089e-02, -1.41593218e-01 ]
RMatrix: !!opencv-matrix
   rows: 3
   cols: 3
   dt: f
   data: [ 3.08866482e-02, -9.97978449e-01, -5.55427559e-02,
       -6.29275758e-03, -5.57623282e-02, 9.98424232e-01, -9.99503016e-01,
       -3.04884613e-02, -8.00234824e-03 ]
fx: 5.4068603515625000e+02
fy: 5.4068603515625000e+02
cx: 4.7975000000000000e+02
cy: 2.6975000000000000e+02
