%YAML:1.0
TVector: !!opencv-matrix
   rows: 3
   cols: 1
   dt: f
   data: [ 9.28394683e-03, 2.18350235e-02, -2.94359475e-02 ]
RMatrix: !!opencv-matrix
   rows: 3
   cols: 3
   dt: f
   data: [ 2.53274534e-02, -9.99678493e-01, -1.13570702e-03,
       1.48125157e-01, 2.62930314e-03, 9.88965094e-01, 9.88644183e-01,
       2.52161995e-02, -1.48144081e-01 ]
fx: 5.4068603515625000e+02
fy: 5.4068603515625000e+02
cx: 4.7975000000000000e+02
cy: 2.6975000000000000e+02
