%YAML:1.0
TVector: !!opencv-matrix
   rows: 3
   cols: 1
   dt: f
   data: [ -2.18392134e-01, -3.95847261e-02, -1.61395013e+00 ]
RMatrix: !!opencv-matrix
   rows: 3
   cols: 3
   dt: f
   data: [ 4.82236147e-01, -8.75986159e-01, -9.81951691e-03,
       -1.17716845e-02, -1.76875275e-02, 9.99774277e-01, -8.75962079e-01,
       -4.82011735e-01, -1.88413970e-02 ]
fx: 5.4068603515625000e+02
fy: 5.4068603515625000e+02
cx: 4.7975000000000000e+02
cy: 2.6975000000000000e+02
