%YAML:1.0
TVector: !!opencv-matrix
   rows: 3
   cols: 1
   dt: f
   data: [ 2.92456783e-02, -2.55687851e-02, -1.29105940e-01 ]
RMatrix: !!opencv-matrix
   rows: 3
   cols: 3
   dt: f
   data: [ 6.89050913e-01, -7.23607361e-01, -4.00135219e-02,
       2.50120729e-01, 1.85629576e-01, 9.50253069e-01, 6.80182517e-01,
       6.64781094e-01, -3.08897346e-01 ]
fx: 5.4068603515625000e+02
fy: 5.4068603515625000e+02
cx: 4.7975000000000000e+02
cy: 2.6975000000000000e+02
