%YAML:1.0
TVector: !!opencv-matrix
   rows: 3
   cols: 1
   dt: f
   data: [ 1.38548883e-02, -2.96697430e-02, -1.35574430e-01 ]
RMatrix: !!opencv-matrix
   rows: 3
   cols: 3
   dt: f
   data: [ 6.91717446e-01, -7.21199989e-01, -3.73854563e-02,
       2.44924560e-01, 1.85582429e-01, 9.51615155e-01, 6.79366708e-01,
       6.67405367e-01, -3.05010200e-01 ]
fx: 5.4068603515625000e+02
fy: 5.4068603515625000e+02
cx: 4.7975000000000000e+02
cy: 2.6975000000000000e+02
