%YAML:1.0
TVector: !!opencv-matrix
   rows: 3
   cols: 1
   dt: f
   data: [ -2.10869804e-01, -4.10201587e-02, -1.61133957e+00 ]
RMatrix: !!opencv-matrix
   rows: 3
   cols: 3
   dt: f
   data: [ 4.95526016e-01, -8.68551850e-01, -8.46696272e-03,
       -1.09922914e-02, -1.60178486e-02, 9.99811292e-01, -8.68523598e-01,
       -4.95339483e-01, -1.74846333e-02 ]
fx: 5.4068603515625000e+02
fy: 5.4068603515625000e+02
cx: 4.7975000000000000e+02
cy: 2.6975000000000000e+02
