%YAML:1.0
TVector: !!opencv-matrix
   rows: 3
   cols: 1
   dt: f
   data: [ -2.08257958e-01, -4.18867841e-02, -1.61067641e+00 ]
RMatrix: !!opencv-matrix
   rows: 3
   cols: 3
   dt: f
   data: [ 4.99634743e-01, -8.66190016e-01, -8.93773977e-03,
       -1.13982148e-02, -1.68910120e-02, 9.99792337e-01, -8.66161108e-01,
       -4.99429107e-01, -1.83123518e-02 ]
fx: 5.4068603515625000e+02
fy: 5.4068603515625000e+02
cx: 4.7975000000000000e+02
cy: 2.6975000000000000e+02
