%YAML:1.0
TVector: !!opencv-matrix
   rows: 3
   cols: 1
   dt: f
   data: [ 1.15613965e-02, -3.21377702e-02, -1.34224534e-01 ]
RMatrix: !!opencv-matrix
   rows: 3
   cols: 3
   dt: f
   data: [ 6.92995548e-01, -7.19994724e-01, -3.69419642e-02,
       2.40777254e-01, 1.82840705e-01, 9.53202724e-01, 6.79546475e-01,
       6.69460058e-01, -3.00066143e-01 ]
fx: 5.4068603515625000e+02
fy: 5.4068603515625000e+02
cx: 4.7975000000000000e+02
cy: 2.6975000000000000e+02
