%YAML:1.0
TVector: !!opencv-matrix
   rows: 3
   cols: 1
   dt: f
   data: [ 9.69826896e-03, -3.17995586e-02, -1.33258313e-01 ]
RMatrix: !!opencv-matrix
   rows: 3
   cols: 3
   dt: f
   data: [ 6.94801867e-01, -7.18277454e-01, -3.64407413e-02,
       2.36345187e-01, 1.80179387e-01, 9.54817474e-01, 6.79258049e-01,
       6.72021508e-01, -2.94950396e-01 ]
fx: 5.4068603515625000e+02
fy: 5.4068603515625000e+02
cx: 4.7975000000000000e+02
cy: 2.6975000000000000e+02
