%YAML:1.0
TVector: !!opencv-matrix
   rows: 3
   cols: 1
   dt: f
   data: [ -2.00911388e-01, -3.91298160e-02, -1.60818458e+00 ]
RMatrix: !!opencv-matrix
   rows: 3
   cols: 3
   dt: f
   data: [ 5.15522122e-01, -8.56843114e-01, -7.55302142e-03,
       -1.23615097e-02, -1.62504409e-02, 9.99791503e-01, -8.56787264e-01,
       -5.15321195e-01, -1.89693365e-02 ]
fx: 5.4068603515625000e+02
fy: 5.4068603515625000e+02
cx: 4.7975000000000000e+02
cy: 2.6975000000000000e+02
