%YAML:1.0
TVector: !!opencv-matrix
   rows: 3
   cols: 1
   dt: f
   data: [ -1.98591441e-01, -3.89383025e-02, -1.60699797e+00 ]
RMatrix: !!opencv-matrix
   rows: 3
   cols: 3
   dt: f
   data: [ 5.18924117e-01, -8.54776561e-01, -8.64252634e-03,
       -1.11346645e-02, -1.68685075e-02, 9.99795616e-01, -8.54747772e-01,
       -5.18721998e-01, -1.82711259e-02 ]
fx: 5.4068603515625000e+02
fy: 5.4068603515625000e+02
cx: 4.7975000000000000e+02
cy: 2.6975000000000000e+02
