%YAML:1.0
TVector: !!opencv-matrix
   rows: 3
   cols: 1
   dt: f
   data: [ -1.93604171e-01, -3.89702581e-02, -1.60629535e+00 ]
RMatrix: !!opencv-matrix
   rows: 3
   cols: 3
   dt: f
   data: [ 5.21177769e-01, -8.53391707e-01, -9.83488280e-03,
       -9.52985696e-03, -1.73422210e-02, 9.99804258e-01, -8.53395164e-01,
       -5.20982027e-01, -1.71710774e-02 ]
fx: 5.4068603515625000e+02
fy: 5.4068603515625000e+02
cx: 4.7975000000000000e+02
cy: 2.6975000000000000e+02
