%YAML:1.0
TVector: !!opencv-matrix
   rows: 3
   cols: 1
   dt: f
   data: [ -1.92393884e-01, -3.89099270e-02, -1.60607183e+00 ]
RMatrix: !!opencv-matrix
   rows: 3
   cols: 3
   dt: f
   data: [ 5.25798976e-01, -8.50558221e-01, -9.28458292e-03,
       -8.55607446e-03, -1.62032414e-02, 9.99832213e-01, -8.50565970e-01,
       -5.25631309e-01, -1.57970879e-02 ]
fx: 5.4068603515625000e+02
fy: 5.4068603515625000e+02
cx: 4.7975000000000000e+02
cy: 2.6975000000000000e+02
