%YAML:1.0
TVector: !!opencv-matrix
   rows: 3
   cols: 1
   dt: f
   data: [ -1.84466660e-01, -3.65046374e-02, -1.60399687e+00 ]
RMatrix: !!opencv-matrix
   rows: 3
   cols: 3
   dt: f
   data: [ 5.41666746e-01, -8.40444505e-01, -1.58224478e-02,
       -6.09353650e-04, -1.92155316e-02, 9.99815226e-01, -8.40593219e-01,
       -5.41557014e-01, -1.09205414e-02 ]
fx: 5.4068603515625000e+02
fy: 5.4068603515625000e+02
cx: 4.7975000000000000e+02
cy: 2.6975000000000000e+02
