%YAML:1.0
TVector: !!opencv-matrix
   rows: 3
   cols: 1
   dt: f
   data: [ -6.01499109e-04, -3.71482112e-02, -1.29252270e-01 ]
RMatrix: !!opencv-matrix
   rows: 3
   cols: 3
   dt: f
   data: [ 7.01148391e-01, -7.12203562e-01, -3.40159759e-02,
       2.09751129e-01, 1.60429120e-01, 9.64503527e-01, 6.81465685e-01,
       6.83394909e-01, -2.61870056e-01 ]
fx: 5.4068603515625000e+02
fy: 5.4068603515625000e+02
cx: 4.7975000000000000e+02
cy: 2.6975000000000000e+02
