%YAML:1.0
TVector: !!opencv-matrix
   rows: 3
   cols: 1
   dt: f
   data: [ -1.79724783e-01, -3.51826213e-02, -1.60331690e+00 ]
RMatrix: !!opencv-matrix
   rows: 3
   cols: 3
   dt: f
   data: [ 5.44099212e-01, -8.38846028e-01, -1.71255022e-02,
       7.03613041e-04, -1.99550949e-02, 9.99800682e-01, -8.39020610e-01,
       -5.44002891e-01, -1.02673303e-02 ]
fx: 5.4068603515625000e+02
fy: 5.4068603515625000e+02
cx: 4.7975000000000000e+02
cy: 2.6975000000000000e+02
