%YAML:1.0
TVector: !!opencv-matrix
   rows: 3
   cols: 1
   dt: f
   data: [ 9.63967852e-03, 2.18285248e-02, -3.16855349e-02 ]
RMatrix: !!opencv-matrix
   rows: 3
   cols: 3
   dt: f
   data: [ 2.84877513e-02, -9.99594033e-01, -5.52347221e-04,
       1.55332461e-01, 3.88100836e-03, 9.87854719e-01, 9.87451553e-01,
       2.82275546e-02, -1.55379951e-01 ]
fx: 5.4068603515625000e+02
fy: 5.4068603515625000e+02
cx: 4.7975000000000000e+02
cy: 2.6975000000000000e+02
