%YAML:1.0
TVector: !!opencv-matrix
   rows: 3
   cols: 1
   dt: f
   data: [ 1.99973490e-02, -2.18790006e-02, -1.45302758e-01 ]
RMatrix: !!opencv-matrix
   rows: 3
   cols: 3
   dt: f
   data: [ 3.63509320e-02, -9.97767448e-01, -5.60247116e-02,
       -4.56646830e-03, -5.62270172e-02, 9.98407662e-01, -9.99328673e-01,
       -3.60372066e-02, -6.60017878e-03 ]
fx: 5.4068603515625000e+02
fy: 5.4068603515625000e+02
cx: 4.7975000000000000e+02
cy: 2.6975000000000000e+02
