%YAML:1.0
TVector: !!opencv-matrix
   rows: 3
   cols: 1
   dt: f
   data: [ -1.77194238e-01, -3.30610089e-02, -1.60176790e+00 ]
RMatrix: !!opencv-matrix
   rows: 3
   cols: 3
   dt: f
   data: [ 5.47113299e-01, -8.36883068e-01, -1.71287376e-02,
       1.54700363e-03, -1.94520392e-02, 9.99809444e-01, -8.37056994e-01,
       -5.47035694e-01, -9.34780948e-03 ]
fx: 5.4068603515625000e+02
fy: 5.4068603515625000e+02
cx: 4.7975000000000000e+02
cy: 2.6975000000000000e+02
