%YAML:1.0
TVector: !!opencv-matrix
   rows: 3
   cols: 1
   dt: f
   data: [ -3.05547868e-03, -3.88215259e-02, -1.29515782e-01 ]
RMatrix: !!opencv-matrix
   rows: 3
   cols: 3
   dt: f
   data: [ 7.02248275e-01, -7.11036682e-01, -3.56926695e-02,
       2.07139462e-01, 1.56099036e-01, 9.65777397e-01, 6.81131661e-01,
       6.85609043e-01, -2.56904036e-01 ]
fx: 5.4068603515625000e+02
fy: 5.4068603515625000e+02
cx: 4.7975000000000000e+02
cy: 2.6975000000000000e+02
