%YAML:1.0
TVector: !!opencv-matrix
   rows: 3
   cols: 1
   dt: f
   data: [ -1.68099999e-01, -3.18921693e-02, -1.59905779e+00 ]
RMatrix: !!opencv-matrix
   rows: 3
   cols: 3
   dt: f
   data: [ 5.56754231e-01, -8.30490530e-01, -1.76077858e-02,
       4.73195780e-03, -1.80257168e-02, 9.99826372e-01, -8.30663741e-01,
       -5.56740820e-01, -6.10604603e-03 ]
fx: 5.4068603515625000e+02
fy: 5.4068603515625000e+02
cx: 4.7975000000000000e+02
cy: 2.6975000000000000e+02
