%YAML:1.0
TVector: !!opencv-matrix
   rows: 3
   cols: 1
   dt: f
   data: [ -6.39534136e-03, -3.82104404e-02, -1.29733592e-01 ]
RMatrix: !!opencv-matrix
   rows: 3
   cols: 3
   dt: f
   data: [ 7.03083336e-01, -7.10285187e-01, -3.41894850e-02,
       1.99852288e-01, 1.51227251e-01, 9.68085289e-01, 6.82446301e-01,
       6.87477529e-01, -2.48277456e-01 ]
fx: 5.4068603515625000e+02
fy: 5.4068603515625000e+02
cx: 4.7975000000000000e+02
cy: 2.6975000000000000e+02
