%YAML:1.0
TVector: !!opencv-matrix
   rows: 3
   cols: 1
   dt: f
   data: [ -1.66664571e-01, -3.04858852e-02, -1.59804094e+00 ]
RMatrix: !!opencv-matrix
   rows: 3
   cols: 3
   dt: f
   data: [ 5.60775638e-01, -8.27790976e-01, -1.71184242e-02,
       4.94976249e-03, -1.73231475e-02, 9.99837756e-01, -8.27953160e-01,
       -5.60769439e-01, -5.61702950e-03 ]
fx: 5.4068603515625000e+02
fy: 5.4068603515625000e+02
cx: 4.7975000000000000e+02
cy: 2.6975000000000000e+02
