%YAML:1.0
TVector: !!opencv-matrix
   rows: 3
   cols: 1
   dt: f
   data: [ -1.64042622e-01, -3.05629056e-02, -1.59870279e+00 ]
RMatrix: !!opencv-matrix
   rows: 3
   cols: 3
   dt: f
   data: [ 5.64568400e-01, -8.25221658e-01, -1.64946038e-02,
       6.76352531e-03, -1.53580680e-02, 9.99859214e-01, -8.25358748e-01,
       -5.64600468e-01, -3.08927079e-03 ]
fx: 5.4068603515625000e+02
fy: 5.4068603515625000e+02
cx: 4.7975000000000000e+02
cy: 2.6975000000000000e+02
