%YAML:1.0
TVector: !!opencv-matrix
   rows: 3
   cols: 1
   dt: f
   data: [ -1.56743571e-01, -2.84990501e-02, -1.59705281e+00 ]
RMatrix: !!opencv-matrix
   rows: 3
   cols: 3
   dt: f
   data: [ 5.73891282e-01, -8.18810344e-01, -1.40978945e-02,
       1.00843366e-02, -1.01478221e-02, 9.99897778e-01, -8.18869472e-01,
       -5.73974788e-01, 2.43341154e-03 ]
fx: 5.4068603515625000e+02
fy: 5.4068603515625000e+02
cx: 4.7975000000000000e+02
cy: 2.6975000000000000e+02
