%YAML:1.0
TVector: !!opencv-matrix
   rows: 3
   cols: 1
   dt: f
   data: [ -1.14593916e-02, -4.06858735e-02, -1.30368501e-01 ]
RMatrix: !!opencv-matrix
   rows: 3
   cols: 3
   dt: f
   data: [ 7.02330887e-01, -7.11511493e-01, -2.19784416e-02,
       1.82328790e-01, 1.49959534e-01, 9.71734822e-01, 6.88104630e-01,
       6.86486602e-01, -2.35050231e-01 ]
fx: 5.4068603515625000e+02
fy: 5.4068603515625000e+02
cx: 4.7975000000000000e+02
cy: 2.6975000000000000e+02
