%YAML:1.0
TVector: !!opencv-matrix
   rows: 3
   cols: 1
   dt: f
   data: [ -1.52374953e-01, -2.75354385e-02, -1.59756863e+00 ]
RMatrix: !!opencv-matrix
   rows: 3
   cols: 3
   dt: f
   data: [ 5.81239879e-01, -8.13570499e-01, -1.62346791e-02,
       1.30120721e-02, -1.06558073e-02, 9.99858677e-01, -8.13628376e-01,
       -5.81368864e-01, 4.39265650e-03 ]
fx: 5.4068603515625000e+02
fy: 5.4068603515625000e+02
cx: 4.7975000000000000e+02
cy: 2.6975000000000000e+02
