%YAML:1.0
TVector: !!opencv-matrix
   rows: 3
   cols: 1
   dt: f
   data: [ -1.49361983e-01, -2.38942616e-02, -1.59748852e+00 ]
RMatrix: !!opencv-matrix
   rows: 3
   cols: 3
   dt: f
   data: [ 5.83916128e-01, -8.11683714e-01, -1.45572210e-02,
       1.29806437e-02, -8.59429780e-03, 9.99878883e-01, -8.11710417e-01,
       -5.84034264e-01, 5.51782735e-03 ]
fx: 5.4068603515625000e+02
fy: 5.4068603515625000e+02
cx: 4.7975000000000000e+02
cy: 2.6975000000000000e+02
