%YAML:1.0
TVector: !!opencv-matrix
   rows: 3
   cols: 1
   dt: f
   data: [ -1.85370184e-02, -4.71595973e-02, -1.28033236e-01 ]
RMatrix: !!opencv-matrix
   rows: 3
   cols: 3
   dt: f
   data: [ 7.04136968e-01, -7.09594905e-01, -2.58144848e-02,
       1.77612081e-01, 1.40813559e-01, 9.73973989e-01, 6.87491953e-01,
       6.90396070e-01, -2.25184619e-01 ]
fx: 5.4068603515625000e+02
fy: 5.4068603515625000e+02
cx: 4.7975000000000000e+02
cy: 2.6975000000000000e+02
