%YAML:1.0
TVector: !!opencv-matrix
   rows: 3
   cols: 1
   dt: f
   data: [ -1.45668358e-01, -2.44804509e-02, -1.59642470e+00 ]
RMatrix: !!opencv-matrix
   rows: 3
   cols: 3
   dt: f
   data: [ 5.89892089e-01, -8.07312250e-01, -1.65659171e-02,
       1.73913408e-02, -7.80849485e-03, 9.99818265e-01, -8.07294786e-01,
       -5.90072989e-01, 9.43407230e-03 ]
fx: 5.4068603515625000e+02
fy: 5.4068603515625000e+02
cx: 4.7975000000000000e+02
cy: 2.6975000000000000e+02
