%YAML:1.0
TVector: !!opencv-matrix
   rows: 3
   cols: 1
   dt: f
   data: [ -1.42328069e-01, -2.55221277e-02, -1.59513783e+00 ]
RMatrix: !!opencv-matrix
   rows: 3
   cols: 3
   dt: f
   data: [ 5.97620130e-01, -8.01593781e-01, -1.72551218e-02,
       2.01274958e-02, -6.51534973e-03, 9.99776185e-01, -8.01526845e-01,
       -5.97833633e-01, 1.22403726e-02 ]
fx: 5.4068603515625000e+02
fy: 5.4068603515625000e+02
cx: 4.7975000000000000e+02
cy: 2.6975000000000000e+02
