%YAML:1.0
TVector: !!opencv-matrix
   rows: 3
   cols: 1
   dt: f
   data: [ -5.44025144e-03, -3.69882919e-02, -1.19833872e-01 ]
RMatrix: !!opencv-matrix
   rows: 3
   cols: 3
   dt: f
   data: [ 7.02837288e-01, -7.10870206e-01, -2.61328015e-02,
       1.70944855e-01, 1.33124724e-01, 9.76245522e-01, 6.90505028e-01,
       6.90609157e-01, -2.15084687e-01 ]
fx: 5.4068603515625000e+02
fy: 5.4068603515625000e+02
cx: 4.7975000000000000e+02
cy: 2.6975000000000000e+02
