%YAML:1.0
TVector: !!opencv-matrix
   rows: 3
   cols: 1
   dt: f
   data: [ -1.40182450e-01, -2.54134778e-02, -1.59438264e+00 ]
RMatrix: !!opencv-matrix
   rows: 3
   cols: 3
   dt: f
   data: [ 6.07264459e-01, -7.94332325e-01, -1.63059589e-02,
       1.98409073e-02, -5.35523286e-03, 9.99788821e-01, -7.94252038e-01,
       -6.07459724e-01, 1.25082331e-02 ]
fx: 5.4068603515625000e+02
fy: 5.4068603515625000e+02
cx: 4.7975000000000000e+02
cy: 2.6975000000000000e+02
