%YAML:1.0
TVector: !!opencv-matrix
   rows: 3
   cols: 1
   dt: f
   data: [ 9.18562990e-03, 2.13092174e-02, -3.29330415e-02 ]
RMatrix: !!opencv-matrix
   rows: 3
   cols: 3
   dt: f
   data: [ 3.09838615e-02, -9.99519765e-01, -5.91138014e-05,
       1.60616577e-01, 4.92053898e-03, 9.87004459e-01, 9.86530185e-01,
       3.05907112e-02, -1.60691917e-01 ]
fx: 5.4068603515625000e+02
fy: 5.4068603515625000e+02
cx: 4.7975000000000000e+02
cy: 2.6975000000000000e+02
