%YAML:1.0
TVector: !!opencv-matrix
   rows: 3
   cols: 1
   dt: f
   data: [ 1.97286140e-02, -2.37780716e-02, -1.52808741e-01 ]
RMatrix: !!opencv-matrix
   rows: 3
   cols: 3
   dt: f
   data: [ 4.10158895e-02, -9.97602344e-01, -5.57434298e-02,
       -3.92372301e-03, -5.59507720e-02, 9.98425782e-01, -9.99150813e-01,
       -4.07325961e-02, -6.20918488e-03 ]
fx: 5.4068603515625000e+02
fy: 5.4068603515625000e+02
cx: 4.7975000000000000e+02
cy: 2.6975000000000000e+02
