%YAML:1.0
TVector: !!opencv-matrix
   rows: 3
   cols: 1
   dt: f
   data: [ -1.36336505e-01, -2.41433382e-02, -1.59345090e+00 ]
RMatrix: !!opencv-matrix
   rows: 3
   cols: 3
   dt: f
   data: [ 6.15565479e-01, -7.87971377e-01, -1.34337265e-02,
       1.81460865e-02, -2.86984048e-03, 9.99831319e-01, -7.87876785e-01,
       -6.15705371e-01, 1.25320219e-02 ]
fx: 5.4068603515625000e+02
fy: 5.4068603515625000e+02
cx: 4.7975000000000000e+02
cy: 2.6975000000000000e+02
