%YAML:1.0
TVector: !!opencv-matrix
   rows: 3
   cols: 1
   dt: f
   data: [ -1.34692878e-01, -2.33579800e-02, -1.59204257e+00 ]
RMatrix: !!opencv-matrix
   rows: 3
   cols: 3
   dt: f
   data: [ 6.18483603e-01, -7.85694659e-01, -1.27385622e-02,
       1.70607883e-02, -2.78077857e-03, 9.99850750e-01, -7.85612643e-01,
       -6.18608475e-01, 1.16847046e-02 ]
fx: 5.4068603515625000e+02
fy: 5.4068603515625000e+02
cx: 4.7975000000000000e+02
cy: 2.6975000000000000e+02
