%YAML:1.0
TVector: !!opencv-matrix
   rows: 3
   cols: 1
   dt: f
   data: [ -1.30263507e-01, -2.43871566e-02, -1.58990288e+00 ]
RMatrix: !!opencv-matrix
   rows: 3
   cols: 3
   dt: f
   data: [ 6.27153456e-01, -7.78719187e-01, -1.65849663e-02,
       2.00541541e-02, -5.14226593e-03, 9.99785721e-01, -7.78637528e-01,
       -6.27351522e-01, 1.23915626e-02 ]
fx: 5.4068603515625000e+02
fy: 5.4068603515625000e+02
cx: 4.7975000000000000e+02
cy: 2.6975000000000000e+02
