%YAML:1.0
TVector: !!opencv-matrix
   rows: 3
   cols: 1
   dt: f
   data: [ -3.18387114e-02, -4.74901907e-02, -1.26261726e-01 ]
RMatrix: !!opencv-matrix
   rows: 3
   cols: 3
   dt: f
   data: [ 7.04744637e-01, -7.08966434e-01, -2.64881738e-02,
       1.49519190e-01, 1.11924581e-01, 9.82403636e-01, 6.93526447e-01,
       6.96304142e-01, -1.84882358e-01 ]
fx: 5.4068603515625000e+02
fy: 5.4068603515625000e+02
cx: 4.7975000000000000e+02
cy: 2.6975000000000000e+02
