%YAML:1.0
TVector: !!opencv-matrix
   rows: 3
   cols: 1
   dt: f
   data: [ -1.29703417e-01, -2.52340026e-02, -1.58894527e+00 ]
RMatrix: !!opencv-matrix
   rows: 3
   cols: 3
   dt: f
   data: [ 6.30967081e-01, -7.75602639e-01, -1.79245509e-02,
       2.05545295e-02, -6.38364116e-03, 9.99768376e-01, -7.75537491e-01,
       -6.31189287e-01, 1.19142802e-02 ]
fx: 5.4068603515625000e+02
fy: 5.4068603515625000e+02
cx: 4.7975000000000000e+02
cy: 2.6975000000000000e+02
