%YAML:1.0
TVector: !!opencv-matrix
   rows: 3
   cols: 1
   dt: f
   data: [ -1.28297955e-01, -2.51808818e-02, -1.58534682e+00 ]
RMatrix: !!opencv-matrix
   rows: 3
   cols: 3
   dt: f
   data: [ 6.38318181e-01, -7.69574761e-01, -1.74563061e-02,
       1.89648215e-02, -6.94819354e-03, 9.99796033e-01, -7.69539058e-01,
       -6.38519108e-01, 1.01596881e-02 ]
fx: 5.4068603515625000e+02
fy: 5.4068603515625000e+02
cx: 4.7975000000000000e+02
cy: 2.6975000000000000e+02
