%YAML:1.0
TVector: !!opencv-matrix
   rows: 3
   cols: 1
   dt: f
   data: [ -1.27107263e-01, -2.39831321e-02, -1.58327341e+00 ]
RMatrix: !!opencv-matrix
   rows: 3
   cols: 3
   dt: f
   data: [ 6.41823769e-01, -7.66690731e-01, -1.57471318e-02,
       1.71771571e-02, -6.15606550e-03, 9.99833584e-01, -7.66659915e-01,
       -6.41987383e-01, 9.21845622e-03 ]
fx: 5.4068603515625000e+02
fy: 5.4068603515625000e+02
cx: 4.7975000000000000e+02
cy: 2.6975000000000000e+02
