%YAML:1.0
TVector: !!opencv-matrix
   rows: 3
   cols: 1
   dt: f
   data: [ -4.39763218e-02, -5.03868051e-02, -1.21343717e-01 ]
RMatrix: !!opencv-matrix
   rows: 3
   cols: 3
   dt: f
   data: [ 7.06294477e-01, -7.07474649e-01, -2.50486899e-02,
       1.36466339e-01, 1.01348206e-01, 9.85446811e-01, 6.94640040e-01,
       6.99434042e-01, -1.68128192e-01 ]
fx: 5.4068603515625000e+02
fy: 5.4068603515625000e+02
cx: 4.7975000000000000e+02
cy: 2.6975000000000000e+02
