%YAML:1.0
TVector: !!opencv-matrix
   rows: 3
   cols: 1
   dt: f
   data: [ -1.24238357e-01, -2.30421089e-02, -1.57976067e+00 ]
RMatrix: !!opencv-matrix
   rows: 3
   cols: 3
   dt: f
   data: [ 6.52735233e-01, -7.57419825e-01, -1.58728473e-02,
       1.63472462e-02, -6.86531514e-03, 9.99842823e-01, -7.57409692e-01,
       -6.52892172e-01, 7.90049788e-03 ]
fx: 5.4068603515625000e+02
fy: 5.4068603515625000e+02
cx: 4.7975000000000000e+02
cy: 2.6975000000000000e+02
