%YAML:1.0
TVector: !!opencv-matrix
   rows: 3
   cols: 1
   dt: f
   data: [ -4.85458709e-02, -5.11874855e-02, -1.18985921e-01 ]
RMatrix: !!opencv-matrix
   rows: 3
   cols: 3
   dt: f
   data: [ 7.07580984e-01, -7.06288397e-01, -2.20471825e-02,
       1.25306651e-01, 9.47078764e-02, 9.87587214e-01, 6.95433199e-01,
       7.01560676e-01, -1.55516133e-01 ]
fx: 5.4068603515625000e+02
fy: 5.4068603515625000e+02
cx: 4.7975000000000000e+02
cy: 2.6975000000000000e+02
