%YAML:1.0
TVector: !!opencv-matrix
   rows: 3
   cols: 1
   dt: f
   data: [ -1.24605343e-01, -2.42285766e-02, -1.57782304e+00 ]
RMatrix: !!opencv-matrix
   rows: 3
   cols: 3
   dt: f
   data: [ 6.56535506e-01, -7.54097402e-01, -1.72709692e-02,
       1.85080133e-02, -6.78486004e-03, 9.99805689e-01, -7.54067957e-01,
       -6.56727552e-01, 9.50234104e-03 ]
fx: 5.4068603515625000e+02
fy: 5.4068603515625000e+02
cx: 4.7975000000000000e+02
cy: 2.6975000000000000e+02
