%YAML:1.0
TVector: !!opencv-matrix
   rows: 3
   cols: 1
   dt: f
   data: [ -1.25632003e-01, -2.44421009e-02, -1.57643199e+00 ]
RMatrix: !!opencv-matrix
   rows: 3
   cols: 3
   dt: f
   data: [ 6.60077035e-01, -7.50985920e-01, -1.78422425e-02,
       1.86718032e-02, -7.34210992e-03, 9.99798656e-01, -7.50965834e-01,
       -6.60277367e-01, 9.17590410e-03 ]
fx: 5.4068603515625000e+02
fy: 5.4068603515625000e+02
cx: 4.7975000000000000e+02
cy: 2.6975000000000000e+02
