%YAML:1.0
TVector: !!opencv-matrix
   rows: 3
   cols: 1
   dt: f
   data: [ -5.24284989e-02, -5.20863496e-02, -1.17991194e-01 ]
RMatrix: !!opencv-matrix
   rows: 3
   cols: 3
   dt: f
   data: [ 7.09594488e-01, -7.04320610e-01, -2.01959629e-02,
       1.19081922e-01, 9.16247144e-02, 9.88647699e-01, 6.94474518e-01,
       7.03944027e-01, -1.48888245e-01 ]
fx: 5.4068603515625000e+02
fy: 5.4068603515625000e+02
cx: 4.7975000000000000e+02
cy: 2.6975000000000000e+02
