%YAML:1.0
TVector: !!opencv-matrix
   rows: 3
   cols: 1
   dt: f
   data: [ -1.26751199e-01, -2.77136359e-02, -1.57423759e+00 ]
RMatrix: !!opencv-matrix
   rows: 3
   cols: 3
   dt: f
   data: [ 6.66322112e-01, -7.45463729e-01, -1.72792692e-02,
       1.92866046e-02, -5.93544496e-03, 9.99796391e-01, -7.45414555e-01,
       -6.66519582e-01, 1.04225473e-02 ]
fx: 5.4068603515625000e+02
fy: 5.4068603515625000e+02
cx: 4.7975000000000000e+02
cy: 2.6975000000000000e+02
