%YAML:1.0
TVector: !!opencv-matrix
   rows: 3
   cols: 1
   dt: f
   data: [ 1.44729335e-02, -2.04710886e-02, -1.64405867e-01 ]
RMatrix: !!opencv-matrix
   rows: 3
   cols: 3
   dt: f
   data: [ 5.26796319e-02, -9.97310877e-01, -5.09496257e-02,
       -2.23942334e-03, -5.11383191e-02, 9.98688996e-01, -9.98608947e-01,
       -5.24964742e-02, -4.92735021e-03 ]
fx: 5.4068603515625000e+02
fy: 5.4068603515625000e+02
cx: 4.7975000000000000e+02
cy: 2.6975000000000000e+02
