%YAML:1.0
TVector: !!opencv-matrix
   rows: 3
   cols: 1
   dt: f
   data: [ 9.68975481e-03, 2.25577261e-02, -3.51704918e-02 ]
RMatrix: !!opencv-matrix
   rows: 3
   cols: 3
   dt: f
   data: [ 3.23808864e-02, -9.99475360e-01, 5.55984501e-04,
       1.65274933e-01, 5.90317277e-03, 9.86229718e-01, 9.85715687e-01,
       3.18431035e-02, -1.65379360e-01 ]
fx: 5.4068603515625000e+02
fy: 5.4068603515625000e+02
cx: 4.7975000000000000e+02
cy: 2.6975000000000000e+02
