%YAML:1.0
TVector: !!opencv-matrix
   rows: 3
   cols: 1
   dt: f
   data: [ -1.26149967e-01, -2.65218057e-02, -1.57291174e+00 ]
RMatrix: !!opencv-matrix
   rows: 3
   cols: 3
   dt: f
   data: [ 6.68756366e-01, -7.43311465e-01, -1.59094837e-02,
       1.59419104e-02, -7.05734640e-03, 9.99848187e-01, -7.43310630e-01,
       -6.68908536e-01, 7.13016093e-03 ]
fx: 5.4068603515625000e+02
fy: 5.4068603515625000e+02
cx: 4.7975000000000000e+02
cy: 2.6975000000000000e+02
