%YAML:1.0
TVector: !!opencv-matrix
   rows: 3
   cols: 1
   dt: f
   data: [ -1.25016972e-01, -2.89633498e-02, -1.57055557e+00 ]
RMatrix: !!opencv-matrix
   rows: 3
   cols: 3
   dt: f
   data: [ 6.73118293e-01, -7.39404023e-01, -1.39154941e-02,
       1.55576142e-02, -4.65448573e-03, 9.99868214e-01, -7.39371300e-01,
       -6.73246026e-01, 8.37034266e-03 ]
fx: 5.4068603515625000e+02
fy: 5.4068603515625000e+02
cx: 4.7975000000000000e+02
cy: 2.6975000000000000e+02
