%YAML:1.0
TVector: !!opencv-matrix
   rows: 3
   cols: 1
   dt: f
   data: [ -6.38232380e-02, -5.32192700e-02, -1.14847742e-01 ]
RMatrix: !!opencv-matrix
   rows: 3
   cols: 3
   dt: f
   data: [ 7.17509210e-01, -6.96403801e-01, -1.42159425e-02,
       9.89196450e-02, 8.16728026e-02, 9.91738081e-01, 6.89489186e-01,
       7.12987363e-01, -1.27489015e-01 ]
fx: 5.4068603515625000e+02
fy: 5.4068603515625000e+02
cx: 4.7975000000000000e+02
cy: 2.6975000000000000e+02
