%YAML:1.0
TVector: !!opencv-matrix
   rows: 3
   cols: 1
   dt: f
   data: [ -1.27533957e-01, -2.89202966e-02, -1.56982672e+00 ]
RMatrix: !!opencv-matrix
   rows: 3
   cols: 3
   dt: f
   data: [ 6.79510951e-01, -7.33598411e-01, -9.91062261e-03,
       1.00162597e-02, -4.23103385e-03, 9.99940813e-01, -7.33596981e-01,
       -6.79570019e-01, 4.47287783e-03 ]
fx: 5.4068603515625000e+02
fy: 5.4068603515625000e+02
cx: 4.7975000000000000e+02
cy: 2.6975000000000000e+02
