%YAML:1.0
TVector: !!opencv-matrix
   rows: 3
   cols: 1
   dt: f
   data: [ -1.27088144e-01, -3.23781744e-02, -1.56842494e+00 ]
RMatrix: !!opencv-matrix
   rows: 3
   cols: 3
   dt: f
   data: [ 6.80347741e-01, -7.32812107e-01, -1.06431358e-02,
       9.83475149e-03, -5.39212534e-03, 9.99937057e-01, -7.32823551e-01,
       -6.80409551e-01, 3.53850494e-03 ]
fx: 5.4068603515625000e+02
fy: 5.4068603515625000e+02
cx: 4.7975000000000000e+02
cy: 2.6975000000000000e+02
