%YAML:1.0
TVector: !!opencv-matrix
   rows: 3
   cols: 1
   dt: f
   data: [ -5.36582470e-02, -5.09574376e-02, -1.08310699e-01 ]
RMatrix: !!opencv-matrix
   rows: 3
   cols: 3
   dt: f
   data: [ 7.17237711e-01, -6.96707904e-01, -1.29657015e-02,
       9.67270061e-02, 8.11161697e-02, 9.91999984e-01, 6.90082490e-01,
       7.12754011e-01, -1.25570044e-01 ]
fx: 5.4068603515625000e+02
fy: 5.4068603515625000e+02
cx: 4.7975000000000000e+02
cy: 2.6975000000000000e+02
