%YAML:1.0
TVector: !!opencv-matrix
   rows: 3
   cols: 1
   dt: f
   data: [ -1.26462311e-01, -3.28348204e-02, -1.56840527e+00 ]
RMatrix: !!opencv-matrix
   rows: 3
   cols: 3
   dt: f
   data: [ 6.84135795e-01, -7.29332626e-01, -5.65972505e-03,
       2.83208489e-03, -5.10342792e-03, 9.99983072e-01, -7.29349077e-01,
       -6.84140325e-01, -1.42590632e-03 ]
fx: 5.4068603515625000e+02
fy: 5.4068603515625000e+02
cx: 4.7975000000000000e+02
cy: 2.6975000000000000e+02
