%YAML:1.0
TVector: !!opencv-matrix
   rows: 3
   cols: 1
   dt: f
   data: [ -1.29196912e-01, -3.50960754e-02, -1.56997347e+00 ]
RMatrix: !!opencv-matrix
   rows: 3
   cols: 3
   dt: f
   data: [ 6.85465336e-01, -7.28098273e-01, -3.16258520e-03,
       -7.36086397e-04, -5.03655383e-03, 9.99987006e-01, -7.28104830e-01,
       -6.85454130e-01, -3.98832746e-03 ]
fx: 5.4068603515625000e+02
fy: 5.4068603515625000e+02
cx: 4.7975000000000000e+02
cy: 2.6975000000000000e+02
