%YAML:1.0
TVector: !!opencv-matrix
   rows: 3
   cols: 1
   dt: f
   data: [ -1.27308011e-01, -3.96744758e-02, -1.57064402e+00 ]
RMatrix: !!opencv-matrix
   rows: 3
   cols: 3
   dt: f
   data: [ 6.82178915e-01, -7.31185257e-01, -6.25120942e-04,
       -4.48534684e-03, -5.03964722e-03, 9.99977350e-01, -7.31171668e-01,
       -6.82160556e-01, -6.71755895e-03 ]
fx: 5.4068603515625000e+02
fy: 5.4068603515625000e+02
cx: 4.7975000000000000e+02
cy: 2.6975000000000000e+02
