%YAML:1.0
TVector: !!opencv-matrix
   rows: 3
   cols: 1
   dt: f
   data: [ -7.64182433e-02, -5.61369993e-02, -1.14141338e-01 ]
RMatrix: !!opencv-matrix
   rows: 3
   cols: 3
   dt: f
   data: [ 7.27066278e-01, -6.86536908e-01, -6.44366583e-03,
       8.14302489e-02, 7.69107267e-02, 9.93707061e-01, 6.81721151e-01,
       7.23015606e-01, -1.11824065e-01 ]
fx: 5.4068603515625000e+02
fy: 5.4068603515625000e+02
cx: 4.7975000000000000e+02
cy: 2.6975000000000000e+02
