%YAML:1.0
TVector: !!opencv-matrix
   rows: 3
   cols: 1
   dt: f
   data: [ -1.28530279e-01, -4.06799950e-02, -1.57276511e+00 ]
RMatrix: !!opencv-matrix
   rows: 3
   cols: 3
   dt: f
   data: [ 6.80678606e-01, -7.32579231e-01, -2.11464986e-03,
       -7.83335324e-03, -1.01647312e-02, 9.99917746e-01, -7.32540488e-01,
       -6.80605888e-01, -1.26574654e-02 ]
fx: 5.4068603515625000e+02
fy: 5.4068603515625000e+02
cx: 4.7975000000000000e+02
cy: 2.6975000000000000e+02
