%YAML:1.0
TVector: !!opencv-matrix
   rows: 3
   cols: 1
   dt: f
   data: [ -6.10816851e-02, -4.89615463e-02, -1.07962780e-01 ]
RMatrix: !!opencv-matrix
   rows: 3
   cols: 3
   dt: f
   data: [ 7.25967586e-01, -6.87728703e-01, -2.31098296e-04,
       7.39367679e-02, 7.77137056e-02, 9.94230390e-01, 6.83742702e-01,
       7.21796036e-01, -1.07266091e-01 ]
fx: 5.4068603515625000e+02
fy: 5.4068603515625000e+02
cx: 4.7975000000000000e+02
cy: 2.6975000000000000e+02
