%YAML:1.0
TVector: !!opencv-matrix
   rows: 3
   cols: 1
   dt: f
   data: [ -1.27936333e-01, -4.39149141e-02, -1.57712626e+00 ]
RMatrix: !!opencv-matrix
   rows: 3
   cols: 3
   dt: f
   data: [ 6.72698915e-01, -7.39912987e-01, 2.31718691e-03,
       -1.83080360e-02, -1.35140400e-02, 9.99741137e-01, -7.39690065e-01,
       -6.72567129e-01, -2.26372331e-02 ]
fx: 5.4068603515625000e+02
fy: 5.4068603515625000e+02
cx: 4.7975000000000000e+02
cy: 2.6975000000000000e+02
