%YAML:1.0
TVector: !!opencv-matrix
   rows: 3
   cols: 1
   dt: f
   data: [ -1.30331531e-01, -4.53530215e-02, -1.58029974e+00 ]
RMatrix: !!opencv-matrix
   rows: 3
   cols: 3
   dt: f
   data: [ 6.71550810e-01, -7.40936399e-01, 5.71541581e-03,
       -2.13946570e-02, -1.16796587e-02, 9.99702930e-01, -7.40649581e-01,
       -6.71473622e-01, -2.36955639e-02 ]
fx: 5.4068603515625000e+02
fy: 5.4068603515625000e+02
cx: 4.7975000000000000e+02
cy: 2.6975000000000000e+02
