%YAML:1.0
TVector: !!opencv-matrix
   rows: 3
   cols: 1
   dt: f
   data: [ -6.86336681e-02, -4.57515977e-02, -1.07092462e-01 ]
RMatrix: !!opencv-matrix
   rows: 3
   cols: 3
   dt: f
   data: [ 7.29669631e-01, -6.83765531e-01, 6.88331528e-03,
       6.26248270e-02, 7.68463016e-02, 9.95074451e-01, 6.80926383e-01,
       7.25644410e-01, -9.88930911e-02 ]
fx: 5.4068603515625000e+02
fy: 5.4068603515625000e+02
cx: 4.7975000000000000e+02
cy: 2.6975000000000000e+02
