%YAML:1.0
TVector: !!opencv-matrix
   rows: 3
   cols: 1
   dt: f
   data: [ 1.24267656e-02, -1.85840912e-02, -1.70464560e-01 ]
RMatrix: !!opencv-matrix
   rows: 3
   cols: 3
   dt: f
   data: [ 5.83939701e-02, -9.97106075e-01, -4.86767627e-02,
       -1.07078208e-03, -4.88225035e-02, 9.98806834e-01, -9.98292923e-01,
       -5.82721867e-02, -3.91862355e-03 ]
fx: 5.4068603515625000e+02
fy: 5.4068603515625000e+02
cx: 4.7975000000000000e+02
cy: 2.6975000000000000e+02
