%YAML:1.0
TVector: !!opencv-matrix
   rows: 3
   cols: 1
   dt: f
   data: [ -1.29565224e-01, -4.75435555e-02, -1.58131921e+00 ]
RMatrix: !!opencv-matrix
   rows: 3
   cols: 3
   dt: f
   data: [ 6.69036090e-01, -7.43151605e-01, 1.07909124e-02,
       -2.51829810e-02, -8.15606117e-03, 9.99649644e-01, -7.42803097e-01,
       -6.69073522e-01, -2.41714735e-02 ]
fx: 5.4068603515625000e+02
fy: 5.4068603515625000e+02
cx: 4.7975000000000000e+02
cy: 2.6975000000000000e+02
