%YAML:1.0
TVector: !!opencv-matrix
   rows: 3
   cols: 1
   dt: f
   data: [ -7.29291439e-02, -4.95559312e-02, -1.06978469e-01 ]
RMatrix: !!opencv-matrix
   rows: 3
   cols: 3
   dt: f
   data: [ 7.31131315e-01, -6.82176173e-01, 9.07274429e-03,
       5.87664805e-02, 7.62217417e-02, 9.95357394e-01, 6.79700851e-01,
       7.27204025e-01, -9.58171859e-02 ]
fx: 5.4068603515625000e+02
fy: 5.4068603515625000e+02
cx: 4.7975000000000000e+02
cy: 2.6975000000000000e+02
