%YAML:1.0
TVector: !!opencv-matrix
   rows: 3
   cols: 1
   dt: f
   data: [ -1.28883213e-01, -4.65094149e-02, -1.58339930e+00 ]
RMatrix: !!opencv-matrix
   rows: 3
   cols: 3
   dt: f
   data: [ 6.67575836e-01, -7.44356811e-01, 1.65986922e-02,
       -3.13062556e-02, -5.78891952e-03, 9.99493062e-01, -7.43883431e-01,
       -6.67756855e-01, -2.71675643e-02 ]
fx: 5.4068603515625000e+02
fy: 5.4068603515625000e+02
cx: 4.7975000000000000e+02
cy: 2.6975000000000000e+02
