%YAML:1.0
TVector: !!opencv-matrix
   rows: 3
   cols: 1
   dt: f
   data: [ -8.46707523e-02, -5.96094318e-02, -1.13407485e-01 ]
RMatrix: !!opencv-matrix
   rows: 3
   cols: 3
   dt: f
   data: [ 7.34339058e-01, -6.78674936e-01, 1.21073481e-02,
       5.40740229e-02, 7.62706548e-02, 9.95619774e-01, 6.76625669e-01,
       7.30467796e-01, -9.27072093e-02 ]
fx: 5.4068603515625000e+02
fy: 5.4068603515625000e+02
cx: 4.7975000000000000e+02
cy: 2.6975000000000000e+02
