%YAML:1.0
TVector: !!opencv-matrix
   rows: 3
   cols: 1
   dt: f
   data: [ -1.31062433e-01, -4.98202778e-02, -1.58547926e+00 ]
RMatrix: !!opencv-matrix
   rows: 3
   cols: 3
   dt: f
   data: [ 6.67293847e-01, -7.44580090e-01, 1.78728178e-02,
       -3.33611891e-02, -5.90824289e-03, 9.99425888e-01, -7.44046986e-01,
       -6.67506933e-01, -2.87826154e-02 ]
fx: 5.4068603515625000e+02
fy: 5.4068603515625000e+02
cx: 4.7975000000000000e+02
cy: 2.6975000000000000e+02
