%YAML:1.0
TVector: !!opencv-matrix
   rows: 3
   cols: 1
   dt: f
   data: [ -7.36944675e-02, -5.85107766e-02, -1.04855217e-01 ]
RMatrix: !!opencv-matrix
   rows: 3
   cols: 3
   dt: f
   data: [ 7.37247884e-01, -6.75356209e-01, 1.89518631e-02,
       4.34001200e-02, 7.53332078e-02, 9.96213317e-01, 6.74226582e-01,
       7.33633697e-01, -8.48497823e-02 ]
fx: 5.4068603515625000e+02
fy: 5.4068603515625000e+02
cx: 4.7975000000000000e+02
cy: 2.6975000000000000e+02
