%YAML:1.0
TVector: !!opencv-matrix
   rows: 3
   cols: 1
   dt: f
   data: [ -1.29759505e-01, -5.20643666e-02, -1.58818114e+00 ]
RMatrix: !!opencv-matrix
   rows: 3
   cols: 3
   dt: f
   data: [ 6.65367007e-01, -7.46225774e-01, 2.08265092e-02,
       -3.73997167e-02, -5.45801548e-03, 9.99285400e-01, -7.45578885e-01,
       -6.65670574e-01, -3.15402187e-02 ]
fx: 5.4068603515625000e+02
fy: 5.4068603515625000e+02
cx: 4.7975000000000000e+02
cy: 2.6975000000000000e+02
