%YAML:1.0
TVector: !!opencv-matrix
   rows: 3
   cols: 1
   dt: f
   data: [ -1.30532086e-01, -5.43630682e-02, -1.59544384e+00 ]
RMatrix: !!opencv-matrix
   rows: 3
   cols: 3
   dt: f
   data: [ 6.54474676e-01, -7.55579531e-01, 2.76074447e-02,
       -4.74203564e-02, -4.57838364e-03, 9.98864651e-01, -7.54595160e-01,
       -6.55040801e-01, -3.88262905e-02 ]
fx: 5.4068603515625000e+02
fy: 5.4068603515625000e+02
cx: 4.7975000000000000e+02
cy: 2.6975000000000000e+02
