%YAML:1.0
TVector: !!opencv-matrix
   rows: 3
   cols: 1
   dt: f
   data: [ -1.31840289e-01, -5.60209714e-02, -1.59786761e+00 ]
RMatrix: !!opencv-matrix
   rows: 3
   cols: 3
   dt: f
   data: [ 6.50318801e-01, -7.59114146e-01, 2.88272016e-02,
       -5.15678450e-02, -6.25368487e-03, 9.98649955e-01, -7.57908940e-01,
       -6.50927365e-01, -4.32127714e-02 ]
fx: 5.4068603515625000e+02
fy: 5.4068603515625000e+02
cx: 4.7975000000000000e+02
cy: 2.6975000000000000e+02
