%YAML:1.0
TVector: !!opencv-matrix
   rows: 3
   cols: 1
   dt: f
   data: [ -1.29770666e-01, -5.71479760e-02, -1.60080492e+00 ]
RMatrix: !!opencv-matrix
   rows: 3
   cols: 3
   dt: f
   data: [ 6.45901203e-01, -7.62841523e-01, 2.97386050e-02,
       -5.53548969e-02, -7.94624165e-03, 9.98435080e-01, -7.61411428e-01,
       -6.46536529e-01, -4.73594964e-02 ]
fx: 5.4068603515625000e+02
fy: 5.4068603515625000e+02
cx: 4.7975000000000000e+02
cy: 2.6975000000000000e+02
