%YAML:1.0
TVector: !!opencv-matrix
   rows: 3
   cols: 1
   dt: f
   data: [ -1.28819034e-01, -5.93614802e-02, -1.60526693e+00 ]
RMatrix: !!opencv-matrix
   rows: 3
   cols: 3
   dt: f
   data: [ 6.40379608e-01, -7.67419577e-01, 3.13229449e-02,
       -6.10462874e-02, -1.02028949e-02, 9.98082817e-01, -7.65628695e-01,
       -6.41063988e-01, -5.33818454e-02 ]
fx: 5.4068603515625000e+02
fy: 5.4068603515625000e+02
cx: 4.7975000000000000e+02
cy: 2.6975000000000000e+02
