%YAML:1.0
TVector: !!opencv-matrix
   rows: 3
   cols: 1
   dt: f
   data: [ -1.26570612e-01, -5.96873090e-02, -1.61078548e+00 ]
RMatrix: !!opencv-matrix
   rows: 3
   cols: 3
   dt: f
   data: [ 6.34574234e-01, -7.71959603e-01, 3.73375341e-02,
       -6.88312054e-02, -8.33051838e-03, 9.97593582e-01, -7.69790947e-01,
       -6.35617137e-01, -5.84212393e-02 ]
fx: 5.4068603515625000e+02
fy: 5.4068603515625000e+02
cx: 4.7975000000000000e+02
cy: 2.6975000000000000e+02
