%YAML:1.0
TVector: !!opencv-matrix
   rows: 3
   cols: 1
   dt: f
   data: [ -1.25859484e-01, -6.19251430e-02, -1.61324906e+00 ]
RMatrix: !!opencv-matrix
   rows: 3
   cols: 3
   dt: f
   data: [ 6.31061971e-01, -7.74863183e-01, 3.67159136e-02,
       -6.98662698e-02, -9.63456463e-03, 9.97509956e-01, -7.72579849e-01,
       -6.32055819e-01, -6.02168031e-02 ]
fx: 5.4068603515625000e+02
fy: 5.4068603515625000e+02
cx: 4.7975000000000000e+02
cy: 2.6975000000000000e+02
