%YAML:1.0
TVector: !!opencv-matrix
   rows: 3
   cols: 1
   dt: f
   data: [ 7.08515011e-03, -1.80506706e-02, -1.78564414e-01 ]
RMatrix: !!opencv-matrix
   rows: 3
   cols: 3
   dt: f
   data: [ 6.44550323e-02, -9.96779859e-01, -4.77030762e-02,
       4.58798022e-04, -4.77728657e-02, 9.98858213e-01, -9.97920632e-01,
       -6.44033104e-02, -2.62188143e-03 ]
fx: 5.4068603515625000e+02
fy: 5.4068603515625000e+02
cx: 4.7975000000000000e+02
cy: 2.6975000000000000e+02
