%YAML:1.0
TVector: !!opencv-matrix
   rows: 3
   cols: 1
   dt: f
   data: [ -1.20370962e-01, -6.37297630e-02, -1.61954689e+00 ]
RMatrix: !!opencv-matrix
   rows: 3
   cols: 3
   dt: f
   data: [ 6.19379580e-01, -7.84084678e-01, 3.97503600e-02,
       -7.71688446e-02, -1.04161631e-02, 9.96963620e-01, -7.81289697e-01,
       -6.20566547e-01, -6.69584721e-02 ]
fx: 5.4068603515625000e+02
fy: 5.4068603515625000e+02
cx: 4.7975000000000000e+02
cy: 2.6975000000000000e+02
