%YAML:1.0
TVector: !!opencv-matrix
   rows: 3
   cols: 1
   dt: f
   data: [ -8.17969143e-02, -5.16824797e-02, -1.07256621e-01 ]
RMatrix: !!opencv-matrix
   rows: 3
   cols: 3
   dt: f
   data: [ 7.59258330e-01, -6.50105655e-01, 2.98270565e-02,
       6.77031372e-03, 5.37200645e-02, 9.98533130e-01, 6.50754333e-01,
       7.57942677e-01, -4.51888219e-02 ]
fx: 5.4068603515625000e+02
fy: 5.4068603515625000e+02
cx: 4.7975000000000000e+02
cy: 2.6975000000000000e+02
