%YAML:1.0
TVector: !!opencv-matrix
   rows: 3
   cols: 1
   dt: f
   data: [ -1.19117878e-01, -6.52657077e-02, -1.62204659e+00 ]
RMatrix: !!opencv-matrix
   rows: 3
   cols: 3
   dt: f
   data: [ 6.16190493e-01, -7.86511302e-01, 4.13426049e-02,
       -7.94710368e-02, -9.86569747e-03, 9.96788323e-01, -7.83577383e-01,
       -6.17497087e-01, -6.85840249e-02 ]
fx: 5.4068603515625000e+02
fy: 5.4068603515625000e+02
cx: 4.7975000000000000e+02
cy: 2.6975000000000000e+02
