%YAML:1.0
TVector: !!opencv-matrix
   rows: 3
   cols: 1
   dt: f
   data: [ -1.17846467e-01, -6.74389526e-02, -1.62365639e+00 ]
RMatrix: !!opencv-matrix
   rows: 3
   cols: 3
   dt: f
   data: [ 6.13377750e-01, -7.88737118e-01, 4.07651998e-02,
       -8.13700110e-02, -1.17699094e-02, 9.96614575e-01, -7.85587013e-01,
       -6.14618182e-01, -7.13989362e-02 ]
fx: 5.4068603515625000e+02
fy: 5.4068603515625000e+02
cx: 4.7975000000000000e+02
cy: 2.6975000000000000e+02
