%YAML:1.0
TVector: !!opencv-matrix
   rows: 3
   cols: 1
   dt: f
   data: [ -1.08648382e-01, -6.79516122e-02, -1.08679332e-01 ]
RMatrix: !!opencv-matrix
   rows: 3
   cols: 3
   dt: f
   data: [ 7.66867459e-01, -6.41203761e-01, 2.77798083e-02,
       8.31987709e-03, 5.32119870e-02, 9.98548388e-01, 6.41751349e-01,
       7.65523076e-01, -4.61412929e-02 ]
fx: 5.4068603515625000e+02
fy: 5.4068603515625000e+02
cx: 4.7975000000000000e+02
cy: 2.6975000000000000e+02
