%YAML:1.0
TVector: !!opencv-matrix
   rows: 3
   cols: 1
   dt: f
   data: [ -8.80143568e-02, -5.44687547e-02, -1.03345022e-01 ]
RMatrix: !!opencv-matrix
   rows: 3
   cols: 3
   dt: f
   data: [ 7.66952217e-01, -6.40922427e-01, 3.16666774e-02,
       1.83925568e-03, 5.15431464e-02, 9.98669028e-01, 6.41701519e-01,
       7.65873194e-01, -4.07099463e-02 ]
fx: 5.4068603515625000e+02
fy: 5.4068603515625000e+02
cx: 4.7975000000000000e+02
cy: 2.6975000000000000e+02
