%YAML:1.0
TVector: !!opencv-matrix
   rows: 3
   cols: 1
   dt: f
   data: [ -1.14812993e-01, -6.75307065e-02, -1.62768185e+00 ]
RMatrix: !!opencv-matrix
   rows: 3
   cols: 3
   dt: f
   data: [ 6.10314906e-01, -7.90840924e-01, 4.56740707e-02,
       -8.89713392e-02, -1.11406026e-02, 9.95972037e-01, -7.87146509e-01,
       -6.11920059e-01, -7.71614611e-02 ]
fx: 5.4068603515625000e+02
fy: 5.4068603515625000e+02
cx: 4.7975000000000000e+02
cy: 2.6975000000000000e+02
