%YAML:1.0
TVector: !!opencv-matrix
   rows: 3
   cols: 1
   dt: f
   data: [ -1.10446453e-01, -7.13366196e-02, -1.63187730e+00 ]
RMatrix: !!opencv-matrix
   rows: 3
   cols: 3
   dt: f
   data: [ 6.07662559e-01, -7.92799532e-01, 4.70660217e-02,
       -9.46209207e-02, -1.34296305e-02, 9.95422840e-01, -7.88538635e-01,
       -6.09334648e-01, -8.31760913e-02 ]
fx: 5.4068603515625000e+02
fy: 5.4068603515625000e+02
cx: 4.7975000000000000e+02
cy: 2.6975000000000000e+02
