%YAML:1.0
TVector: !!opencv-matrix
   rows: 3
   cols: 1
   dt: f
   data: [ -1.09152906e-01, -7.34088495e-02, -1.63376522e+00 ]
RMatrix: !!opencv-matrix
   rows: 3
   cols: 3
   dt: f
   data: [ 6.07406676e-01, -7.93001592e-01, 4.69662435e-02,
       -9.58539471e-02, -1.44732101e-02, 9.95290279e-01, -7.88586974e-01,
       -6.09047651e-01, -8.48034322e-02 ]
fx: 5.4068603515625000e+02
fy: 5.4068603515625000e+02
cx: 4.7975000000000000e+02
cy: 2.6975000000000000e+02
