%YAML:1.0
TVector: !!opencv-matrix
   rows: 3
   cols: 1
   dt: f
   data: [ -1.04465403e-01, -7.29428902e-02, -1.63445497e+00 ]
RMatrix: !!opencv-matrix
   rows: 3
   cols: 3
   dt: f
   data: [ 6.05413079e-01, -7.94439495e-01, 4.83835042e-02,
       -9.90264192e-02, -1.48678077e-02, 9.94973719e-01, -7.89727032e-01,
       -6.07161403e-01, -8.76716599e-02 ]
fx: 5.4068603515625000e+02
fy: 5.4068603515625000e+02
cx: 4.7975000000000000e+02
cy: 2.6975000000000000e+02
