%YAML:1.0
TVector: !!opencv-matrix
   rows: 3
   cols: 1
   dt: f
   data: [ -1.11813605e-01, -6.54642358e-02, -1.11912221e-01 ]
RMatrix: !!opencv-matrix
   rows: 3
   cols: 3
   dt: f
   data: [ 7.77895629e-01, -6.27404034e-01, 3.52519192e-02,
       -1.80796161e-03, 5.38636707e-02, 9.98546660e-01, 6.28391027e-01,
       7.76828825e-01, -4.07659933e-02 ]
fx: 5.4068603515625000e+02
fy: 5.4068603515625000e+02
cx: 4.7975000000000000e+02
cy: 2.6975000000000000e+02
