%YAML:1.0
TVector: !!opencv-matrix
   rows: 3
   cols: 1
   dt: f
   data: [ -1.04027934e-01, -7.50802010e-02, -1.63527441e+00 ]
RMatrix: !!opencv-matrix
   rows: 3
   cols: 3
   dt: f
   data: [ 6.06465876e-01, -7.93690979e-01, 4.74775620e-02,
       -9.91961583e-02, -1.62809193e-02, 9.94934797e-01, -7.88897693e-01,
       -6.08103633e-01, -8.86049047e-02 ]
fx: 5.4068603515625000e+02
fy: 5.4068603515625000e+02
cx: 4.7975000000000000e+02
cy: 2.6975000000000000e+02
