%YAML:1.0
TVector: !!opencv-matrix
   rows: 3
   cols: 1
   dt: f
   data: [ -9.91880223e-02, -8.08087736e-02, -1.63813603e+00 ]
RMatrix: !!opencv-matrix
   rows: 3
   cols: 3
   dt: f
   data: [ 6.06497645e-01, -7.93668389e-01, 4.74459156e-02,
       -1.03808478e-01, -1.98816638e-02, 9.94398654e-01, -7.88279474e-01,
       -6.08025849e-01, -9.44476798e-02 ]
fx: 5.4068603515625000e+02
fy: 5.4068603515625000e+02
cx: 4.7975000000000000e+02
cy: 2.6975000000000000e+02
