%YAML:1.0
TVector: !!opencv-matrix
   rows: 3
   cols: 1
   dt: f
   data: [ -9.70076919e-02, -7.92997703e-02, -1.63921821e+00 ]
RMatrix: !!opencv-matrix
   rows: 3
   cols: 3
   dt: f
   data: [ 6.04703605e-01, -7.94831812e-01, 5.07528298e-02,
       -1.07790999e-01, -1.85363032e-02, 9.94000852e-01, -7.89122760e-01,
       -6.06546521e-01, -9.68846828e-02 ]
fx: 5.4068603515625000e+02
fy: 5.4068603515625000e+02
cx: 4.7975000000000000e+02
cy: 2.6975000000000000e+02
