%YAML:1.0
TVector: !!opencv-matrix
   rows: 3
   cols: 1
   dt: f
   data: [ 3.96918412e-03, -1.59571692e-02, -1.91698700e-01 ]
RMatrix: !!opencv-matrix
   rows: 3
   cols: 3
   dt: f
   data: [ 7.17160031e-02, -9.96284306e-01, -4.76924032e-02,
       4.22307290e-03, -4.75118086e-02, 9.98861730e-01, -9.97416198e-01,
       -7.18357861e-02, 8.00025417e-04 ]
fx: 5.4068603515625000e+02
fy: 5.4068603515625000e+02
cx: 4.7975000000000000e+02
cy: 2.6975000000000000e+02
