%YAML:1.0
TVector: !!opencv-matrix
   rows: 3
   cols: 1
   dt: f
   data: [ -9.28698257e-02, -8.20501894e-02, -1.64312172e+00 ]
RMatrix: !!opencv-matrix
   rows: 3
   cols: 3
   dt: f
   data: [ 5.98777890e-01, -7.99399197e-01, 4.92514148e-02,
       -1.08469799e-01, -2.00130418e-02, 9.93898213e-01, -7.93535888e-01,
       -6.00466609e-01, -9.86940414e-02 ]
fx: 5.4068603515625000e+02
fy: 5.4068603515625000e+02
cx: 4.7975000000000000e+02
cy: 2.6975000000000000e+02
