%YAML:1.0
TVector: !!opencv-matrix
   rows: 3
   cols: 1
   dt: f
   data: [ -8.88347924e-02, -5.66239841e-02, -1.03027478e-01 ]
RMatrix: !!opencv-matrix
   rows: 3
   cols: 3
   dt: f
   data: [ 7.94116318e-01, -6.06431544e-01, 4.02454101e-02,
       -1.79039910e-02, 4.28475998e-02, 9.98921156e-01, 6.07501745e-01,
       7.93980300e-01, -2.31684390e-02 ]
fx: 5.4068603515625000e+02
fy: 5.4068603515625000e+02
cx: 4.7975000000000000e+02
cy: 2.6975000000000000e+02
