%YAML:1.0
TVector: !!opencv-matrix
   rows: 3
   cols: 1
   dt: f
   data: [ -9.09538418e-02, -8.06721672e-02, -1.64510953e+00 ]
RMatrix: !!opencv-matrix
   rows: 3
   cols: 3
   dt: f
   data: [ 5.94709933e-01, -8.02368283e-01, 5.02516367e-02,
       -1.12018310e-01, -2.08059102e-02, 9.93488312e-01, -7.96097934e-01,
       -5.96466541e-01, -1.02253422e-01 ]
fx: 5.4068603515625000e+02
fy: 5.4068603515625000e+02
cx: 4.7975000000000000e+02
cy: 2.6975000000000000e+02
