%YAML:1.0
TVector: !!opencv-matrix
   rows: 3
   cols: 1
   dt: f
   data: [ -8.51515457e-02, -5.50839342e-02, -1.04354225e-01 ]
RMatrix: !!opencv-matrix
   rows: 3
   cols: 3
   dt: f
   data: [ 7.96901882e-01, -6.02584422e-01, 4.28867713e-02,
       -2.13661287e-02, 4.28336635e-02, 9.98853803e-01, 6.03730679e-01,
       7.96904683e-01, -2.12593228e-02 ]
fx: 5.4068603515625000e+02
fy: 5.4068603515625000e+02
cx: 4.7975000000000000e+02
cy: 2.6975000000000000e+02
