%YAML:1.0
TVector: !!opencv-matrix
   rows: 3
   cols: 1
   dt: f
   data: [ -9.00450349e-02, -8.10322762e-02, -1.64907372e+00 ]
RMatrix: !!opencv-matrix
   rows: 3
   cols: 3
   dt: f
   data: [ 5.89672506e-01, -8.06261837e-01, 4.72067930e-02,
       -1.12169623e-01, -2.38731559e-02, 9.93402362e-01, -7.99815297e-01,
       -5.91077209e-01, -1.04515418e-01 ]
fx: 5.4068603515625000e+02
fy: 5.4068603515625000e+02
cx: 4.7975000000000000e+02
cy: 2.6975000000000000e+02
