%YAML:1.0
TVector: !!opencv-matrix
   rows: 3
   cols: 1
   dt: f
   data: [ -1.15402929e-01, -6.64577708e-02, -1.08347371e-01 ]
RMatrix: !!opencv-matrix
   rows: 3
   cols: 3
   dt: f
   data: [ 8.04179609e-01, -5.92935205e-01, 4.15094197e-02,
       -1.90777518e-02, 4.40514013e-02, 9.98847127e-01, 5.94080150e-01,
       8.04044485e-01, -2.41133682e-02 ]
fx: 5.4068603515625000e+02
fy: 5.4068603515625000e+02
cx: 4.7975000000000000e+02
cy: 2.6975000000000000e+02
