%YAML:1.0
TVector: !!opencv-matrix
   rows: 3
   cols: 1
   dt: f
   data: [ -8.81034136e-02, -8.22870284e-02, -1.65733993e+00 ]
RMatrix: !!opencv-matrix
   rows: 3
   cols: 3
   dt: f
   data: [ 5.80273628e-01, -8.12959611e-01, 4.87760566e-02,
       -1.14183635e-01, -2.19106749e-02, 9.93217945e-01, -8.06377292e-01,
       -5.81907630e-01, -1.05540879e-01 ]
fx: 5.4068603515625000e+02
fy: 5.4068603515625000e+02
cx: 4.7975000000000000e+02
cy: 2.6975000000000000e+02
