%YAML:1.0
TVector: !!opencv-matrix
   rows: 3
   cols: 1
   dt: f
   data: [ -9.95798856e-02, -5.13352789e-02, -1.09003179e-01 ]
RMatrix: !!opencv-matrix
   rows: 3
   cols: 3
   dt: f
   data: [ 8.05496216e-01, -5.90952098e-01, 4.41720635e-02,
       -2.26994846e-02, 4.37160619e-02, 9.98786092e-01, 5.92165768e-01,
       8.05521071e-01, -2.17988212e-02 ]
fx: 5.4068603515625000e+02
fy: 5.4068603515625000e+02
cx: 4.7975000000000000e+02
cy: 2.6975000000000000e+02
