%YAML:1.0
TVector: !!opencv-matrix
   rows: 3
   cols: 1
   dt: f
   data: [ -8.76023099e-02, -7.97076896e-02, -1.66208291e+00 ]
RMatrix: !!opencv-matrix
   rows: 3
   cols: 3
   dt: f
   data: [ 5.73383868e-01, -8.17598641e-01, 5.25702164e-02,
       -1.17386565e-01, -1.84807535e-02, 9.92914319e-01, -8.10833752e-01,
       -5.75492024e-01, -1.06571652e-01 ]
fx: 5.4068603515625000e+02
fy: 5.4068603515625000e+02
cx: 4.7975000000000000e+02
cy: 2.6975000000000000e+02
