%YAML:1.0
TVector: !!opencv-matrix
   rows: 3
   cols: 1
   dt: f
   data: [ -8.39535519e-02, -7.94704035e-02, -1.66726661e+00 ]
RMatrix: !!opencv-matrix
   rows: 3
   cols: 3
   dt: f
   data: [ 5.64757705e-01, -8.23668122e-01, 5.11842109e-02,
       -1.11351281e-01, -1.46006262e-02, 9.93673921e-01, -8.17710102e-01,
       -5.66884339e-01, -9.99623090e-02 ]
fx: 5.4068603515625000e+02
fy: 5.4068603515625000e+02
cx: 4.7975000000000000e+02
cy: 2.6975000000000000e+02
