%YAML:1.0
TVector: !!opencv-matrix
   rows: 3
   cols: 1
   dt: f
   data: [ -8.24336484e-02, -5.35546653e-02, -1.10861488e-01 ]
RMatrix: !!opencv-matrix
   rows: 3
   cols: 3
   dt: f
   data: [ 8.06854606e-01, -5.89026451e-01, 4.50986028e-02,
       -2.28543337e-02, 4.51604128e-02, 9.98718321e-01, 5.90308070e-01,
       8.06851089e-01, -2.29760781e-02 ]
fx: 5.4068603515625000e+02
fy: 5.4068603515625000e+02
cx: 4.7975000000000000e+02
cy: 2.6975000000000000e+02
