%YAML:1.0
TVector: !!opencv-matrix
   rows: 3
   cols: 1
   dt: f
   data: [ -8.50229189e-02, -7.92556256e-02, -1.66919148e+00 ]
RMatrix: !!opencv-matrix
   rows: 3
   cols: 3
   dt: f
   data: [ 5.61551213e-01, -8.25952470e-01, 4.96295318e-02,
       -1.09512076e-01, -1.47357360e-02, 9.93876398e-01, -8.20163310e-01,
       -5.63547432e-01, -9.87266153e-02 ]
fx: 5.4068603515625000e+02
fy: 5.4068603515625000e+02
cx: 4.7975000000000000e+02
cy: 2.6975000000000000e+02
