%YAML:1.0
TVector: !!opencv-matrix
   rows: 3
   cols: 1
   dt: f
   data: [ -8.23460594e-02, -7.89471045e-02, -1.67446899e+00 ]
RMatrix: !!opencv-matrix
   rows: 3
   cols: 3
   dt: f
   data: [ 5.52846789e-01, -8.31818223e-01, 4.93850634e-02,
       -1.09261714e-01, -1.36089697e-02, 9.93919909e-01, -8.26088607e-01,
       -5.54881155e-01, -9.84095782e-02 ]
fx: 5.4068603515625000e+02
fy: 5.4068603515625000e+02
cx: 4.7975000000000000e+02
cy: 2.6975000000000000e+02
