%YAML:1.0
TVector: !!opencv-matrix
   rows: 3
   cols: 1
   dt: f
   data: [ -8.56817737e-02, -5.52726276e-02, -1.07804470e-01 ]
RMatrix: !!opencv-matrix
   rows: 3
   cols: 3
   dt: f
   data: [ 8.15350413e-01, -5.76907814e-01, 4.87971231e-02,
       -2.19021924e-02, 5.34878969e-02, 9.98328328e-01, 5.78553617e-01,
       8.15056145e-01, -3.09758298e-02 ]
fx: 5.4068603515625000e+02
fy: 5.4068603515625000e+02
cx: 4.7975000000000000e+02
cy: 2.6975000000000000e+02
