%YAML:1.0
TVector: !!opencv-matrix
   rows: 3
   cols: 1
   dt: f
   data: [ -8.07195380e-02, -7.97260851e-02, -1.67649758e+00 ]
RMatrix: !!opencv-matrix
   rows: 3
   cols: 3
   dt: f
   data: [ 5.48410833e-01, -8.34812164e-01, 4.83155958e-02,
       -1.06836461e-01, -1.26436725e-02, 9.94196177e-01, -8.29356194e-01,
       -5.50389946e-01, -9.61222872e-02 ]
fx: 5.4068603515625000e+02
fy: 5.4068603515625000e+02
cx: 4.7975000000000000e+02
cy: 2.6975000000000000e+02
