%YAML:1.0
TVector: !!opencv-matrix
   rows: 3
   cols: 1
   dt: f
   data: [ -1.00884758e-01, -4.87889573e-02, -1.12733811e-01 ]
RMatrix: !!opencv-matrix
   rows: 3
   cols: 3
   dt: f
   data: [ 8.20556164e-01, -5.69318593e-01, 5.06324433e-02,
       -2.45818365e-02, 5.33519052e-02, 9.98273015e-01, 5.71036816e-01,
       8.20383668e-01, -2.97833439e-02 ]
fx: 5.4068603515625000e+02
fy: 5.4068603515625000e+02
cx: 4.7975000000000000e+02
cy: 2.6975000000000000e+02
