%YAML:1.0
TVector: !!opencv-matrix
   rows: 3
   cols: 1
   dt: f
   data: [ -7.99756944e-02, -7.97720030e-02, -1.68125033e+00 ]
RMatrix: !!opencv-matrix
   rows: 3
   cols: 3
   dt: f
   data: [ 5.43019712e-01, -8.38508368e-01, 4.50936593e-02,
       -1.04893446e-01, -1.44531112e-02, 9.94378507e-01, -8.33142877e-01,
       -5.44697225e-01, -9.58023518e-02 ]
fx: 5.4068603515625000e+02
fy: 5.4068603515625000e+02
cx: 4.7975000000000000e+02
cy: 2.6975000000000000e+02
