%YAML:1.0
TVector: !!opencv-matrix
   rows: 3
   cols: 1
   dt: f
   data: [ 1.35686435e-03, -1.36261079e-02, -1.95544705e-01 ]
RMatrix: !!opencv-matrix
   rows: 3
   cols: 3
   dt: f
   data: [ 7.57090524e-02, -9.95954990e-01, -4.83924970e-02,
       6.13210956e-03, -4.80658188e-02, 9.98825312e-01, -9.97111082e-01,
       -7.59168863e-02, 2.46828585e-03 ]
fx: 5.4068603515625000e+02
fy: 5.4068603515625000e+02
cx: 4.7975000000000000e+02
cy: 2.6975000000000000e+02
