%YAML:1.0
TVector: !!opencv-matrix
   rows: 3
   cols: 1
   dt: f
   data: [ -7.66341984e-02, -8.10981765e-02, -1.68456030e+00 ]
RMatrix: !!opencv-matrix
   rows: 3
   cols: 3
   dt: f
   data: [ 5.36627054e-01, -8.42643976e-01, 4.45282571e-02,
       -1.06098130e-01, -1.50280232e-02, 9.94242191e-01, -8.37122977e-01,
       -5.38261652e-01, -9.74673778e-02 ]
fx: 5.4068603515625000e+02
fy: 5.4068603515625000e+02
cx: 4.7975000000000000e+02
cy: 2.6975000000000000e+02
