%YAML:1.0
TVector: !!opencv-matrix
   rows: 3
   cols: 1
   dt: f
   data: [ -8.42316970e-02, -5.26510328e-02, -1.13297395e-01 ]
RMatrix: !!opencv-matrix
   rows: 3
   cols: 3
   dt: f
   data: [ 8.25236797e-01, -5.62387884e-01, 5.20013198e-02,
       -2.26383191e-02, 5.90610430e-02, 9.97997582e-01, 5.64333200e-01,
       8.24761569e-01, -3.60078216e-02 ]
fx: 5.4068603515625000e+02
fy: 5.4068603515625000e+02
cx: 4.7975000000000000e+02
cy: 2.6975000000000000e+02
