%YAML:1.0
TVector: !!opencv-matrix
   rows: 3
   cols: 1
   dt: f
   data: [ -7.52453431e-02, -8.05189088e-02, -1.68758583e+00 ]
RMatrix: !!opencv-matrix
   rows: 3
   cols: 3
   dt: f
   data: [ 5.34739673e-01, -8.43923986e-01, 4.29625995e-02,
       -1.05249546e-01, -1.60710048e-02, 9.94315982e-01, -8.38436663e-01,
       -5.36222100e-01, -9.74164158e-02 ]
fx: 5.4068603515625000e+02
fy: 5.4068603515625000e+02
cx: 4.7975000000000000e+02
cy: 2.6975000000000000e+02
