%YAML:1.0
TVector: !!opencv-matrix
   rows: 3
   cols: 1
   dt: f
   data: [ -7.23795816e-02, -8.25969353e-02, -1.68931782e+00 ]
RMatrix: !!opencv-matrix
   rows: 3
   cols: 3
   dt: f
   data: [ 5.34391642e-01, -8.44138086e-01, 4.30845954e-02,
       -1.05136633e-01, -1.58075243e-02, 9.94332135e-01, -8.38672698e-01,
       -5.35892487e-01, -9.71972495e-02 ]
fx: 5.4068603515625000e+02
fy: 5.4068603515625000e+02
cx: 4.7975000000000000e+02
cy: 2.6975000000000000e+02
