%YAML:1.0
TVector: !!opencv-matrix
   rows: 3
   cols: 1
   dt: f
   data: [ -6.99021071e-02, -8.39518681e-02, -1.69182634e+00 ]
RMatrix: !!opencv-matrix
   rows: 3
   cols: 3
   dt: f
   data: [ 5.35358012e-01, -8.43500257e-01, 4.35779542e-02,
       -1.05709538e-01, -1.57250594e-02, 9.94272709e-01, -8.37984025e-01,
       -5.36898553e-01, -9.75845829e-02 ]
fx: 5.4068603515625000e+02
fy: 5.4068603515625000e+02
cx: 4.7975000000000000e+02
cy: 2.6975000000000000e+02
