%YAML:1.0
TVector: !!opencv-matrix
   rows: 3
   cols: 1
   dt: f
   data: [ -6.68961108e-02, -8.33527446e-02, -1.69286323e+00 ]
RMatrix: !!opencv-matrix
   rows: 3
   cols: 3
   dt: f
   data: [ 5.35282850e-01, -8.43514800e-01, 4.42143418e-02,
       -1.07066154e-01, -1.58338118e-02, 9.94125783e-01, -8.37859809e-01,
       -5.36872327e-01, -9.87874642e-02 ]
fx: 5.4068603515625000e+02
fy: 5.4068603515625000e+02
cx: 4.7975000000000000e+02
cy: 2.6975000000000000e+02
