%YAML:1.0
TVector: !!opencv-matrix
   rows: 3
   cols: 1
   dt: f
   data: [ -8.43601227e-02, -5.43633439e-02, -1.13084793e-01 ]
RMatrix: !!opencv-matrix
   rows: 3
   cols: 3
   dt: f
   data: [ 8.33308280e-01, -5.50109684e-01, 5.45592755e-02,
       -2.14565881e-02, 6.64343908e-02, 9.97560143e-01, 5.52392006e-01,
       8.32445621e-01, -4.35568430e-02 ]
fx: 5.4068603515625000e+02
fy: 5.4068603515625000e+02
cx: 4.7975000000000000e+02
cy: 2.6975000000000000e+02
