%YAML:1.0
TVector: !!opencv-matrix
   rows: 3
   cols: 1
   dt: f
   data: [ -6.54916689e-02, -8.57561007e-02, -1.69423521e+00 ]
RMatrix: !!opencv-matrix
   rows: 3
   cols: 3
   dt: f
   data: [ 5.36371768e-01, -8.42958272e-01, 4.15499248e-02,
       -1.04275078e-01, -1.73354689e-02, 9.94397283e-01, -8.37515235e-01,
       -5.37699282e-01, -9.71978158e-02 ]
fx: 5.4068603515625000e+02
fy: 5.4068603515625000e+02
cx: 4.7975000000000000e+02
cy: 2.6975000000000000e+02
