%YAML:1.0
TVector: !!opencv-matrix
   rows: 3
   cols: 1
   dt: f
   data: [ -6.12828508e-02, -8.72400776e-02, -1.69540930e+00 ]
RMatrix: !!opencv-matrix
   rows: 3
   cols: 3
   dt: f
   data: [ 5.36059618e-01, -8.43080640e-01, 4.30733599e-02,
       -1.02484308e-01, -1.43468808e-02, 9.94631171e-01, -8.37936282e-01,
       -5.37595928e-01, -9.40933079e-02 ]
fx: 5.4068603515625000e+02
fy: 5.4068603515625000e+02
cx: 4.7975000000000000e+02
cy: 2.6975000000000000e+02
