%YAML:1.0
TVector: !!opencv-matrix
   rows: 3
   cols: 1
   dt: f
   data: [ -1.06172405e-01, -6.44673854e-02, -1.24923810e-01 ]
RMatrix: !!opencv-matrix
   rows: 3
   cols: 3
   dt: f
   data: [ 8.42877388e-01, -5.35522819e-01, 5.26589863e-02,
       -1.76877454e-02, 7.02343360e-02, 9.97373641e-01, 5.37814856e-01,
       8.41595113e-01, -4.97267358e-02 ]
fx: 5.4068603515625000e+02
fy: 5.4068603515625000e+02
cx: 4.7975000000000000e+02
cy: 2.6975000000000000e+02
