%YAML:1.0
TVector: !!opencv-matrix
   rows: 3
   cols: 1
   dt: f
   data: [ -5.55676222e-02, -8.88943896e-02, -1.69859815e+00 ]
RMatrix: !!opencv-matrix
   rows: 3
   cols: 3
   dt: f
   data: [ 5.41939914e-01, -8.39076579e-01, 4.74518836e-02,
       -1.03927657e-01, -1.08815394e-02, 9.94525373e-01, -8.33966553e-01,
       -5.43904424e-01, -9.31004211e-02 ]
fx: 5.4068603515625000e+02
fy: 5.4068603515625000e+02
cx: 4.7975000000000000e+02
cy: 2.6975000000000000e+02
