%YAML:1.0
TVector: !!opencv-matrix
   rows: 3
   cols: 1
   dt: f
   data: [ -5.07824160e-02, -8.95910114e-02, -1.69925201e+00 ]
RMatrix: !!opencv-matrix
   rows: 3
   cols: 3
   dt: f
   data: [ 5.43070495e-01, -8.38253081e-01, 4.90542613e-02,
       -1.04424000e-01, -9.45503172e-03, 9.94487882e-01, -8.33168864e-01,
       -5.45199275e-01, -9.26685035e-02 ]
fx: 5.4068603515625000e+02
fy: 5.4068603515625000e+02
cx: 4.7975000000000000e+02
cy: 2.6975000000000000e+02
