%YAML:1.0
TVector: !!opencv-matrix
   rows: 3
   cols: 1
   dt: f
   data: [ -1.09146088e-01, -6.59963712e-02, -1.23874523e-01 ]
RMatrix: !!opencv-matrix
   rows: 3
   cols: 3
   dt: f
   data: [ 8.45697165e-01, -5.30958414e-01, 5.36608286e-02,
       -1.82265695e-02, 7.17559159e-02, 9.97255743e-01, 5.33351719e-01,
       8.44354331e-01, -5.10062240e-02 ]
fx: 5.4068603515625000e+02
fy: 5.4068603515625000e+02
cx: 4.7975000000000000e+02
cy: 2.6975000000000000e+02
