%YAML:1.0
TVector: !!opencv-matrix
   rows: 3
   cols: 1
   dt: f
   data: [ -4.81770821e-02, -8.92373174e-02, -1.70000386e+00 ]
RMatrix: !!opencv-matrix
   rows: 3
   cols: 3
   dt: f
   data: [ 5.43846786e-01, -8.37705135e-01, 4.98084985e-02,
       -1.05511606e-01, -9.37546976e-03, 9.94373918e-01, -8.32525134e-01,
       -5.46042323e-01, -9.34864506e-02 ]
fx: 5.4068603515625000e+02
fy: 5.4068603515625000e+02
cx: 4.7975000000000000e+02
cy: 2.6975000000000000e+02
