%YAML:1.0
TVector: !!opencv-matrix
   rows: 3
   cols: 1
   dt: f
   data: [ 1.33445589e-02, 2.55341027e-02, -4.55975085e-02 ]
RMatrix: !!opencv-matrix
   rows: 3
   cols: 3
   dt: f
   data: [ 4.49195281e-02, -9.98987854e-01, 2.39243777e-03,
       1.94791451e-01, 1.11076394e-02, 9.80781913e-01, 9.79815662e-01,
       4.35902253e-02, -1.95093215e-01 ]
fx: 5.4068603515625000e+02
fy: 5.4068603515625000e+02
cx: 4.7975000000000000e+02
cy: 2.6975000000000000e+02
