%YAML:1.0
TVector: !!opencv-matrix
   rows: 3
   cols: 1
   dt: f
   data: [ -1.99308363e-03, -8.44289549e-03, -2.07678884e-01 ]
RMatrix: !!opencv-matrix
   rows: 3
   cols: 3
   dt: f
   data: [ 8.38934332e-02, -9.95178461e-01, -5.08075207e-02,
       9.32739209e-03, -5.02007678e-02, 9.98695493e-01, -9.96431053e-01,
       -8.42579007e-02, 5.07090520e-03 ]
fx: 5.4068603515625000e+02
fy: 5.4068603515625000e+02
cx: 4.7975000000000000e+02
cy: 2.6975000000000000e+02
