%YAML:1.0
TVector: !!opencv-matrix
   rows: 3
   cols: 1
   dt: f
   data: [ -4.39715125e-02, -9.21401456e-02, -1.70193815e+00 ]
RMatrix: !!opencv-matrix
   rows: 3
   cols: 3
   dt: f
   data: [ 5.47814310e-01, -8.35334897e-01, 4.59874235e-02,
       -1.01955064e-01, -1.21005997e-02, 9.94715333e-01, -8.30363929e-01,
       -5.49607933e-01, -9.17955413e-02 ]
fx: 5.4068603515625000e+02
fy: 5.4068603515625000e+02
cx: 4.7975000000000000e+02
cy: 2.6975000000000000e+02
