%YAML:1.0
TVector: !!opencv-matrix
   rows: 3
   cols: 1
   dt: f
   data: [ -4.22754809e-02, -9.14832354e-02, -1.70222795e+00 ]
RMatrix: !!opencv-matrix
   rows: 3
   cols: 3
   dt: f
   data: [ 5.50441742e-01, -8.33495438e-01, 4.79491353e-02,
       -1.03085048e-01, -1.08596571e-02, 9.94613230e-01, -8.28484952e-01,
       -5.52419543e-01, -9.18985382e-02 ]
fx: 5.4068603515625000e+02
fy: 5.4068603515625000e+02
cx: 4.7975000000000000e+02
cy: 2.6975000000000000e+02
