%YAML:1.0
TVector: !!opencv-matrix
   rows: 3
   cols: 1
   dt: f
   data: [ -1.05860859e-01, -6.32172823e-02, -1.28152758e-01 ]
RMatrix: !!opencv-matrix
   rows: 3
   cols: 3
   dt: f
   data: [ 8.51972699e-01, -5.20660996e-01, 5.52678704e-02,
       -1.97041240e-02, 7.35984668e-02, 9.97093260e-01, 5.23215115e-01,
       8.50585341e-01, -5.24447076e-02 ]
fx: 5.4068603515625000e+02
fy: 5.4068603515625000e+02
cx: 4.7975000000000000e+02
cy: 2.6975000000000000e+02
