%YAML:1.0
TVector: !!opencv-matrix
   rows: 3
   cols: 1
   dt: f
   data: [ -1.07377239e-01, -6.38707578e-02, -1.28000215e-01 ]
RMatrix: !!opencv-matrix
   rows: 3
   cols: 3
   dt: f
   data: [ 8.53503525e-01, -5.18029213e-01, 5.63674346e-02,
       -1.88854840e-02, 7.73501694e-02, 9.96825099e-01, 5.20744562e-01,
       8.51858258e-01, -5.62354177e-02 ]
fx: 5.4068603515625000e+02
fy: 5.4068603515625000e+02
cx: 4.7975000000000000e+02
cy: 2.6975000000000000e+02
