%YAML:1.0
TVector: !!opencv-matrix
   rows: 3
   cols: 1
   dt: f
   data: [ -3.71664278e-02, -9.26844925e-02, -1.70315123e+00 ]
RMatrix: !!opencv-matrix
   rows: 3
   cols: 3
   dt: f
   data: [ 5.55694997e-01, -8.29994082e-01, 4.80923615e-02,
       -9.94901434e-02, -8.95714853e-03, 9.94998217e-01, -8.25411856e-01,
       -5.57700396e-01, -8.75536650e-02 ]
fx: 5.4068603515625000e+02
fy: 5.4068603515625000e+02
cx: 4.7975000000000000e+02
cy: 2.6975000000000000e+02
