%YAML:1.0
TVector: !!opencv-matrix
   rows: 3
   cols: 1
   dt: f
   data: [ -3.20712253e-02, -9.29278210e-02, -1.70389998e+00 ]
RMatrix: !!opencv-matrix
   rows: 3
   cols: 3
   dt: f
   data: [ 5.61834931e-01, -8.25712323e-01, 5.04042208e-02,
       -9.88203138e-02, -6.49655145e-03, 9.95084047e-01, -8.21325600e-01,
       -5.64054012e-01, -8.52471665e-02 ]
fx: 5.4068603515625000e+02
fy: 5.4068603515625000e+02
cx: 4.7975000000000000e+02
cy: 2.6975000000000000e+02
