%YAML:1.0
TVector: !!opencv-matrix
   rows: 3
   cols: 1
   dt: f
   data: [ -2.81349737e-02, -9.43823829e-02, -1.70451212e+00 ]
RMatrix: !!opencv-matrix
   rows: 3
   cols: 3
   dt: f
   data: [ 5.70343316e-01, -8.19939435e-01, 4.90685068e-02,
       -9.73578244e-02, -8.16358160e-03, 9.95216012e-01, -8.15616131e-01,
       -5.72392046e-01, -8.44835863e-02 ]
fx: 5.4068603515625000e+02
fy: 5.4068603515625000e+02
cx: 4.7975000000000000e+02
cy: 2.6975000000000000e+02
