%YAML:1.0
TVector: !!opencv-matrix
   rows: 3
   cols: 1
   dt: f
   data: [ -2.59725787e-02, -9.48455334e-02, -1.70467114e+00 ]
RMatrix: !!opencv-matrix
   rows: 3
   cols: 3
   dt: f
   data: [ 5.75221658e-01, -8.16527545e-01, 4.90189418e-02,
       -9.65024605e-02, -8.23218003e-03, 9.95298743e-01, -8.12285304e-01,
       -5.77247679e-01, -8.35322365e-02 ]
fx: 5.4068603515625000e+02
fy: 5.4068603515625000e+02
cx: 4.7975000000000000e+02
cy: 2.6975000000000000e+02
