%YAML:1.0
TVector: !!opencv-matrix
   rows: 3
   cols: 1
   dt: f
   data: [ -9.42920595e-02, -5.69275804e-02, -1.32811084e-01 ]
RMatrix: !!opencv-matrix
   rows: 3
   cols: 3
   dt: f
   data: [ 8.60126495e-01, -5.06582260e-01, 5.96407466e-02,
       -1.84609350e-02, 8.59311819e-02, 9.96130109e-01, 5.09746671e-01,
       8.57898772e-01, -6.45597130e-02 ]
fx: 5.4068603515625000e+02
fy: 5.4068603515625000e+02
cx: 4.7975000000000000e+02
cy: 2.6975000000000000e+02
