%YAML:1.0
TVector: !!opencv-matrix
   rows: 3
   cols: 1
   dt: f
   data: [ -2.00963225e-02, -9.57024246e-02, -1.70307505e+00 ]
RMatrix: !!opencv-matrix
   rows: 3
   cols: 3
   dt: f
   data: [ 5.84708452e-01, -8.09661686e-01, 5.06368913e-02,
       -9.48620886e-02, -6.24843827e-03, 9.95470762e-01, -8.05678129e-01,
       -5.86863756e-01, -8.04597139e-02 ]
fx: 5.4068603515625000e+02
fy: 5.4068603515625000e+02
cx: 4.7975000000000000e+02
cy: 2.6975000000000000e+02
