%YAML:1.0
TVector: !!opencv-matrix
   rows: 3
   cols: 1
   dt: f
   data: [ -1.44332638e-02, -9.75927487e-02, -1.70222032e+00 ]
RMatrix: !!opencv-matrix
   rows: 3
   cols: 3
   dt: f
   data: [ 5.94443500e-01, -8.02739263e-01, 4.74013016e-02,
       -9.01024491e-02, -7.91515224e-03, 9.95901048e-01, -7.99073577e-01,
       -5.96277833e-01, -7.70338699e-02 ]
fx: 5.4068603515625000e+02
fy: 5.4068603515625000e+02
cx: 4.7975000000000000e+02
cy: 2.6975000000000000e+02
