%YAML:1.0
TVector: !!opencv-matrix
   rows: 3
   cols: 1
   dt: f
   data: [ -1.27700064e-02, -9.69030187e-02, -1.70174205e+00 ]
RMatrix: !!opencv-matrix
   rows: 3
   cols: 3
   dt: f
   data: [ 5.99619746e-01, -7.98896134e-01, 4.71334010e-02,
       -8.90719593e-02, -8.09214823e-03, 9.95992422e-01, -7.95312881e-01,
       -6.01414859e-01, -7.60114416e-02 ]
fx: 5.4068603515625000e+02
fy: 5.4068603515625000e+02
cx: 4.7975000000000000e+02
cy: 2.6975000000000000e+02
