%YAML:1.0
TVector: !!opencv-matrix
   rows: 3
   cols: 1
   dt: f
   data: [ -1.00891531e-01, -6.15892187e-02, -1.33209810e-01 ]
RMatrix: !!opencv-matrix
   rows: 3
   cols: 3
   dt: f
   data: [ 8.66387188e-01, -4.95491356e-01, 6.21425211e-02,
       -1.83778964e-02, 9.27199200e-02, 9.95522738e-01, 4.99034733e-01,
       8.63650143e-01, -7.12252632e-02 ]
fx: 5.4068603515625000e+02
fy: 5.4068603515625000e+02
cx: 4.7975000000000000e+02
cy: 2.6975000000000000e+02
