%YAML:1.0
TVector: !!opencv-matrix
   rows: 3
   cols: 1
   dt: f
   data: [ -7.72861531e-03, -9.81696248e-02, -1.69981647e+00 ]
RMatrix: !!opencv-matrix
   rows: 3
   cols: 3
   dt: f
   data: [ 6.08867228e-01, -7.91917205e-01, 4.63455282e-02,
       -8.53019059e-02, -7.27622071e-03, 9.96328712e-01, -7.88672447e-01,
       -6.10585213e-01, -7.19822943e-02 ]
fx: 5.4068603515625000e+02
fy: 5.4068603515625000e+02
cx: 4.7975000000000000e+02
cy: 2.6975000000000000e+02
