%YAML:1.0
TVector: !!opencv-matrix
   rows: 3
   cols: 1
   dt: f
   data: [ -7.84306154e-02, -5.32734878e-02, -1.30669773e-01 ]
RMatrix: !!opencv-matrix
   rows: 3
   cols: 3
   dt: f
   data: [ 8.67056847e-01, -4.94057119e-01, 6.41872808e-02,
       -1.92069095e-02, 9.55920815e-02, 9.95235205e-01, 4.97838825e-01,
       8.64158332e-01, -7.33944550e-02 ]
fx: 5.4068603515625000e+02
fy: 5.4068603515625000e+02
cx: 4.7975000000000000e+02
cy: 2.6975000000000000e+02
