%YAML:1.0
TVector: !!opencv-matrix
   rows: 3
   cols: 1
   dt: f
   data: [ 1.08499853e-02, -2.68927962e-03, -2.53979675e-03 ]
RMatrix: !!opencv-matrix
   rows: 3
   cols: 3
   dt: f
   data: [ -5.21094678e-03, -9.99967396e-01, -6.18092157e-03,
       -6.63726125e-03, -6.14628196e-03, 9.99959171e-01, -9.99964476e-01,
       5.25175640e-03, -6.60501560e-03 ]
fx: 5.4068603515625000e+02
fy: 5.4068603515625000e+02
cx: 4.7975000000000000e+02
cy: 2.6975000000000000e+02
