%YAML:1.0
TVector: !!opencv-matrix
   rows: 3
   cols: 1
   dt: f
   data: [ 6.03181950e-04, 9.63492901e-04, -5.16426553e-05 ]
RMatrix: !!opencv-matrix
   rows: 3
   cols: 3
   dt: f
   data: [ -1.80039182e-03, -9.99996841e-01, 1.68757827e-03,
       7.62368552e-03, 1.67380646e-03, 9.99969482e-01, 9.99969244e-01,
       -1.81320263e-03, -7.62064895e-03 ]
fx: 5.4068603515625000e+02
fy: 5.4068603515625000e+02
cx: 4.7975000000000000e+02
cy: 2.6975000000000000e+02
