%YAML:1.0
TVector: !!opencv-matrix
   rows: 3
   cols: 1
   dt: f
   data: [ -7.16637727e-03, -5.68113010e-03, -2.13378549e-01 ]
RMatrix: !!opencv-matrix
   rows: 3
   cols: 3
   dt: f
   data: [ 8.97075012e-02, -9.94646251e-01, -5.12964278e-02,
       1.35648381e-02, -5.02791293e-02, 9.98643100e-01, -9.95875895e-01,
       -9.02815759e-02, 8.98180250e-03 ]
fx: 5.4068603515625000e+02
fy: 5.4068603515625000e+02
cx: 4.7975000000000000e+02
cy: 2.6975000000000000e+02
