%YAML:1.0
TVector: !!opencv-matrix
   rows: 3
   cols: 1
   dt: f
   data: [ -4.57645673e-03, -1.00220643e-01, -1.69873989e+00 ]
RMatrix: !!opencv-matrix
   rows: 3
   cols: 3
   dt: f
   data: [ 6.19551420e-01, -7.83726156e-01, 4.39227782e-02,
       -8.01034644e-02, -7.46153016e-03, 9.96758640e-01, -7.80858159e-01,
       -6.21061385e-01, -6.74019977e-02 ]
fx: 5.4068603515625000e+02
fy: 5.4068603515625000e+02
cx: 4.7975000000000000e+02
cy: 2.6975000000000000e+02
