%YAML:1.0
TVector: !!opencv-matrix
   rows: 3
   cols: 1
   dt: f
   data: [ -2.29816604e-03, -1.00107357e-01, -1.69702113e+00 ]
RMatrix: !!opencv-matrix
   rows: 3
   cols: 3
   dt: f
   data: [ 6.22498453e-01, -7.81233072e-01, 4.65901047e-02,
       -8.00201744e-02, -4.31646872e-03, 9.96783853e-01, -7.78519452e-01,
       -6.24224544e-01, -6.52014017e-02 ]
fx: 5.4068603515625000e+02
fy: 5.4068603515625000e+02
cx: 4.7975000000000000e+02
cy: 2.6975000000000000e+02
