%YAML:1.0
TVector: !!opencv-matrix
   rows: 3
   cols: 1
   dt: f
   data: [ 1.24780601e-03, -1.00870192e-01, -1.69564700e+00 ]
RMatrix: !!opencv-matrix
   rows: 3
   cols: 3
   dt: f
   data: [ 6.25245512e-01, -7.79014409e-01, 4.69543636e-02,
       -7.91815072e-02, -3.46750254e-03, 9.96854246e-01, -7.76400864e-01,
       -6.26996398e-01, -6.38515800e-02 ]
fx: 5.4068603515625000e+02
fy: 5.4068603515625000e+02
cx: 4.7975000000000000e+02
cy: 2.6975000000000000e+02
