%YAML:1.0
TVector: !!opencv-matrix
   rows: 3
   cols: 1
   dt: f
   data: [ 5.75790787e-03, -1.02220908e-01, -1.69517708e+00 ]
RMatrix: !!opencv-matrix
   rows: 3
   cols: 3
   dt: f
   data: [ 6.33016586e-01, -7.72761345e-01, 4.61464040e-02,
       -7.64938742e-02, -3.11988033e-03, 9.97065008e-01, -7.70349383e-01,
       -6.34688616e-01, -6.10864498e-02 ]
fx: 5.4068603515625000e+02
fy: 5.4068603515625000e+02
cx: 4.7975000000000000e+02
cy: 2.6975000000000000e+02
