%YAML:1.0
TVector: !!opencv-matrix
   rows: 3
   cols: 1
   dt: f
   data: [ -9.45207775e-02, -6.21128939e-02, -1.38286918e-01 ]
RMatrix: !!opencv-matrix
   rows: 3
   cols: 3
   dt: f
   data: [ 8.81003261e-01, -4.69290078e-01, 6.00001961e-02,
       -1.02248574e-02, 1.07904620e-01, 9.94108617e-01, 4.72999692e-01,
       8.76426339e-01, -9.02659073e-02 ]
fx: 5.4068603515625000e+02
fy: 5.4068603515625000e+02
cx: 4.7975000000000000e+02
cy: 2.6975000000000000e+02
