%YAML:1.0
TVector: !!opencv-matrix
   rows: 3
   cols: 1
   dt: f
   data: [ 7.83112273e-03, -1.04384623e-01, -1.69523489e+00 ]
RMatrix: !!opencv-matrix
   rows: 3
   cols: 3
   dt: f
   data: [ 6.35817766e-01, -7.70600677e-01, 4.37095352e-02,
       -7.39284232e-02, -4.43227775e-03, 9.97253597e-01, -7.68290579e-01,
       -6.37303114e-01, -5.97874112e-02 ]
fx: 5.4068603515625000e+02
fy: 5.4068603515625000e+02
cx: 4.7975000000000000e+02
cy: 2.6975000000000000e+02
