%YAML:1.0
TVector: !!opencv-matrix
   rows: 3
   cols: 1
   dt: f
   data: [ -9.29443687e-02, -5.97673543e-02, -1.40632376e-01 ]
RMatrix: !!opencv-matrix
   rows: 3
   cols: 3
   dt: f
   data: [ 8.83539021e-01, -4.64530349e-01, 5.97525015e-02,
       -1.05692400e-02, 1.07770778e-01, 9.94119585e-01, 4.68238324e-01,
       8.78974974e-01, -9.03099701e-02 ]
fx: 5.4068603515625000e+02
fy: 5.4068603515625000e+02
cx: 4.7975000000000000e+02
cy: 2.6975000000000000e+02
