%YAML:1.0
TVector: !!opencv-matrix
   rows: 3
   cols: 1
   dt: f
   data: [ 1.49315968e-02, -1.04208909e-01, -1.69401252e+00 ]
RMatrix: !!opencv-matrix
   rows: 3
   cols: 3
   dt: f
   data: [ 6.38904691e-01, -7.68326104e-01, 3.84176373e-02,
       -7.13408515e-02, -9.45167802e-03, 9.97407198e-01, -7.65970945e-01,
       -6.39988959e-01, -6.08517490e-02 ]
fx: 5.4068603515625000e+02
fy: 5.4068603515625000e+02
cx: 4.7975000000000000e+02
cy: 2.6975000000000000e+02
