%YAML:1.0
TVector: !!opencv-matrix
   rows: 3
   cols: 1
   dt: f
   data: [ 1.87667497e-02, -1.04419239e-01, -1.69437683e+00 ]
RMatrix: !!opencv-matrix
   rows: 3
   cols: 3
   dt: f
   data: [ 6.38516605e-01, -7.68775463e-01, 3.57819051e-02,
       -6.81390390e-02, -1.01603549e-02, 9.97623980e-01, -7.66585410e-01,
       -6.39437795e-01, -5.88711873e-02 ]
fx: 5.4068603515625000e+02
fy: 5.4068603515625000e+02
cx: 4.7975000000000000e+02
cy: 2.6975000000000000e+02
