%YAML:1.0
TVector: !!opencv-matrix
   rows: 3
   cols: 1
   dt: f
   data: [ 2.26979069e-02, -1.09940045e-01, -1.69208610e+00 ]
RMatrix: !!opencv-matrix
   rows: 3
   cols: 3
   dt: f
   data: [ 6.37121975e-01, -7.70398557e-01, 2.37045977e-02,
       -5.75438142e-02, -1.68750267e-02, 9.98200476e-01, -7.68612087e-01,
       -6.37339413e-01, -5.50831147e-02 ]
fx: 5.4068603515625000e+02
fy: 5.4068603515625000e+02
cx: 4.7975000000000000e+02
cy: 2.6975000000000000e+02
