%YAML:1.0
TVector: !!opencv-matrix
   rows: 3
   cols: 1
   dt: f
   data: [ 2.40012519e-02, -1.10002048e-01, -1.69409215e+00 ]
RMatrix: !!opencv-matrix
   rows: 3
   cols: 3
   dt: f
   data: [ 6.38982415e-01, -7.68917918e-01, 2.16050986e-02,
       -5.87416627e-02, -2.07717419e-02, 9.98057127e-01, -7.66975224e-01,
       -6.39009953e-01, -5.84402829e-02 ]
fx: 5.4068603515625000e+02
fy: 5.4068603515625000e+02
cx: 4.7975000000000000e+02
cy: 2.6975000000000000e+02
