%YAML:1.0
TVector: !!opencv-matrix
   rows: 3
   cols: 1
   dt: f
   data: [ -8.74287263e-02, -6.05121590e-02, -1.44628137e-01 ]
RMatrix: !!opencv-matrix
   rows: 3
   cols: 3
   dt: f
   data: [ 8.92627120e-01, -4.46942359e-01, 5.88150099e-02,
       -4.30293987e-03, 1.22015953e-01, 9.92518723e-01, 4.50775027e-01,
       8.86202276e-01, -1.06991589e-01 ]
fx: 5.4068603515625000e+02
fy: 5.4068603515625000e+02
cx: 4.7975000000000000e+02
cy: 2.6975000000000000e+02
