%YAML:1.0
TVector: !!opencv-matrix
   rows: 3
   cols: 1
   dt: f
   data: [ 2.82424763e-02, -1.11955076e-01, -1.69412255e+00 ]
RMatrix: !!opencv-matrix
   rows: 3
   cols: 3
   dt: f
   data: [ 6.40694141e-01, -7.67548025e-01, 1.95240118e-02,
       -5.80459908e-02, -2.30654329e-02, 9.98047531e-01, -7.65599132e-01,
       -6.40576243e-01, -5.93309738e-02 ]
fx: 5.4068603515625000e+02
fy: 5.4068603515625000e+02
cx: 4.7975000000000000e+02
cy: 2.6975000000000000e+02
