%YAML:1.0
TVector: !!opencv-matrix
   rows: 3
   cols: 1
   dt: f
   data: [ -1.04084099e-02, -3.99856269e-03, -2.16026798e-01 ]
RMatrix: !!opencv-matrix
   rows: 3
   cols: 3
   dt: f
   data: [ 9.45882723e-02, -9.94257390e-01, -5.00539467e-02,
       1.75567176e-02, -4.86055277e-02, 9.98663783e-01, -9.95361686e-01,
       -9.53406394e-02, 1.28583834e-02 ]
fx: 5.4068603515625000e+02
fy: 5.4068603515625000e+02
cx: 4.7975000000000000e+02
cy: 2.6975000000000000e+02
