%YAML:1.0
TVector: !!opencv-matrix
   rows: 3
   cols: 1
   dt: f
   data: [ 1.31138191e-02, 2.67273355e-02, -4.97267097e-02 ]
RMatrix: !!opencv-matrix
   rows: 3
   cols: 3
   dt: f
   data: [ 4.94374521e-02, -9.98771369e-01, 3.44888610e-03,
       2.06332728e-01, 1.35916099e-02, 9.78387654e-01, 9.77232456e-01,
       4.76573631e-02, -2.06751108e-01 ]
fx: 5.4068603515625000e+02
fy: 5.4068603515625000e+02
cx: 4.7975000000000000e+02
cy: 2.6975000000000000e+02
