%YAML:1.0
TVector: !!opencv-matrix
   rows: 3
   cols: 1
   dt: f
   data: [ 3.47735472e-02, -1.12248361e-01, -1.69386625e+00 ]
RMatrix: !!opencv-matrix
   rows: 3
   cols: 3
   dt: f
   data: [ 6.41468346e-01, -7.66925752e-01, 1.85273997e-02,
       -5.58495037e-02, -2.25992426e-02, 9.98183429e-01, -7.65113950e-01,
       -6.41337633e-01, -5.73291257e-02 ]
fx: 5.4068603515625000e+02
fy: 5.4068603515625000e+02
cx: 4.7975000000000000e+02
cy: 2.6975000000000000e+02
