%YAML:1.0
TVector: !!opencv-matrix
   rows: 3
   cols: 1
   dt: f
   data: [ 3.54082286e-02, -1.13784656e-01, -1.69446445e+00 ]
RMatrix: !!opencv-matrix
   rows: 3
   cols: 3
   dt: f
   data: [ 6.43417239e-01, -7.65363276e-01, 1.52888447e-02,
       -5.31397834e-02, -2.47313790e-02, 9.98280823e-01, -7.63669193e-01,
       -6.43123388e-01, -5.65838180e-02 ]
fx: 5.4068603515625000e+02
fy: 5.4068603515625000e+02
cx: 4.7975000000000000e+02
cy: 2.6975000000000000e+02
