%YAML:1.0
TVector: !!opencv-matrix
   rows: 3
   cols: 1
   dt: f
   data: [ -8.94068703e-02, -5.69947772e-02, -1.43759668e-01 ]
RMatrix: !!opencv-matrix
   rows: 3
   cols: 3
   dt: f
   data: [ 8.99017334e-01, -4.34056103e-01, 5.79905100e-02,
       -3.57192708e-03, 1.25151917e-01, 9.92131114e-01, 4.37898248e-01,
       8.92150283e-01, -1.10963345e-01 ]
fx: 5.4068603515625000e+02
fy: 5.4068603515625000e+02
cx: 4.7975000000000000e+02
cy: 2.6975000000000000e+02
