%YAML:1.0
TVector: !!opencv-matrix
   rows: 3
   cols: 1
   dt: f
   data: [ 4.24998179e-02, -1.15397654e-01, -1.69320190e+00 ]
RMatrix: !!opencv-matrix
   rows: 3
   cols: 3
   dt: f
   data: [ 6.41853392e-01, -7.66761959e-01, 1.00184940e-02,
       -4.99314032e-02, -2.87531167e-02, 9.98338699e-01, -7.65200019e-01,
       -6.41287327e-01, -5.67407832e-02 ]
fx: 5.4068603515625000e+02
fy: 5.4068603515625000e+02
cx: 4.7975000000000000e+02
cy: 2.6975000000000000e+02
