%YAML:1.0
TVector: !!opencv-matrix
   rows: 3
   cols: 1
   dt: f
   data: [ 4.71592173e-02, -1.18139416e-01, -1.69294119e+00 ]
RMatrix: !!opencv-matrix
   rows: 3
   cols: 3
   dt: f
   data: [ 6.39312387e-01, -7.68935382e-01, 4.23992379e-03,
       -4.57582846e-02, -3.25392671e-02, 9.98422384e-01, -7.67584443e-01,
       -6.38497770e-01, -5.59879132e-02 ]
fx: 5.4068603515625000e+02
fy: 5.4068603515625000e+02
cx: 4.7975000000000000e+02
cy: 2.6975000000000000e+02
