%YAML:1.0
TVector: !!opencv-matrix
   rows: 3
   cols: 1
   dt: f
   data: [ -8.88760388e-02, -5.74636720e-02, -1.45378351e-01 ]
RMatrix: !!opencv-matrix
   rows: 3
   cols: 3
   dt: f
   data: [ 9.02294636e-01, -4.27177370e-01, 5.81710711e-02,
       -2.50926241e-03, 1.29724234e-01, 9.91546929e-01, 4.31112587e-01,
       8.94813418e-01, -1.15977578e-01 ]
fx: 5.4068603515625000e+02
fy: 5.4068603515625000e+02
cx: 4.7975000000000000e+02
cy: 2.6975000000000000e+02
