%YAML:1.0
TVector: !!opencv-matrix
   rows: 3
   cols: 1
   dt: f
   data: [ 4.83739153e-02, -1.20937623e-01, -1.69423974e+00 ]
RMatrix: !!opencv-matrix
   rows: 3
   cols: 3
   dt: f
   data: [ 6.39032960e-01, -7.69179404e-01, 1.97323970e-05,
       -4.30618078e-02, -3.57500650e-02, 9.98432577e-01, -7.67972946e-01,
       -6.38032079e-01, -5.59677221e-02 ]
fx: 5.4068603515625000e+02
fy: 5.4068603515625000e+02
cx: 4.7975000000000000e+02
cy: 2.6975000000000000e+02
