%YAML:1.0
TVector: !!opencv-matrix
   rows: 3
   cols: 1
   dt: f
   data: [ 5.42848408e-02, -1.20733716e-01, -1.69513893e+00 ]
RMatrix: !!opencv-matrix
   rows: 3
   cols: 3
   dt: f
   data: [ 6.35297000e-01, -7.72259235e-01, -3.71045037e-03,
       -4.07077670e-02, -3.82853001e-02, 9.98437464e-01, -7.71194458e-01,
       -6.34153128e-01, -5.57594746e-02 ]
fx: 5.4068603515625000e+02
fy: 5.4068603515625000e+02
cx: 4.7975000000000000e+02
cy: 2.6975000000000000e+02
