%YAML:1.0
TVector: !!opencv-matrix
   rows: 3
   cols: 1
   dt: f
   data: [ 5.91413490e-02, -1.24905914e-01, -1.69593346e+00 ]
RMatrix: !!opencv-matrix
   rows: 3
   cols: 3
   dt: f
   data: [ 6.31790578e-01, -7.75068760e-01, -1.04540717e-02,
       -3.43403667e-02, -4.14606258e-02, 9.98549879e-01, -7.74378240e-01,
       -6.30515337e-01, -5.28105721e-02 ]
fx: 5.4068603515625000e+02
fy: 5.4068603515625000e+02
cx: 4.7975000000000000e+02
cy: 2.6975000000000000e+02
