%YAML:1.0
TVector: !!opencv-matrix
   rows: 3
   cols: 1
   dt: f
   data: [ -9.09830034e-02, -5.75645156e-02, -1.45048887e-01 ]
RMatrix: !!opencv-matrix
   rows: 3
   cols: 3
   dt: f
   data: [ 9.05190706e-01, -4.21230018e-01, 5.65234087e-02,
       1.18768937e-03, 1.35501146e-01, 9.90776479e-01, 4.25003767e-01,
       8.96774471e-01, -1.23154692e-01 ]
fx: 5.4068603515625000e+02
fy: 5.4068603515625000e+02
cx: 4.7975000000000000e+02
cy: 2.6975000000000000e+02
