%YAML:1.0
TVector: !!opencv-matrix
   rows: 3
   cols: 1
   dt: f
   data: [ -8.99523795e-02, -5.82494885e-02, -1.46559551e-01 ]
RMatrix: !!opencv-matrix
   rows: 3
   cols: 3
   dt: f
   data: [ 9.05953884e-01, -4.19674963e-01, 5.58599345e-02,
       2.64765299e-03, 1.37552649e-01, 9.90490913e-01, 4.23367947e-01,
       8.97191226e-01, -1.25727504e-01 ]
fx: 5.4068603515625000e+02
fy: 5.4068603515625000e+02
cx: 4.7975000000000000e+02
cy: 2.6975000000000000e+02
