%YAML:1.0
TVector: !!opencv-matrix
   rows: 3
   cols: 1
   dt: f
   data: [ 6.34665191e-02, -1.22450516e-01, -1.69620061e+00 ]
RMatrix: !!opencv-matrix
   rows: 3
   cols: 3
   dt: f
   data: [ 6.28784835e-01, -7.77516305e-01, -9.88870487e-03,
       -3.36095095e-02, -3.98813412e-02, 9.98638988e-01, -7.76852548e-01,
       -6.27596617e-01, -5.12087271e-02 ]
fx: 5.4068603515625000e+02
fy: 5.4068603515625000e+02
cx: 4.7975000000000000e+02
cy: 2.6975000000000000e+02
