%YAML:1.0
TVector: !!opencv-matrix
   rows: 3
   cols: 1
   dt: f
   data: [ 6.55735657e-02, -1.25543222e-01, -1.69692910e+00 ]
RMatrix: !!opencv-matrix
   rows: 3
   cols: 3
   dt: f
   data: [ 6.27954841e-01, -7.78116405e-01, -1.44079681e-02,
       -2.72902101e-02, -4.05180864e-02, 9.98806059e-01, -7.77771115e-01,
       -6.26811862e-01, -4.66784909e-02 ]
fx: 5.4068603515625000e+02
fy: 5.4068603515625000e+02
cx: 4.7975000000000000e+02
cy: 2.6975000000000000e+02
