%YAML:1.0
TVector: !!opencv-matrix
   rows: 3
   cols: 1
   dt: f
   data: [ -9.06604305e-02, -5.66339642e-02, -1.46286964e-01 ]
RMatrix: !!opencv-matrix
   rows: 3
   cols: 3
   dt: f
   data: [ 9.08005476e-01, -4.15437043e-01, 5.42043000e-02,
       5.68098901e-03, 1.41575739e-01, 9.89911020e-01, 4.18919742e-01,
       8.98536801e-01, -1.30911648e-01 ]
fx: 5.4068603515625000e+02
fy: 5.4068603515625000e+02
cx: 4.7975000000000000e+02
cy: 2.6975000000000000e+02
