%YAML:1.0
TVector: !!opencv-matrix
   rows: 3
   cols: 1
   dt: f
   data: [ 7.01060817e-02, -1.28113762e-01, -1.69828439e+00 ]
RMatrix: !!opencv-matrix
   rows: 3
   cols: 3
   dt: f
   data: [ 6.24079704e-01, -7.81159163e-01, -1.77492108e-02,
       -2.10427605e-02, -3.95102277e-02, 9.98997629e-01, -7.81077385e-01,
       -6.23080552e-01, -4.10952643e-02 ]
fx: 5.4068603515625000e+02
fy: 5.4068603515625000e+02
cx: 4.7975000000000000e+02
cy: 2.6975000000000000e+02
