%YAML:1.0
TVector: !!opencv-matrix
   rows: 3
   cols: 1
   dt: f
   data: [ -1.44100692e-02, -2.53864401e-03, -2.23519847e-01 ]
RMatrix: !!opencv-matrix
   rows: 3
   cols: 3
   dt: f
   data: [ 1.00492358e-01, -9.93723035e-01, -4.91522588e-02,
       2.09183786e-02, -4.72811647e-02, 9.98662591e-01, -9.94718015e-01,
       -1.01386145e-01, 1.60356779e-02 ]
fx: 5.4068603515625000e+02
fy: 5.4068603515625000e+02
cx: 4.7975000000000000e+02
cy: 2.6975000000000000e+02
