%YAML:1.0
TVector: !!opencv-matrix
   rows: 3
   cols: 1
   dt: f
   data: [ -8.58269334e-02, -5.36704659e-02, -1.52041852e-01 ]
RMatrix: !!opencv-matrix
   rows: 3
   cols: 3
   dt: f
   data: [ 9.08036709e-01, -4.15534824e-01, 5.29141091e-02,
       7.56126549e-03, 1.42558545e-01, 9.89757419e-01, 4.18822050e-01,
       8.98336112e-01, -1.32590398e-01 ]
fx: 5.4068603515625000e+02
fy: 5.4068603515625000e+02
cx: 4.7975000000000000e+02
cy: 2.6975000000000000e+02
