%YAML:1.0
TVector: !!opencv-matrix
   rows: 3
   cols: 1
   dt: f
   data: [ 7.29926899e-02, -1.29102722e-01, -1.69843149e+00 ]
RMatrix: !!opencv-matrix
   rows: 3
   cols: 3
   dt: f
   data: [ 6.21705174e-01, -7.82978654e-01, -2.06654556e-02,
       -1.86339263e-02, -4.11622375e-02, 9.98978674e-01, -7.83029616e-01,
       -6.20685101e-01, -4.01807427e-02 ]
fx: 5.4068603515625000e+02
fy: 5.4068603515625000e+02
cx: 4.7975000000000000e+02
cy: 2.6975000000000000e+02
