%YAML:1.0
TVector: !!opencv-matrix
   rows: 3
   cols: 1
   dt: f
   data: [ 7.91171417e-02, -1.34070694e-01, -1.70101607e+00 ]
RMatrix: !!opencv-matrix
   rows: 3
   cols: 3
   dt: f
   data: [ 6.15485191e-01, -7.87539482e-01, -3.09805423e-02,
       -8.37346539e-03, -4.58397716e-02, 9.98913765e-01, -7.88104177e-01,
       -6.14557147e-01, -3.48081365e-02 ]
fx: 5.4068603515625000e+02
fy: 5.4068603515625000e+02
cx: 4.7975000000000000e+02
cy: 2.6975000000000000e+02
