%YAML:1.0
TVector: !!opencv-matrix
   rows: 3
   cols: 1
   dt: f
   data: [ 8.51489753e-02, -1.38459966e-01, -1.70335627e+00 ]
RMatrix: !!opencv-matrix
   rows: 3
   cols: 3
   dt: f
   data: [ 6.05893910e-01, -7.94648051e-01, -3.77727449e-02,
       -5.63243963e-03, -5.17639965e-02, 9.98643398e-01, -7.95525193e-01,
       -6.04859293e-01, -3.58393043e-02 ]
fx: 5.4068603515625000e+02
fy: 5.4068603515625000e+02
cx: 4.7975000000000000e+02
cy: 2.6975000000000000e+02
