%YAML:1.0
TVector: !!opencv-matrix
   rows: 3
   cols: 1
   dt: f
   data: [ 8.85073841e-02, -1.37341484e-01, -1.70493436e+00 ]
RMatrix: !!opencv-matrix
   rows: 3
   cols: 3
   dt: f
   data: [ 6.01819038e-01, -7.97782779e-01, -3.68289985e-02,
       -7.46943336e-03, -5.17357513e-02, 9.98632908e-01, -7.98597455e-01,
       -6.00721359e-01, -3.70945521e-02 ]
fx: 5.4068603515625000e+02
fy: 5.4068603515625000e+02
cx: 4.7975000000000000e+02
cy: 2.6975000000000000e+02
