%YAML:1.0
TVector: !!opencv-matrix
   rows: 3
   cols: 1
   dt: f
   data: [ 9.57925394e-02, -1.41124547e-01, -1.70767117e+00 ]
RMatrix: !!opencv-matrix
   rows: 3
   cols: 3
   dt: f
   data: [ 5.92440784e-01, -8.04318964e-01, -4.56607975e-02,
       2.96654273e-03, -5.44998124e-02, 9.98509407e-01, -8.05608571e-01,
       -5.91693282e-01, -2.99018677e-02 ]
fx: 5.4068603515625000e+02
fy: 5.4068603515625000e+02
cx: 4.7975000000000000e+02
cy: 2.6975000000000000e+02
