%YAML:1.0
TVector: !!opencv-matrix
   rows: 3
   cols: 1
   dt: f
   data: [ 1.01901755e-01, -1.44997314e-01, -1.71031713e+00 ]
RMatrix: !!opencv-matrix
   rows: 3
   cols: 3
   dt: f
   data: [ 5.84521651e-01, -8.09841216e-01, -4.99168932e-02,
       8.61819834e-03, -5.53208105e-02, 9.98431444e-01, -8.11332345e-01,
       -5.84034920e-01, -2.53568329e-02 ]
fx: 5.4068603515625000e+02
fy: 5.4068603515625000e+02
cx: 4.7975000000000000e+02
cy: 2.6975000000000000e+02
