%YAML:1.0
TVector: !!opencv-matrix
   rows: 3
   cols: 1
   dt: f
   data: [ 1.04620010e-01, -1.45140946e-01, -1.71112132e+00 ]
RMatrix: !!opencv-matrix
   rows: 3
   cols: 3
   dt: f
   data: [ 5.82124472e-01, -8.11597347e-01, -4.94044721e-02,
       7.79154338e-03, -5.51899597e-02, 9.98445511e-01, -8.13062310e-01,
       -5.81604481e-01, -2.58038267e-02 ]
fx: 5.4068603515625000e+02
fy: 5.4068603515625000e+02
cx: 4.7975000000000000e+02
cy: 2.6975000000000000e+02
