%YAML:1.0
TVector: !!opencv-matrix
   rows: 3
   cols: 1
   dt: f
   data: [ -8.97064954e-02, -5.48219234e-02, -1.48195818e-01 ]
RMatrix: !!opencv-matrix
   rows: 3
   cols: 3
   dt: f
   data: [ 9.16084230e-01, -3.98522854e-01, 4.43762019e-02,
       1.91317704e-02, 1.53981268e-01, 9.87888455e-01, 4.00529236e-01,
       9.04140055e-01, -1.48684263e-01 ]
fx: 5.4068603515625000e+02
fy: 5.4068603515625000e+02
cx: 4.7975000000000000e+02
cy: 2.6975000000000000e+02
