%YAML:1.0
TVector: !!opencv-matrix
   rows: 3
   cols: 1
   dt: f
   data: [ 1.08933881e-01, -1.46189794e-01, -1.71258628e+00 ]
RMatrix: !!opencv-matrix
   rows: 3
   cols: 3
   dt: f
   data: [ 5.77658296e-01, -8.14666629e-01, -5.12759611e-02,
       1.28631629e-02, -5.37239872e-02, 9.98472869e-01, -8.16177368e-01,
       -5.77435732e-01, -2.05549151e-02 ]
fx: 5.4068603515625000e+02
fy: 5.4068603515625000e+02
cx: 4.7975000000000000e+02
cy: 2.6975000000000000e+02
