%YAML:1.0
TVector: !!opencv-matrix
   rows: 3
   cols: 1
   dt: f
   data: [ -8.75168368e-02, -5.24421930e-02, -1.50575846e-01 ]
RMatrix: !!opencv-matrix
   rows: 3
   cols: 3
   dt: f
   data: [ 9.17958796e-01, -3.94327432e-01, 4.30926830e-02,
       2.15656366e-02, 1.58084422e-01, 9.87189949e-01, 3.96088421e-01,
       9.05270457e-01, -1.53618947e-01 ]
fx: 5.4068603515625000e+02
fy: 5.4068603515625000e+02
cx: 4.7975000000000000e+02
cy: 2.6975000000000000e+02
