%YAML:1.0
TVector: !!opencv-matrix
   rows: 3
   cols: 1
   dt: f
   data: [ 1.10430636e-01, -1.48440480e-01, -1.71358478e+00 ]
RMatrix: !!opencv-matrix
   rows: 3
   cols: 3
   dt: f
   data: [ 5.75657070e-01, -8.15985382e-01, -5.27918525e-02,
       1.44485524e-02, -5.44014052e-02, 9.98414695e-01, -8.17563653e-01,
       -5.75507164e-01, -1.95267387e-02 ]
fx: 5.4068603515625000e+02
fy: 5.4068603515625000e+02
cx: 4.7975000000000000e+02
cy: 2.6975000000000000e+02
