%YAML:1.0
TVector: !!opencv-matrix
   rows: 3
   cols: 1
   dt: f
   data: [ 1.13140270e-01, -1.49423480e-01, -1.71496797e+00 ]
RMatrix: !!opencv-matrix
   rows: 3
   cols: 3
   dt: f
   data: [ 5.72984934e-01, -8.17860067e-01, -5.28511442e-02,
       1.53252752e-02, -5.37833944e-02, 9.98435020e-01, -8.19422603e-01,
       -5.72898209e-01, -1.82831381e-02 ]
fx: 5.4068603515625000e+02
fy: 5.4068603515625000e+02
cx: 4.7975000000000000e+02
cy: 2.6975000000000000e+02
