%YAML:1.0
TVector: !!opencv-matrix
   rows: 3
   cols: 1
   dt: f
   data: [ -1.71766058e-02, -2.88392138e-03, -2.29321957e-01 ]
RMatrix: !!opencv-matrix
   rows: 3
   cols: 3
   dt: f
   data: [ 1.04379848e-01, -9.93316889e-01, -4.92624082e-02,
       2.44287327e-02, -4.69573177e-02, 9.98598099e-01, -9.94237602e-01,
       -1.05436943e-01, 1.93640739e-02 ]
fx: 5.4068603515625000e+02
fy: 5.4068603515625000e+02
cx: 4.7975000000000000e+02
cy: 2.6975000000000000e+02
