%YAML:1.0
TVector: !!opencv-matrix
   rows: 3
   cols: 1
   dt: f
   data: [ 1.40674664e-02, 2.64565647e-02, -5.23992814e-02 ]
RMatrix: !!opencv-matrix
   rows: 3
   cols: 3
   dt: f
   data: [ 5.28238341e-02, -9.98601735e-01, 2.05164147e-03,
       2.22424999e-01, 1.37686394e-02, 9.74852622e-01, 9.73517716e-01,
       5.10391109e-02, -2.22841278e-01 ]
fx: 5.4068603515625000e+02
fy: 5.4068603515625000e+02
cx: 4.7975000000000000e+02
cy: 2.6975000000000000e+02
