%YAML:1.0
TVector: !!opencv-matrix
   rows: 3
   cols: 1
   dt: f
   data: [ 1.19454287e-01, -1.53742179e-01, -1.71890461e+00 ]
RMatrix: !!opencv-matrix
   rows: 3
   cols: 3
   dt: f
   data: [ 5.61802328e-01, -8.25418890e-01, -5.53329997e-02,
       1.53252855e-02, -5.64905293e-02, 9.98285472e-01, -8.27129543e-01,
       -5.61687052e-01, -1.90867260e-02 ]
fx: 5.4068603515625000e+02
fy: 5.4068603515625000e+02
cx: 4.7975000000000000e+02
cy: 2.6975000000000000e+02
