%YAML:1.0
TVector: !!opencv-matrix
   rows: 3
   cols: 1
   dt: f
   data: [ 1.21409610e-01, -1.55776933e-01, -1.72042394e+00 ]
RMatrix: !!opencv-matrix
   rows: 3
   cols: 3
   dt: f
   data: [ 5.57958603e-01, -8.27818692e-01, -5.82963824e-02,
       1.73234493e-02, -5.86138293e-02, 9.98130441e-01, -8.29688013e-01,
       -5.57925403e-01, -1.83634143e-02 ]
fx: 5.4068603515625000e+02
fy: 5.4068603515625000e+02
cx: 4.7975000000000000e+02
cy: 2.6975000000000000e+02
