%YAML:1.0
TVector: !!opencv-matrix
   rows: 3
   cols: 1
   dt: f
   data: [ 1.26412779e-01, -1.58680514e-01, -1.72355640e+00 ]
RMatrix: !!opencv-matrix
   rows: 3
   cols: 3
   dt: f
   data: [ 5.50403953e-01, -8.32655847e-01, -6.11538813e-02,
       2.06813607e-02, -5.96271306e-02, 9.98006403e-01, -8.34642291e-01,
       -5.50571442e-01, -1.55985486e-02 ]
fx: 5.4068603515625000e+02
fy: 5.4068603515625000e+02
cx: 4.7975000000000000e+02
cy: 2.6975000000000000e+02
