%YAML:1.0
TVector: !!opencv-matrix
   rows: 3
   cols: 1
   dt: f
   data: [ -8.97718817e-02, -5.33999950e-02, -1.49726525e-01 ]
RMatrix: !!opencv-matrix
   rows: 3
   cols: 3
   dt: f
   data: [ 9.21462536e-01, -3.87077630e-01, 3.28256525e-02,
       3.65011655e-02, 1.70399487e-01, 9.84698772e-01, 3.86748374e-01,
       9.06164825e-01, -1.71145543e-01 ]
fx: 5.4068603515625000e+02
fy: 5.4068603515625000e+02
cx: 4.7975000000000000e+02
cy: 2.6975000000000000e+02
