%YAML:1.0
TVector: !!opencv-matrix
   rows: 3
   cols: 1
   dt: f
   data: [ 1.32589087e-01, -1.59202829e-01, -1.72688639e+00 ]
RMatrix: !!opencv-matrix
   rows: 3
   cols: 3
   dt: f
   data: [ 5.44582546e-01, -8.36034060e-01, -6.69097155e-02,
       2.91033946e-02, -6.08921982e-02, 9.97719944e-01, -8.38202178e-01,
       -5.45288205e-01, -8.82940367e-03 ]
fx: 5.4068603515625000e+02
fy: 5.4068603515625000e+02
cx: 4.7975000000000000e+02
cy: 2.6975000000000000e+02
