%YAML:1.0
TVector: !!opencv-matrix
   rows: 3
   cols: 1
   dt: f
   data: [ 1.33336902e-01, -1.61839560e-01, -1.72769451e+00 ]
RMatrix: !!opencv-matrix
   rows: 3
   cols: 3
   dt: f
   data: [ 5.42071760e-01, -8.37127626e-01, -7.33180866e-02,
       3.86251993e-02, -6.23358339e-02, 9.97307599e-01, -8.39444160e-01,
       -5.43444097e-01, -1.45627372e-03 ]
fx: 5.4068603515625000e+02
fy: 5.4068603515625000e+02
cx: 4.7975000000000000e+02
cy: 2.6975000000000000e+02
