%YAML:1.0
TVector: !!opencv-matrix
   rows: 3
   cols: 1
   dt: f
   data: [ -8.84365737e-02, -5.23930825e-02, -1.52229965e-01 ]
RMatrix: !!opencv-matrix
   rows: 3
   cols: 3
   dt: f
   data: [ 9.22127366e-01, -3.85993570e-01, 2.62619536e-02,
       4.62654606e-02, 1.77410796e-01, 9.83048618e-01, 3.84109706e-01,
       9.05281246e-01, -1.81453571e-01 ]
fx: 5.4068603515625000e+02
fy: 5.4068603515625000e+02
cx: 4.7975000000000000e+02
cy: 2.6975000000000000e+02
