%YAML:1.0
TVector: !!opencv-matrix
   rows: 3
   cols: 1
   dt: f
   data: [ 1.38875872e-01, -1.66597053e-01, -1.73140502e+00 ]
RMatrix: !!opencv-matrix
   rows: 3
   cols: 3
   dt: f
   data: [ 5.33057094e-01, -8.42488527e-01, -7.78661445e-02,
       4.87708822e-02, -6.12818934e-02, 9.96928215e-01, -8.44672441e-01,
       -5.35217226e-01, 8.42216611e-03 ]
fx: 5.4068603515625000e+02
fy: 5.4068603515625000e+02
cx: 4.7975000000000000e+02
cy: 2.6975000000000000e+02
