%YAML:1.0
TVector: !!opencv-matrix
   rows: 3
   cols: 1
   dt: f
   data: [ -8.85536373e-02, -5.21198437e-02, -1.52191073e-01 ]
RMatrix: !!opencv-matrix
   rows: 3
   cols: 3
   dt: f
   data: [ 9.22618091e-01, -3.84936601e-01, 2.44957283e-02,
       4.88764979e-02, 1.79670364e-01, 9.82511938e-01, 3.82605910e-01,
       9.05285835e-01, -1.84581429e-01 ]
fx: 5.4068603515625000e+02
fy: 5.4068603515625000e+02
cx: 4.7975000000000000e+02
cy: 2.6975000000000000e+02
