%YAML:1.0
TVector: !!opencv-matrix
   rows: 3
   cols: 1
   dt: f
   data: [ 1.42125741e-01, -1.69204235e-01, -1.73284900e+00 ]
RMatrix: !!opencv-matrix
   rows: 3
   cols: 3
   dt: f
   data: [ 5.28610945e-01, -8.45172942e-01, -7.90783986e-02,
       5.21523803e-02, -6.06464334e-02, 9.96795952e-01, -8.47260833e-01,
       -5.31041205e-01, 1.20194145e-02 ]
fx: 5.4068603515625000e+02
fy: 5.4068603515625000e+02
cx: 4.7975000000000000e+02
cy: 2.6975000000000000e+02
