%YAML:1.0
TVector: !!opencv-matrix
   rows: 3
   cols: 1
   dt: f
   data: [ -8.89717638e-02, -4.97784168e-02, -1.53601855e-01 ]
RMatrix: !!opencv-matrix
   rows: 3
   cols: 3
   dt: f
   data: [ 9.23912287e-01, -3.82088989e-01, 1.98539197e-02,
       5.48326001e-02, 1.83587059e-01, 9.81472969e-01, 3.78654957e-01,
       9.05706286e-01, -1.90569282e-01 ]
fx: 5.4068603515625000e+02
fy: 5.4068603515625000e+02
cx: 4.7975000000000000e+02
cy: 2.6975000000000000e+02
