%YAML:1.0
TVector: !!opencv-matrix
   rows: 3
   cols: 1
   dt: f
   data: [ 1.45261168e-01, -1.69989780e-01, -1.73389828e+00 ]
RMatrix: !!opencv-matrix
   rows: 3
   cols: 3
   dt: f
   data: [ 5.23900270e-01, -8.48079860e-01, -7.93018639e-02,
       5.46073765e-02, -5.94686307e-02, 9.96735275e-01, -8.50027323e-01,
       -5.26520491e-01, 1.51557820e-02 ]
fx: 5.4068603515625000e+02
fy: 5.4068603515625000e+02
cx: 4.7975000000000000e+02
cy: 2.6975000000000000e+02
