%YAML:1.0
TVector: !!opencv-matrix
   rows: 3
   cols: 1
   dt: f
   data: [ 1.48562327e-01, -1.72115639e-01, -1.73484159e+00 ]
RMatrix: !!opencv-matrix
   rows: 3
   cols: 3
   dt: f
   data: [ 5.18894315e-01, -8.50822508e-01, -8.27629417e-02,
       5.89378364e-02, -6.09789640e-02, 9.96397555e-01, -8.52804184e-01,
       -5.21902800e-01, 1.85040087e-02 ]
fx: 5.4068603515625000e+02
fy: 5.4068603515625000e+02
cx: 4.7975000000000000e+02
cy: 2.6975000000000000e+02
