%YAML:1.0
TVector: !!opencv-matrix
   rows: 3
   cols: 1
   dt: f
   data: [ -9.00383145e-02, -4.82914858e-02, -1.53685182e-01 ]
RMatrix: !!opencv-matrix
   rows: 3
   cols: 3
   dt: f
   data: [ 9.23830390e-01, -3.82361412e-01, 1.83579195e-02,
       5.83045483e-02, 1.87943906e-01, 9.80447650e-01, 3.78335655e-01,
       9.04697001e-01, -1.95921719e-01 ]
fx: 5.4068603515625000e+02
fy: 5.4068603515625000e+02
cx: 4.7975000000000000e+02
cy: 2.6975000000000000e+02
