%YAML:1.0
TVector: !!opencv-matrix
   rows: 3
   cols: 1
   dt: f
   data: [ 1.53238297e-01, -1.75138578e-01, -1.73729944e+00 ]
RMatrix: !!opencv-matrix
   rows: 3
   cols: 3
   dt: f
   data: [ 5.10392547e-01, -8.55491877e-01, -8.73687938e-02,
       6.37539104e-02, -6.36755228e-02, 9.95932221e-01, -8.57575178e-01,
       -5.13886452e-01, 2.20414400e-02 ]
fx: 5.4068603515625000e+02
fy: 5.4068603515625000e+02
cx: 4.7975000000000000e+02
cy: 2.6975000000000000e+02
