%YAML:1.0
TVector: !!opencv-matrix
   rows: 3
   cols: 1
   dt: f
   data: [ 1.37838507e-02, 2.64029056e-02, -5.67896143e-02 ]
RMatrix: !!opencv-matrix
   rows: 3
   cols: 3
   dt: f
   data: [ 5.49142584e-02, -9.98490393e-01, 1.37605495e-03,
       2.27846861e-01, 1.38727101e-02, 9.73598301e-01, 9.72147346e-01,
       5.31508923e-02, -2.28264615e-01 ]
fx: 5.4068603515625000e+02
fy: 5.4068603515625000e+02
cx: 4.7975000000000000e+02
cy: 2.6975000000000000e+02
