%YAML:1.0
TVector: !!opencv-matrix
   rows: 3
   cols: 1
   dt: f
   data: [ -2.02010758e-02, -5.42666065e-04, -2.33810514e-01 ]
RMatrix: !!opencv-matrix
   rows: 3
   cols: 3
   dt: f
   data: [ 1.07666560e-01, -9.92829084e-01, -5.19435480e-02,
       2.61475407e-02, -4.94013764e-02, 9.98436630e-01, -9.93843198e-01,
       -1.08856440e-01, 2.06411630e-02 ]
fx: 5.4068603515625000e+02
fy: 5.4068603515625000e+02
cx: 4.7975000000000000e+02
cy: 2.6975000000000000e+02
