%YAML:1.0
TVector: !!opencv-matrix
   rows: 3
   cols: 1
   dt: f
   data: [ -8.85723606e-02, -4.90656607e-02, -1.56119958e-01 ]
RMatrix: !!opencv-matrix
   rows: 3
   cols: 3
   dt: f
   data: [ 9.23680604e-01, -3.82896364e-01, 1.43198436e-02,
       6.70773685e-02, 1.98383674e-01, 9.77826595e-01, 3.77246976e-01,
       9.02238607e-01, -2.08926752e-01 ]
fx: 5.4068603515625000e+02
fy: 5.4068603515625000e+02
cx: 4.7975000000000000e+02
cy: 2.6975000000000000e+02
