%YAML:1.0
TVector: !!opencv-matrix
   rows: 3
   cols: 1
   dt: f
   data: [ 1.59612313e-01, -1.82375848e-01, -1.74167836e+00 ]
RMatrix: !!opencv-matrix
   rows: 3
   cols: 3
   dt: f
   data: [ 4.94754732e-01, -8.63917410e-01, -9.41517502e-02,
       7.22409934e-02, -6.70799613e-02, 9.95128870e-01, -8.66024911e-01,
       -4.99146342e-01, 2.92221215e-02 ]
fx: 5.4068603515625000e+02
fy: 5.4068603515625000e+02
cx: 4.7975000000000000e+02
cy: 2.6975000000000000e+02
