%YAML:1.0
TVector: !!opencv-matrix
   rows: 3
   cols: 1
   dt: f
   data: [ 1.62191063e-01, -1.84267253e-01, -1.74284422e+00 ]
RMatrix: !!opencv-matrix
   rows: 3
   cols: 3
   dt: f
   data: [ 4.88545477e-01, -8.67272615e-01, -9.57142562e-02,
       7.12090805e-02, -6.97001368e-02, 9.95023072e-01, -8.69627714e-01,
       -4.92929727e-01, 2.77060121e-02 ]
fx: 5.4068603515625000e+02
fy: 5.4068603515625000e+02
cx: 4.7975000000000000e+02
cy: 2.6975000000000000e+02
