%YAML:1.0
TVector: !!opencv-matrix
   rows: 3
   cols: 1
   dt: f
   data: [ 1.68110609e-01, -1.87408641e-01, -1.74617505e+00 ]
RMatrix: !!opencv-matrix
   rows: 3
   cols: 3
   dt: f
   data: [ 4.77000147e-01, -8.73729646e-01, -9.52234715e-02,
       6.97569400e-02, -7.03659803e-02, 9.95079219e-01, -8.76130819e-01,
       -4.81295437e-01, 2.73841228e-02 ]
fx: 5.4068603515625000e+02
fy: 5.4068603515625000e+02
cx: 4.7975000000000000e+02
cy: 2.6975000000000000e+02
