%YAML:1.0
TVector: !!opencv-matrix
   rows: 3
   cols: 1
   dt: f
   data: [ -8.96562189e-02, -4.77756225e-02, -1.57883003e-01 ]
RMatrix: !!opencv-matrix
   rows: 3
   cols: 3
   dt: f
   data: [ 9.24717546e-01, -3.80568236e-01, 8.07070546e-03,
       7.47571737e-02, 2.02355161e-01, 9.76454556e-01, 3.73240709e-01,
       9.02341425e-01, -2.15571597e-01 ]
fx: 5.4068603515625000e+02
fy: 5.4068603515625000e+02
cx: 4.7975000000000000e+02
cy: 2.6975000000000000e+02
