%YAML:1.0
TVector: !!opencv-matrix
   rows: 3
   cols: 1
   dt: f
   data: [ 1.76538259e-01, -1.94889516e-01, -1.74995697e+00 ]
RMatrix: !!opencv-matrix
   rows: 3
   cols: 3
   dt: f
   data: [ 4.63141590e-01, -8.80314350e-01, -1.02696128e-01,
       7.87568837e-02, -7.45358765e-02, 9.94103611e-01, -8.82778227e-01,
       -4.68498737e-01, 3.48101556e-02 ]
fx: 5.4068603515625000e+02
fy: 5.4068603515625000e+02
cx: 4.7975000000000000e+02
cy: 2.6975000000000000e+02
