%YAML:1.0
TVector: !!opencv-matrix
   rows: 3
   cols: 1
   dt: f
   data: [ -8.93746167e-02, -4.58063148e-02, -1.58517852e-01 ]
RMatrix: !!opencv-matrix
   rows: 3
   cols: 3
   dt: f
   data: [ 9.24760997e-01, -3.80507290e-01, 5.59065351e-03,
       7.82404244e-02, 2.04486743e-01, 9.75737453e-01, 3.72418463e-01,
       9.01886404e-01, -2.18872398e-01 ]
fx: 5.4068603515625000e+02
fy: 5.4068603515625000e+02
cx: 4.7975000000000000e+02
cy: 2.6975000000000000e+02
