%YAML:1.0
TVector: !!opencv-matrix
   rows: 3
   cols: 1
   dt: f
   data: [ 1.78787872e-01, -1.97394162e-01, -1.75029624e+00 ]
RMatrix: !!opencv-matrix
   rows: 3
   cols: 3
   dt: f
   data: [ 4.60410744e-01, -8.81798565e-01, -1.02241293e-01,
       7.92554840e-02, -7.38822892e-02, 9.94112730e-01, -8.84161055e-01,
       -4.65803295e-01, 3.58711779e-02 ]
fx: 5.4068603515625000e+02
fy: 5.4068603515625000e+02
cx: 4.7975000000000000e+02
cy: 2.6975000000000000e+02
