%YAML:1.0
TVector: !!opencv-matrix
   rows: 3
   cols: 1
   dt: f
   data: [ 1.82511464e-01, -1.98453680e-01, -1.75226080e+00 ]
RMatrix: !!opencv-matrix
   rows: 3
   cols: 3
   dt: f
   data: [ 4.57403898e-01, -8.83488178e-01, -1.01145573e-01,
       7.92754740e-02, -7.27766156e-02, 9.94192719e-01, -8.85718405e-01,
       -4.62765902e-01, 3.67506258e-02 ]
fx: 5.4068603515625000e+02
fy: 5.4068603515625000e+02
cx: 4.7975000000000000e+02
cy: 2.6975000000000000e+02
