%YAML:1.0
TVector: !!opencv-matrix
   rows: 3
   cols: 1
   dt: f
   data: [ -9.00020897e-02, -4.64667082e-02, -1.60831168e-01 ]
RMatrix: !!opencv-matrix
   rows: 3
   cols: 3
   dt: f
   data: [ 9.25285459e-01, -3.79259884e-01, 2.97167152e-03,
       8.50866511e-02, 2.15209737e-01, 9.72854078e-01, 3.69604111e-01,
       8.99914801e-01, -2.31400371e-01 ]
fx: 5.4068603515625000e+02
fy: 5.4068603515625000e+02
cx: 4.7975000000000000e+02
cy: 2.6975000000000000e+02
