%YAML:1.0
TVector: !!opencv-matrix
   rows: 3
   cols: 1
   dt: f
   data: [ 1.89071685e-01, -2.08141565e-01, -1.75611353e+00 ]
RMatrix: !!opencv-matrix
   rows: 3
   cols: 3
   dt: f
   data: [ 4.47079718e-01, -8.87703121e-01, -1.10012442e-01,
       9.23337638e-02, -7.65322298e-02, 9.92782593e-01, -8.89715910e-01,
       -4.54010814e-01, 4.77489606e-02 ]
fx: 5.4068603515625000e+02
fy: 5.4068603515625000e+02
cx: 4.7975000000000000e+02
cy: 2.6975000000000000e+02
