%YAML:1.0
TVector: !!opencv-matrix
   rows: 3
   cols: 1
   dt: f
   data: [ -8.89899954e-02, -4.53646034e-02, -1.62786782e-01 ]
RMatrix: !!opencv-matrix
   rows: 3
   cols: 3
   dt: f
   data: [ 9.25437808e-01, -3.78898889e-01, 8.10712576e-04,
       8.79937336e-02, 2.16999605e-01, 9.72197592e-01, 3.68540496e-01,
       8.99637043e-01, -2.34160289e-01 ]
fx: 5.4068603515625000e+02
fy: 5.4068603515625000e+02
cx: 4.7975000000000000e+02
cy: 2.6975000000000000e+02
