%YAML:1.0
TVector: !!opencv-matrix
   rows: 3
   cols: 1
   dt: f
   data: [ 1.93693265e-01, -2.12687775e-01, -1.75933111e+00 ]
RMatrix: !!opencv-matrix
   rows: 3
   cols: 3
   dt: f
   data: [ 4.37932253e-01, -8.91678035e-01, -1.14566892e-01,
       9.60601121e-02, -8.02953616e-02, 9.92131591e-01, -8.93861294e-01,
       -4.45491672e-01, 5.04907779e-02 ]
fx: 5.4068603515625000e+02
fy: 5.4068603515625000e+02
cx: 4.7975000000000000e+02
cy: 2.6975000000000000e+02
