%YAML:1.0
TVector: !!opencv-matrix
   rows: 3
   cols: 1
   dt: f
   data: [ 1.95712119e-01, -2.16094047e-01, -1.76049483e+00 ]
RMatrix: !!opencv-matrix
   rows: 3
   cols: 3
   dt: f
   data: [ 4.33083475e-01, -8.93820226e-01, -1.16292126e-01,
       1.00461207e-01, -8.03492516e-02, 9.91691291e-01, -8.95737708e-01,
       -4.41167980e-01, 5.49963452e-02 ]
fx: 5.4068603515625000e+02
fy: 5.4068603515625000e+02
cx: 4.7975000000000000e+02
cy: 2.6975000000000000e+02
