%YAML:1.0
TVector: !!opencv-matrix
   rows: 3
   cols: 1
   dt: f
   data: [ 1.97444290e-01, -2.21284896e-01, -1.76122153e+00 ]
RMatrix: !!opencv-matrix
   rows: 3
   cols: 3
   dt: f
   data: [ 4.28330570e-01, -8.95784259e-01, -1.18758962e-01,
       1.03291281e-01, -8.20271000e-02, 9.91263092e-01, -8.97699177e-01,
       -4.36855108e-01, 5.73919825e-02 ]
fx: 5.4068603515625000e+02
fy: 5.4068603515625000e+02
cx: 4.7975000000000000e+02
cy: 2.6975000000000000e+02
