%YAML:1.0
TVector: !!opencv-matrix
   rows: 3
   cols: 1
   dt: f
   data: [ -8.82704780e-02, -4.44259904e-02, -1.65231615e-01 ]
RMatrix: !!opencv-matrix
   rows: 3
   cols: 3
   dt: f
   data: [ 9.27303731e-01, -3.74259084e-01, -6.16317382e-03,
       9.80741903e-02, 2.27042854e-01, 9.68933940e-01, 3.61233115e-01,
       8.99100661e-01, -2.47242898e-01 ]
fx: 5.4068603515625000e+02
fy: 5.4068603515625000e+02
cx: 4.7975000000000000e+02
cy: 2.6975000000000000e+02
