%YAML:1.0
TVector: !!opencv-matrix
   rows: 3
   cols: 1
   dt: f
   data: [ -2.30638348e-02, 2.58567790e-03, -2.39543691e-01 ]
RMatrix: !!opencv-matrix
   rows: 3
   cols: 3
   dt: f
   data: [ 1.10600635e-01, -9.92445111e-01, -5.31053990e-02,
       2.86350474e-02, -5.02289906e-02, 9.98327136e-01, -9.93452370e-01,
       -1.11936301e-01, 2.28633545e-02 ]
fx: 5.4068603515625000e+02
fy: 5.4068603515625000e+02
cx: 4.7975000000000000e+02
cy: 2.6975000000000000e+02
