%YAML:1.0
TVector: !!opencv-matrix
   rows: 3
   cols: 1
   dt: f
   data: [ 1.45405633e-02, 2.89293304e-02, -5.89158833e-02 ]
RMatrix: !!opencv-matrix
   rows: 3
   cols: 3
   dt: f
   data: [ 5.60099930e-02, -9.98427391e-01, 2.33415002e-03,
       2.32515007e-01, 1.53171457e-02, 9.72472131e-01, 9.70978618e-01,
       5.39254285e-02, -2.33007282e-01 ]
fx: 5.4068603515625000e+02
fy: 5.4068603515625000e+02
cx: 4.7975000000000000e+02
cy: 2.6975000000000000e+02
