%YAML:1.0
TVector: !!opencv-matrix
   rows: 3
   cols: 1
   dt: f
   data: [ 2.02058077e-01, -2.27301523e-01, -1.76383507e+00 ]
RMatrix: !!opencv-matrix
   rows: 3
   cols: 3
   dt: f
   data: [ 4.20415461e-01, -8.99703741e-01, -1.17404602e-01,
       1.04724079e-01, -8.04143324e-02, 9.91244853e-01, -9.01267767e-01,
       -4.29029673e-01, 6.04132041e-02 ]
fx: 5.4068603515625000e+02
fy: 5.4068603515625000e+02
cx: 4.7975000000000000e+02
cy: 2.6975000000000000e+02
