%YAML:1.0
TVector: !!opencv-matrix
   rows: 3
   cols: 1
   dt: f
   data: [ -8.98828655e-02, -3.99229601e-02, -1.66292280e-01 ]
RMatrix: !!opencv-matrix
   rows: 3
   cols: 3
   dt: f
   data: [ 9.28235292e-01, -3.71896684e-01, -8.51081405e-03,
       1.00780323e-01, 2.29387641e-01, 9.68103647e-01, 3.58082205e-01,
       8.99485588e-01, -2.50405520e-01 ]
fx: 5.4068603515625000e+02
fy: 5.4068603515625000e+02
cx: 4.7975000000000000e+02
cy: 2.6975000000000000e+02
