%YAML:1.0
TVector: !!opencv-matrix
   rows: 3
   cols: 1
   dt: f
   data: [ 2.06935301e-01, -2.40756869e-01, -1.76532876e+00 ]
RMatrix: !!opencv-matrix
   rows: 3
   cols: 3
   dt: f
   data: [ 4.15861696e-01, -9.02229428e-01, -1.14198044e-01,
       1.06962606e-01, -7.61752129e-02, 9.91340697e-01, -9.03115869e-01,
       -4.24475491e-01, 6.48264512e-02 ]
fx: 5.4068603515625000e+02
fy: 5.4068603515625000e+02
cx: 4.7975000000000000e+02
cy: 2.6975000000000000e+02
