%YAML:1.0
TVector: !!opencv-matrix
   rows: 3
   cols: 1
   dt: f
   data: [ 2.10407510e-01, -2.48170510e-01, -1.76611793e+00 ]
RMatrix: !!opencv-matrix
   rows: 3
   cols: 3
   dt: f
   data: [ 4.15489733e-01, -9.02524889e-01, -1.13211758e-01,
       1.09964639e-01, -7.37111419e-02, 9.91198540e-01, -9.02926385e-01,
       -4.24282074e-01, 6.86196238e-02 ]
fx: 5.4068603515625000e+02
fy: 5.4068603515625000e+02
cx: 4.7975000000000000e+02
cy: 2.6975000000000000e+02
