%YAML:1.0
TVector: !!opencv-matrix
   rows: 3
   cols: 1
   dt: f
   data: [ 2.11285949e-01, -2.51307875e-01, -1.76626694e+00 ]
RMatrix: !!opencv-matrix
   rows: 3
   cols: 3
   dt: f
   data: [ 4.14359450e-01, -9.03211772e-01, -1.11869663e-01,
       1.12847276e-01, -7.09819719e-02, 9.91073728e-01, -9.03090239e-01,
       -4.23284858e-01, 7.25129396e-02 ]
fx: 5.4068603515625000e+02
fy: 5.4068603515625000e+02
cx: 4.7975000000000000e+02
cy: 2.6975000000000000e+02
