%YAML:1.0
TVector: !!opencv-matrix
   rows: 3
   cols: 1
   dt: f
   data: [ 2.16012865e-01, -2.60758758e-01, -1.76687491e+00 ]
RMatrix: !!opencv-matrix
   rows: 3
   cols: 3
   dt: f
   data: [ 4.12622303e-01, -9.04305935e-01, -1.09423056e-01,
       1.14973918e-01, -6.74612969e-02, 9.91075158e-01, -9.03616965e-01,
       -4.21520561e-01, 7.61355832e-02 ]
fx: 5.4068603515625000e+02
fy: 5.4068603515625000e+02
cx: 4.7975000000000000e+02
cy: 2.6975000000000000e+02
