%YAML:1.0
TVector: !!opencv-matrix
   rows: 3
   cols: 1
   dt: f
   data: [ 2.19339281e-01, -2.68867493e-01, -1.76751220e+00 ]
RMatrix: !!opencv-matrix
   rows: 3
   cols: 3
   dt: f
   data: [ 4.10866320e-01, -9.05067623e-01, -1.09734498e-01,
       1.16505824e-01, -6.72532693e-02, 9.90910470e-01, -9.04220879e-01,
       -4.19916391e-01, 7.78135285e-02 ]
fx: 5.4068603515625000e+02
fy: 5.4068603515625000e+02
cx: 4.7975000000000000e+02
cy: 2.6975000000000000e+02
