%YAML:1.0
TVector: !!opencv-matrix
   rows: 3
   cols: 1
   dt: f
   data: [ 2.25662366e-01, -2.74151742e-01, -1.76942956e+00 ]
RMatrix: !!opencv-matrix
   rows: 3
   cols: 3
   dt: f
   data: [ 4.09941345e-01, -9.05954480e-01, -1.05804279e-01,
       1.17197014e-01, -6.27200156e-02, 9.91126180e-01, -9.04551148e-01,
       -4.18703586e-01, 8.04636329e-02 ]
fx: 5.4068603515625000e+02
fy: 5.4068603515625000e+02
cx: 4.7975000000000000e+02
cy: 2.6975000000000000e+02
