%YAML:1.0
TVector: !!opencv-matrix
   rows: 3
   cols: 1
   dt: f
   data: [ 2.30506808e-01, -2.78909862e-01, -1.76967037e+00 ]
RMatrix: !!opencv-matrix
   rows: 3
   cols: 3
   dt: f
   data: [ 4.08654809e-01, -9.06242311e-01, -1.08289063e-01,
       1.23771027e-01, -6.25255331e-02, 9.90339041e-01, -9.04258013e-01,
       -4.18109834e-01, 8.66151601e-02 ]
fx: 5.4068603515625000e+02
fy: 5.4068603515625000e+02
cx: 4.7975000000000000e+02
cy: 2.6975000000000000e+02
