%YAML:1.0
TVector: !!opencv-matrix
   rows: 3
   cols: 1
   dt: f
   data: [ -9.36934054e-02, -4.09832932e-02, -1.75218582e-01 ]
RMatrix: !!opencv-matrix
   rows: 3
   cols: 3
   dt: f
   data: [ 9.34165299e-01, -3.56455863e-01, -1.65619776e-02,
       1.22078240e-01, 2.75629461e-01, 9.53480601e-01, 3.35308731e-01,
       8.92730415e-01, -3.00999016e-01 ]
fx: 5.4068603515625000e+02
fy: 5.4068603515625000e+02
cx: 4.7975000000000000e+02
cy: 2.6975000000000000e+02
