%YAML:1.0
TVector: !!opencv-matrix
   rows: 3
   cols: 1
   dt: f
   data: [ 2.34528080e-01, -2.86003768e-01, -1.76975346e+00 ]
RMatrix: !!opencv-matrix
   rows: 3
   cols: 3
   dt: f
   data: [ 4.07190353e-01, -9.06630397e-01, -1.10531628e-01,
       1.28067404e-01, -6.31472394e-02, 9.89753127e-01, -9.04320002e-01,
       -4.17173415e-01, 9.03968439e-02 ]
fx: 5.4068603515625000e+02
fy: 5.4068603515625000e+02
cx: 4.7975000000000000e+02
cy: 2.6975000000000000e+02
