%YAML:1.0
TVector: !!opencv-matrix
   rows: 3
   cols: 1
   dt: f
   data: [ 2.36109897e-01, -2.87699491e-01, -1.76975775e+00 ]
RMatrix: !!opencv-matrix
   rows: 3
   cols: 3
   dt: f
   data: [ 4.06042218e-01, -9.07175064e-01, -1.10285178e-01,
       1.27277732e-01, -6.33666366e-02, 9.89840865e-01, -9.04947519e-01,
       -4.15954083e-01, 8.97336453e-02 ]
fx: 5.4068603515625000e+02
fy: 5.4068603515625000e+02
cx: 4.7975000000000000e+02
cy: 2.6975000000000000e+02
