%YAML:1.0
TVector: !!opencv-matrix
   rows: 3
   cols: 1
   dt: f
   data: [ -2.77910251e-02, 4.90577519e-03, -2.44093925e-01 ]
RMatrix: !!opencv-matrix
   rows: 3
   cols: 3
   dt: f
   data: [ 1.13121957e-01, -9.92061257e-01, -5.49375899e-02,
       3.02153137e-02, -5.18320985e-02, 9.98198748e-01, -9.93121743e-01,
       -1.14578135e-01, 2.41120923e-02 ]
fx: 5.4068603515625000e+02
fy: 5.4068603515625000e+02
cx: 4.7975000000000000e+02
cy: 2.6975000000000000e+02
