%YAML:1.0
TVector: !!opencv-matrix
   rows: 3
   cols: 1
   dt: f
   data: [ -9.50095877e-02, -4.29867879e-02, -1.82128549e-01 ]
RMatrix: !!opencv-matrix
   rows: 3
   cols: 3
   dt: f
   data: [ 9.37404037e-01, -3.47697556e-01, -1.94964055e-02,
       1.27963647e-01, 2.91844487e-01, 9.47867215e-01, 3.23881090e-01,
       8.91029358e-01, -3.18068862e-01 ]
fx: 5.4068603515625000e+02
fy: 5.4068603515625000e+02
cx: 4.7975000000000000e+02
cy: 2.6975000000000000e+02
