%YAML:1.0
TVector: !!opencv-matrix
   rows: 3
   cols: 1
   dt: f
   data: [ 2.41422728e-01, -2.94795334e-01, -1.77093637e+00 ]
RMatrix: !!opencv-matrix
   rows: 3
   cols: 3
   dt: f
   data: [ 4.01824951e-01, -9.09125984e-01, -1.09666899e-01,
       1.24427982e-01, -6.44428208e-02, 9.90133882e-01, -9.07223582e-01,
       -4.11506057e-01, 8.72259662e-02 ]
fx: 5.4068603515625000e+02
fy: 5.4068603515625000e+02
cx: 4.7975000000000000e+02
cy: 2.6975000000000000e+02
