%YAML:1.0
TVector: !!opencv-matrix
   rows: 3
   cols: 1
   dt: f
   data: [ 2.47075185e-01, -2.99861550e-01, -1.77193975e+00 ]
RMatrix: !!opencv-matrix
   rows: 3
   cols: 3
   dt: f
   data: [ 3.96467537e-01, -9.11445260e-01, -1.09915361e-01,
       1.33950740e-01, -6.10141419e-02, 9.89108026e-01, -9.08224106e-01,
       -4.06872422e-01, 9.78986397e-02 ]
fx: 5.4068603515625000e+02
fy: 5.4068603515625000e+02
cx: 4.7975000000000000e+02
cy: 2.6975000000000000e+02
