%YAML:1.0
TVector: !!opencv-matrix
   rows: 3
   cols: 1
   dt: f
   data: [ 2.49394730e-01, -3.02018881e-01, -1.77232039e+00 ]
RMatrix: !!opencv-matrix
   rows: 3
   cols: 3
   dt: f
   data: [ 3.94756794e-01, -9.12021697e-01, -1.11281067e-01,
       1.41103745e-01, -5.95017225e-02, 9.88205016e-01, -9.07885909e-01,
       -4.05802816e-01, 1.05200969e-01 ]
fx: 5.4068603515625000e+02
fy: 5.4068603515625000e+02
cx: 4.7975000000000000e+02
cy: 2.6975000000000000e+02
