%YAML:1.0
TVector: !!opencv-matrix
   rows: 3
   cols: 1
   dt: f
   data: [ 2.51176208e-01, -3.09110165e-01, -1.77295041e+00 ]
RMatrix: !!opencv-matrix
   rows: 3
   cols: 3
   dt: f
   data: [ 3.95685256e-01, -9.11322117e-01, -1.13688953e-01,
       1.55126438e-01, -5.56914657e-02, 9.86323655e-01, -9.05190051e-01,
       -4.07909900e-01, 1.19333856e-01 ]
fx: 5.4068603515625000e+02
fy: 5.4068603515625000e+02
cx: 4.7975000000000000e+02
cy: 2.6975000000000000e+02
