%YAML:1.0
TVector: !!opencv-matrix
   rows: 3
   cols: 1
   dt: f
   data: [ 2.54128218e-01, -3.16954285e-01, -1.77156520e+00 ]
RMatrix: !!opencv-matrix
   rows: 3
   cols: 3
   dt: f
   data: [ 3.96180272e-01, -9.11082208e-01, -1.13887250e-01,
       1.61946803e-01, -5.27537987e-02, 9.85388398e-01, -9.03777778e-01,
       -4.08835053e-01, 1.26646847e-01 ]
fx: 5.4068603515625000e+02
fy: 5.4068603515625000e+02
cx: 4.7975000000000000e+02
cy: 2.6975000000000000e+02
