%YAML:1.0
TVector: !!opencv-matrix
   rows: 3
   cols: 1
   dt: f
   data: [ -9.51561108e-02, -4.62734103e-02, -1.85245246e-01 ]
RMatrix: !!opencv-matrix
   rows: 3
   cols: 3
   dt: f
   data: [ 9.39843953e-01, -3.41560513e-01, -5.48781641e-03,
       1.22910418e-01, 3.23126286e-01, 9.38340366e-01, 3.18726689e-01,
       8.82567942e-01, -3.45669538e-01 ]
fx: 5.4068603515625000e+02
fy: 5.4068603515625000e+02
cx: 4.7975000000000000e+02
cy: 2.6975000000000000e+02
