%YAML:1.0
TVector: !!opencv-matrix
   rows: 3
   cols: 1
   dt: f
   data: [ 2.57246137e-01, -3.22618186e-01, -1.77176833e+00 ]
RMatrix: !!opencv-matrix
   rows: 3
   cols: 3
   dt: f
   data: [ 3.97573918e-01, -9.11108553e-01, -1.08703539e-01,
       1.63595483e-01, -4.61856797e-02, 9.85445857e-01, -9.02868629e-01,
       -4.09570903e-01, 1.30691037e-01 ]
fx: 5.4068603515625000e+02
fy: 5.4068603515625000e+02
cx: 4.7975000000000000e+02
cy: 2.6975000000000000e+02
