%YAML:1.0
TVector: !!opencv-matrix
   rows: 3
   cols: 1
   dt: f
   data: [ 2.61841953e-01, -3.29633504e-01, -1.77274799e+00 ]
RMatrix: !!opencv-matrix
   rows: 3
   cols: 3
   dt: f
   data: [ 3.95956993e-01, -9.11979616e-01, -1.07290491e-01,
       1.59134522e-01, -4.69233394e-02, 9.86141145e-01, -9.04375017e-01,
       -4.07543153e-01, 1.26547828e-01 ]
fx: 5.4068603515625000e+02
fy: 5.4068603515625000e+02
cx: 4.7975000000000000e+02
cy: 2.6975000000000000e+02
