%YAML:1.0
TVector: !!opencv-matrix
   rows: 3
   cols: 1
   dt: f
   data: [ -8.94172639e-02, -4.52825017e-02, -1.92170709e-01 ]
RMatrix: !!opencv-matrix
   rows: 3
   cols: 3
   dt: f
   data: [ 9.43352580e-01, -3.31665605e-01, -9.13619064e-03,
       1.26321778e-01, 3.33560973e-01, 9.34226811e-01, 3.06803465e-01,
       8.82459521e-01, -3.56562287e-01 ]
fx: 5.4068603515625000e+02
fy: 5.4068603515625000e+02
cx: 4.7975000000000000e+02
cy: 2.6975000000000000e+02
