%YAML:1.0
TVector: !!opencv-matrix
   rows: 3
   cols: 1
   dt: f
   data: [ 2.64205098e-01, -3.31550568e-01, -1.77347720e+00 ]
RMatrix: !!opencv-matrix
   rows: 3
   cols: 3
   dt: f
   data: [ 3.93685073e-01, -9.13035035e-01, -1.06674209e-01,
       1.57492056e-01, -4.73361798e-02, 9.86385167e-01, -9.05653715e-01,
       -4.05125469e-01, 1.25160202e-01 ]
fx: 5.4068603515625000e+02
fy: 5.4068603515625000e+02
cx: 4.7975000000000000e+02
cy: 2.6975000000000000e+02
