%YAML:1.0
TVector: !!opencv-matrix
   rows: 3
   cols: 1
   dt: f
   data: [ 2.65070677e-01, -3.34421128e-01, -1.77405643e+00 ]
RMatrix: !!opencv-matrix
   rows: 3
   cols: 3
   dt: f
   data: [ 3.93158764e-01, -9.13182437e-01, -1.07351035e-01,
       1.57411873e-01, -4.81815785e-02, 9.86356974e-01, -9.05896068e-01,
       -4.04693246e-01, 1.24802738e-01 ]
fx: 5.4068603515625000e+02
fy: 5.4068603515625000e+02
cx: 4.7975000000000000e+02
cy: 2.6975000000000000e+02
