%YAML:1.0
TVector: !!opencv-matrix
   rows: 3
   cols: 1
   dt: f
   data: [ -9.03723910e-02, -4.80743051e-02, -1.93284243e-01 ]
RMatrix: !!opencv-matrix
   rows: 3
   cols: 3
   dt: f
   data: [ 9.44765925e-01, -3.27602088e-01, -9.71333683e-03,
       1.26858294e-01, 3.38196516e-01, 9.32485998e-01, 3.02199304e-01,
       8.82213175e-01, -3.61075550e-01 ]
fx: 5.4068603515625000e+02
fy: 5.4068603515625000e+02
cx: 4.7975000000000000e+02
cy: 2.6975000000000000e+02
