%YAML:1.0
TVector: !!opencv-matrix
   rows: 3
   cols: 1
   dt: f
   data: [ 2.71493077e-01, -3.39434087e-01, -1.77524471e+00 ]
RMatrix: !!opencv-matrix
   rows: 3
   cols: 3
   dt: f
   data: [ 3.86911571e-01, -9.16173816e-01, -1.04522906e-01,
       1.49518982e-01, -4.95186076e-02, 9.87518132e-01, -9.09914136e-01,
       -3.97710264e-01, 1.17826067e-01 ]
fx: 5.4068603515625000e+02
fy: 5.4068603515625000e+02
cx: 4.7975000000000000e+02
cy: 2.6975000000000000e+02
