%YAML:1.0
TVector: !!opencv-matrix
   rows: 3
   cols: 1
   dt: f
   data: [ -3.42474580e-02, 9.19520762e-03, -2.54682660e-01 ]
RMatrix: !!opencv-matrix
   rows: 3
   cols: 3
   dt: f
   data: [ 1.21212512e-01, -9.90980983e-01, -5.71330227e-02,
       3.40916514e-02, -5.33673279e-02, 9.97992754e-01, -9.92040992e-01,
       -1.22916974e-01, 2.73153875e-02 ]
fx: 5.4068603515625000e+02
fy: 5.4068603515625000e+02
cx: 4.7975000000000000e+02
cy: 2.6975000000000000e+02
