%YAML:1.0
TVector: !!opencv-matrix
   rows: 3
   cols: 1
   dt: f
   data: [ 1.39907356e-02, 2.77913194e-02, -6.12257868e-02 ]
RMatrix: !!opencv-matrix
   rows: 3
   cols: 3
   dt: f
   data: [ 5.77949993e-02, -9.98320043e-01, 4.12258739e-03,
       2.41529062e-01, 1.79892387e-02, 9.70226824e-01, 9.68670964e-01,
       5.50785400e-02, -2.42162958e-01 ]
fx: 5.4068603515625000e+02
fy: 5.4068603515625000e+02
cx: 4.7975000000000000e+02
cy: 2.6975000000000000e+02
