%YAML:1.0
TVector: !!opencv-matrix
   rows: 3
   cols: 1
   dt: f
   data: [ 2.75358617e-01, -3.44578385e-01, -1.77674437e+00 ]
RMatrix: !!opencv-matrix
   rows: 3
   cols: 3
   dt: f
   data: [ 3.81862700e-01, -9.18317199e-01, -1.04280755e-01,
       1.49269640e-01, -5.00694960e-02, 9.87528086e-01, -9.12085354e-01,
       -3.92666072e-01, 1.17957182e-01 ]
fx: 5.4068603515625000e+02
fy: 5.4068603515625000e+02
cx: 4.7975000000000000e+02
cy: 2.6975000000000000e+02
