%YAML:1.0
TVector: !!opencv-matrix
   rows: 3
   cols: 1
   dt: f
   data: [ 2.76907325e-01, -3.46113145e-01, -1.77682757e+00 ]
RMatrix: !!opencv-matrix
   rows: 3
   cols: 3
   dt: f
   data: [ 3.80397022e-01, -9.19084489e-01, -1.02867603e-01,
       1.48043603e-01, -4.92798761e-02, 9.87752259e-01, -9.12897229e-01,
       -3.90966892e-01, 1.17318638e-01 ]
fx: 5.4068603515625000e+02
fy: 5.4068603515625000e+02
cx: 4.7975000000000000e+02
cy: 2.6975000000000000e+02
