%YAML:1.0
TVector: !!opencv-matrix
   rows: 3
   cols: 1
   dt: f
   data: [ 2.80695885e-01, -3.50797027e-01, -1.77833772e+00 ]
RMatrix: !!opencv-matrix
   rows: 3
   cols: 3
   dt: f
   data: [ 3.78148973e-01, -9.20157969e-01, -1.01551019e-01,
       1.48165330e-01, -4.81249988e-02, 9.87790942e-01, -9.13810849e-01,
       -3.88578534e-01, 1.18137091e-01 ]
fx: 5.4068603515625000e+02
fy: 5.4068603515625000e+02
cx: 4.7975000000000000e+02
cy: 2.6975000000000000e+02
