%YAML:1.0
TVector: !!opencv-matrix
   rows: 3
   cols: 1
   dt: f
   data: [ 2.84790665e-01, -3.53710979e-01, -1.77898264e+00 ]
RMatrix: !!opencv-matrix
   rows: 3
   cols: 3
   dt: f
   data: [ 3.77115875e-01, -9.20479000e-01, -1.02479249e-01,
       1.49284557e-01, -4.87897061e-02, 9.87589836e-01, -9.14055705e-01,
       -3.87734354e-01, 1.19013928e-01 ]
fx: 5.4068603515625000e+02
fy: 5.4068603515625000e+02
cx: 4.7975000000000000e+02
cy: 2.6975000000000000e+02
