%YAML:1.0
TVector: !!opencv-matrix
   rows: 3
   cols: 1
   dt: f
   data: [ -9.12513882e-02, -4.88632731e-02, -1.96603209e-01 ]
RMatrix: !!opencv-matrix
   rows: 3
   cols: 3
   dt: f
   data: [ 9.49119866e-01, -3.14818472e-01, -7.81917013e-03,
       1.23301484e-01, 3.48655105e-01, 9.29105163e-01, 2.89773256e-01,
       8.82796288e-01, -3.69733036e-01 ]
fx: 5.4068603515625000e+02
fy: 5.4068603515625000e+02
cx: 4.7975000000000000e+02
cy: 2.6975000000000000e+02
