%YAML:1.0
TVector: !!opencv-matrix
   rows: 3
   cols: 1
   dt: f
   data: [ 2.86608279e-01, -3.55175495e-01, -1.78015566e+00 ]
RMatrix: !!opencv-matrix
   rows: 3
   cols: 3
   dt: f
   data: [ 3.77455831e-01, -9.20302391e-01, -1.02813743e-01,
       1.51651978e-01, -4.80953641e-02, 9.87263143e-01, -9.13525462e-01,
       -3.88240159e-01, 1.21411800e-01 ]
fx: 5.4068603515625000e+02
fy: 5.4068603515625000e+02
cx: 4.7975000000000000e+02
cy: 2.6975000000000000e+02
