%YAML:1.0
TVector: !!opencv-matrix
   rows: 3
   cols: 1
   dt: f
   data: [ -8.94500166e-02, -5.06630242e-02, -2.00618789e-01 ]
RMatrix: !!opencv-matrix
   rows: 3
   cols: 3
   dt: f
   data: [ 9.50347483e-01, -3.11126292e-01, -6.30365917e-03,
       1.22633174e-01, 3.55816722e-01, 9.26474690e-01, 2.86007702e-01,
       8.81245971e-01, -3.76304001e-01 ]
fx: 5.4068603515625000e+02
fy: 5.4068603515625000e+02
cx: 4.7975000000000000e+02
cy: 2.6975000000000000e+02
