%YAML:1.0
TVector: !!opencv-matrix
   rows: 3
   cols: 1
   dt: f
   data: [ 2.90141076e-01, -3.60867530e-01, -1.78226662e+00 ]
RMatrix: !!opencv-matrix
   rows: 3
   cols: 3
   dt: f
   data: [ 3.75730187e-01, -9.21102107e-01, -1.01970591e-01,
       1.58554703e-01, -4.45167981e-02, 9.86346185e-01, -9.13064837e-01,
       -3.86767954e-01, 1.29318744e-01 ]
fx: 5.4068603515625000e+02
fy: 5.4068603515625000e+02
cx: 4.7975000000000000e+02
cy: 2.6975000000000000e+02
