%YAML:1.0
TVector: !!opencv-matrix
   rows: 3
   cols: 1
   dt: f
   data: [ 2.90418327e-01, -3.62995744e-01, -1.78257954e+00 ]
RMatrix: !!opencv-matrix
   rows: 3
   cols: 3
   dt: f
   data: [ 3.74109119e-01, -9.21927691e-01, -1.00457281e-01,
       1.59522742e-01, -4.27354276e-02, 9.86268759e-01, -9.13561583e-01,
       -3.84997368e-01, 1.31080732e-01 ]
fx: 5.4068603515625000e+02
fy: 5.4068603515625000e+02
cx: 4.7975000000000000e+02
cy: 2.6975000000000000e+02
