%YAML:1.0
TVector: !!opencv-matrix
   rows: 3
   cols: 1
   dt: f
   data: [ 2.93580413e-01, -3.66850525e-01, -1.78522646e+00 ]
RMatrix: !!opencv-matrix
   rows: 3
   cols: 3
   dt: f
   data: [ 3.68876517e-01, -9.24257636e-01, -9.83770043e-02,
       1.59000069e-01, -4.15340103e-02, 9.86404538e-01, -9.15777862e-01,
       -3.79503459e-01, 1.31636098e-01 ]
fx: 5.4068603515625000e+02
fy: 5.4068603515625000e+02
cx: 4.7975000000000000e+02
cy: 2.6975000000000000e+02
