%YAML:1.0
TVector: !!opencv-matrix
   rows: 3
   cols: 1
   dt: f
   data: [ 2.97110945e-01, -3.68321866e-01, -1.78830075e+00 ]
RMatrix: !!opencv-matrix
   rows: 3
   cols: 3
   dt: f
   data: [ 3.64209324e-01, -9.26139295e-01, -9.80697945e-02,
       1.55236900e-01, -4.34582680e-02, 9.86920953e-01, -9.18288231e-01,
       -3.74669850e-01, 1.27943069e-01 ]
fx: 5.4068603515625000e+02
fy: 5.4068603515625000e+02
cx: 4.7975000000000000e+02
cy: 2.6975000000000000e+02
