%YAML:1.0
TVector: !!opencv-matrix
   rows: 3
   cols: 1
   dt: f
   data: [ 2.96734154e-01, -3.68881196e-01, -1.78860295e+00 ]
RMatrix: !!opencv-matrix
   rows: 3
   cols: 3
   dt: f
   data: [ 3.62914383e-01, -9.26656902e-01, -9.79770347e-02,
       1.58590391e-01, -4.21882011e-02, 9.86442626e-01, -9.18227673e-01,
       -3.73532444e-01, 1.31648228e-01 ]
fx: 5.4068603515625000e+02
fy: 5.4068603515625000e+02
cx: 4.7975000000000000e+02
cy: 2.6975000000000000e+02
