%YAML:1.0
TVector: !!opencv-matrix
   rows: 3
   cols: 1
   dt: f
   data: [ -3.61243300e-02, 1.01829935e-02, -2.59486496e-01 ]
RMatrix: !!opencv-matrix
   rows: 3
   cols: 3
   dt: f
   data: [ 1.25059307e-01, -9.90576208e-01, -5.58467247e-02,
       3.71822715e-02, -5.15697263e-02, 9.97977018e-01, -9.91452336e-01,
       -1.26882806e-01, 3.03826015e-02 ]
fx: 5.4068603515625000e+02
fy: 5.4068603515625000e+02
cx: 4.7975000000000000e+02
cy: 2.6975000000000000e+02
