%YAML:1.0
TVector: !!opencv-matrix
   rows: 3
   cols: 1
   dt: f
   data: [ 2.98535556e-01, -3.72291744e-01, -1.79051447e+00 ]
RMatrix: !!opencv-matrix
   rows: 3
   cols: 3
   dt: f
   data: [ 3.59428525e-01, -9.28662300e-01, -9.16369259e-02,
       1.58433929e-01, -3.60448882e-02, 9.86711442e-01, -9.19624805e-01,
       -3.69170636e-01, 1.34176061e-01 ]
fx: 5.4068603515625000e+02
fy: 5.4068603515625000e+02
cx: 4.7975000000000000e+02
cy: 2.6975000000000000e+02
