%YAML:1.0
TVector: !!opencv-matrix
   rows: 3
   cols: 1
   dt: f
   data: [ -8.68967772e-02, -5.09163886e-02, -2.05391511e-01 ]
RMatrix: !!opencv-matrix
   rows: 3
   cols: 3
   dt: f
   data: [ 9.55139279e-01, -2.96151698e-01, -1.77939236e-03,
       1.13747880e-01, 3.61295551e-01, 9.25487459e-01, 2.73441792e-01,
       8.84171844e-01, -3.78774166e-01 ]
fx: 5.4068603515625000e+02
fy: 5.4068603515625000e+02
cx: 4.7975000000000000e+02
cy: 2.6975000000000000e+02
