%YAML:1.0
TVector: !!opencv-matrix
   rows: 3
   cols: 1
   dt: f
   data: [ 2.99137741e-01, -3.73257399e-01, -1.79140186e+00 ]
RMatrix: !!opencv-matrix
   rows: 3
   cols: 3
   dt: f
   data: [ 3.57804894e-01, -9.29464102e-01, -8.98438543e-02,
       1.59018129e-01, -3.41595449e-02, 9.86684561e-01, -9.20156837e-01,
       -3.67327332e-01, 1.35579214e-01 ]
fx: 5.4068603515625000e+02
fy: 5.4068603515625000e+02
cx: 4.7975000000000000e+02
cy: 2.6975000000000000e+02
