%YAML:1.0
TVector: !!opencv-matrix
   rows: 3
   cols: 1
   dt: f
   data: [ 3.00828487e-01, -3.76176089e-01, -1.79373944e+00 ]
RMatrix: !!opencv-matrix
   rows: 3
   cols: 3
   dt: f
   data: [ 3.51200581e-01, -9.32424724e-01, -8.51026401e-02,
       1.56613275e-01, -3.11103817e-02, 9.87169862e-01, -9.23109114e-01,
       -3.60022873e-01, 1.35104075e-01 ]
fx: 5.4068603515625000e+02
fy: 5.4068603515625000e+02
cx: 4.7975000000000000e+02
cy: 2.6975000000000000e+02
