%YAML:1.0
TVector: !!opencv-matrix
   rows: 3
   cols: 1
   dt: f
   data: [ 3.02730620e-01, -3.80012065e-01, -1.79563069e+00 ]
RMatrix: !!opencv-matrix
   rows: 3
   cols: 3
   dt: f
   data: [ 3.47023875e-01, -9.34270740e-01, -8.19321573e-02,
       1.57243475e-01, -2.81639826e-02, 9.87158298e-01, -9.24580634e-01,
       -3.55450749e-01, 1.37134388e-01 ]
fx: 5.4068603515625000e+02
fy: 5.4068603515625000e+02
cx: 4.7975000000000000e+02
cy: 2.6975000000000000e+02
