%YAML:1.0
TVector: !!opencv-matrix
   rows: 3
   cols: 1
   dt: f
   data: [ -8.64828452e-02, -5.23133129e-02, -2.06485450e-01 ]
RMatrix: !!opencv-matrix
   rows: 3
   cols: 3
   dt: f
   data: [ 9.57659125e-01, -2.87903965e-01, -5.38207649e-04,
       1.09228328e-01, 3.61596823e-01, 9.25914168e-01, 2.66379714e-01,
       8.86768997e-01, -3.77733856e-01 ]
fx: 5.4068603515625000e+02
fy: 5.4068603515625000e+02
cx: 4.7975000000000000e+02
cy: 2.6975000000000000e+02
