%YAML:1.0
TVector: !!opencv-matrix
   rows: 3
   cols: 1
   dt: f
   data: [ 3.02564234e-01, -3.81563038e-01, -1.79536235e+00 ]
RMatrix: !!opencv-matrix
   rows: 3
   cols: 3
   dt: f
   data: [ 3.46891671e-01, -9.34580266e-01, -7.89038986e-02,
       1.55188456e-01, -2.57739667e-02, 9.87548590e-01, -9.24977124e-01,
       -3.54817331e-01, 1.36095330e-01 ]
fx: 5.4068603515625000e+02
fy: 5.4068603515625000e+02
cx: 4.7975000000000000e+02
cy: 2.6975000000000000e+02
