%YAML:1.0
TVector: !!opencv-matrix
   rows: 3
   cols: 1
   dt: f
   data: [ -8.43432322e-02, -5.19644544e-02, -2.08460182e-01 ]
RMatrix: !!opencv-matrix
   rows: 3
   cols: 3
   dt: f
   data: [ 9.58460808e-01, -2.85222232e-01, -9.53182462e-04,
       1.08608417e-01, 3.61873746e-01, 9.25878882e-01, 2.63736218e-01,
       8.87522101e-01, -3.77819300e-01 ]
fx: 5.4068603515625000e+02
fy: 5.4068603515625000e+02
cx: 4.7975000000000000e+02
cy: 2.6975000000000000e+02
