%YAML:1.0
TVector: !!opencv-matrix
   rows: 3
   cols: 1
   dt: f
   data: [ 3.04390728e-01, -3.82685721e-01, -1.79682517e+00 ]
RMatrix: !!opencv-matrix
   rows: 3
   cols: 3
   dt: f
   data: [ 3.44851613e-01, -9.35538411e-01, -7.64556676e-02,
       1.53211951e-01, -2.42585856e-02, 9.87895608e-01, -9.26068842e-01,
       -3.52391303e-01, 1.34970054e-01 ]
fx: 5.4068603515625000e+02
fy: 5.4068603515625000e+02
cx: 4.7975000000000000e+02
cy: 2.6975000000000000e+02
