%YAML:1.0
TVector: !!opencv-matrix
   rows: 3
   cols: 1
   dt: f
   data: [ -8.54580402e-02, -5.22608459e-02, -2.08513871e-01 ]
RMatrix: !!opencv-matrix
   rows: 3
   cols: 3
   dt: f
   data: [ 9.60337818e-01, -2.78837770e-01, 8.52443161e-04,
       1.04597636e-01, 3.63072515e-01, 9.25871253e-01, 2.58477360e-01,
       8.89060080e-01, -3.77837986e-01 ]
fx: 5.4068603515625000e+02
fy: 5.4068603515625000e+02
cx: 4.7975000000000000e+02
cy: 2.6975000000000000e+02
