%YAML:1.0
TVector: !!opencv-matrix
   rows: 3
   cols: 1
   dt: f
   data: [ 3.04895163e-01, -3.83577049e-01, -1.79754400e+00 ]
RMatrix: !!opencv-matrix
   rows: 3
   cols: 3
   dt: f
   data: [ 3.43098283e-01, -9.36302185e-01, -7.49770477e-02,
       1.55699939e-01, -2.20269021e-02, 9.87558782e-01, -9.26305056e-01,
       -3.50503683e-01, 1.38224840e-01 ]
fx: 5.4068603515625000e+02
fy: 5.4068603515625000e+02
cx: 4.7975000000000000e+02
cy: 2.6975000000000000e+02
