%YAML:1.0
TVector: !!opencv-matrix
   rows: 3
   cols: 1
   dt: f
   data: [ 3.06212276e-01, -3.84768009e-01, -1.79862702e+00 ]
RMatrix: !!opencv-matrix
   rows: 3
   cols: 3
   dt: f
   data: [ 3.41684014e-01, -9.36901808e-01, -7.39399418e-02,
       1.58644006e-01, -2.00473331e-02, 9.87132251e-01, -9.26328361e-01,
       -3.49017501e-01, 1.41783983e-01 ]
fx: 5.4068603515625000e+02
fy: 5.4068603515625000e+02
cx: 4.7975000000000000e+02
cy: 2.6975000000000000e+02
