%YAML:1.0
TVector: !!opencv-matrix
   rows: 3
   cols: 1
   dt: f
   data: [ -8.44759643e-02, -5.32216169e-02, -2.11392388e-01 ]
RMatrix: !!opencv-matrix
   rows: 3
   cols: 3
   dt: f
   data: [ 9.62379217e-01, -2.71697432e-01, 2.51981523e-03,
       1.00882277e-01, 3.65915418e-01, 9.25164044e-01, 2.52286792e-01,
       8.90104592e-01, -3.79558861e-01 ]
fx: 5.4068603515625000e+02
fy: 5.4068603515625000e+02
cx: 4.7975000000000000e+02
cy: 2.6975000000000000e+02
