%YAML:1.0
TVector: !!opencv-matrix
   rows: 3
   cols: 1
   dt: f
   data: [ 3.07674199e-01, -3.87810856e-01, -1.79900110e+00 ]
RMatrix: !!opencv-matrix
   rows: 3
   cols: 3
   dt: f
   data: [ 3.40623736e-01, -9.37679708e-01, -6.87926561e-02,
       1.67265609e-01, -1.15649235e-02, 9.85844076e-01, -9.25201535e-01,
       -3.47308487e-01, 1.52902260e-01 ]
fx: 5.4068603515625000e+02
fy: 5.4068603515625000e+02
cx: 4.7975000000000000e+02
cy: 2.6975000000000000e+02
