%YAML:1.0
TVector: !!opencv-matrix
   rows: 3
   cols: 1
   dt: f
   data: [ 3.08545619e-01, -3.90908360e-01, -1.79953611e+00 ]
RMatrix: !!opencv-matrix
   rows: 3
   cols: 3
   dt: f
   data: [ 3.34825605e-01, -9.39733028e-01, -6.92369416e-02,
       1.72897831e-01, -1.09599000e-02, 9.84878659e-01, -9.26281869e-01,
       -3.41733545e-01, 1.58808142e-01 ]
fx: 5.4068603515625000e+02
fy: 5.4068603515625000e+02
cx: 4.7975000000000000e+02
cy: 2.6975000000000000e+02
