%YAML:1.0
TVector: !!opencv-matrix
   rows: 3
   cols: 1
   dt: f
   data: [ -3.86237577e-02, 1.22767147e-02, -2.65165836e-01 ]
RMatrix: !!opencv-matrix
   rows: 3
   cols: 3
   dt: f
   data: [ 1.29027814e-01, -9.90001500e-01, -5.69985993e-02,
       4.00400981e-02, -5.22309691e-02, 9.97832060e-01, -9.90832329e-01,
       -1.31030321e-01, 3.29005085e-02 ]
fx: 5.4068603515625000e+02
fy: 5.4068603515625000e+02
cx: 4.7975000000000000e+02
cy: 2.6975000000000000e+02
