%YAML:1.0
TVector: !!opencv-matrix
   rows: 3
   cols: 1
   dt: f
   data: [ 1.68525577e-02, 3.01651172e-02, -6.36045411e-02 ]
RMatrix: !!opencv-matrix
   rows: 3
   cols: 3
   dt: f
   data: [ 6.08531013e-02, -9.98135924e-01, 4.65508411e-03,
       2.48676434e-01, 1.96773335e-02, 9.68386769e-01, 9.66673255e-01,
       5.77717200e-02, -2.49410316e-01 ]
fx: 5.4068603515625000e+02
fy: 5.4068603515625000e+02
cx: 4.7975000000000000e+02
cy: 2.6975000000000000e+02
