%YAML:1.0
TVector: !!opencv-matrix
   rows: 3
   cols: 1
   dt: f
   data: [ -8.15173686e-02, -5.52243441e-02, -2.13138610e-01 ]
RMatrix: !!opencv-matrix
   rows: 3
   cols: 3
   dt: f
   data: [ 9.63913321e-01, -2.66172528e-01, 4.83194692e-03,
       9.60277840e-02, 3.64567518e-01, 9.26212251e-01, 2.48293862e-01,
       8.92324269e-01, -3.76971334e-01 ]
fx: 5.4068603515625000e+02
fy: 5.4068603515625000e+02
cx: 4.7975000000000000e+02
cy: 2.6975000000000000e+02
