%YAML:1.0
TVector: !!opencv-matrix
   rows: 3
   cols: 1
   dt: f
   data: [ 3.09699208e-01, -3.91432077e-01, -1.80050492e+00 ]
RMatrix: !!opencv-matrix
   rows: 3
   cols: 3
   dt: f
   data: [ 3.31787139e-01, -9.40669954e-01, -7.11151212e-02,
       1.71491861e-01, -1.39854960e-02, 9.85086203e-01, -9.27635670e-01,
       -3.39034587e-01, 1.56677023e-01 ]
fx: 5.4068603515625000e+02
fy: 5.4068603515625000e+02
cx: 4.7975000000000000e+02
cy: 2.6975000000000000e+02
