%YAML:1.0
TVector: !!opencv-matrix
   rows: 3
   cols: 1
   dt: f
   data: [ 3.09838355e-01, -3.91210228e-01, -1.80091822e+00 ]
RMatrix: !!opencv-matrix
   rows: 3
   cols: 3
   dt: f
   data: [ 3.29097569e-01, -9.41448867e-01, -7.32718334e-02,
       1.71423852e-01, -1.67418793e-02, 9.85055208e-01, -9.28605855e-01,
       -3.36739779e-01, 1.55877113e-01 ]
fx: 5.4068603515625000e+02
fy: 5.4068603515625000e+02
cx: 4.7975000000000000e+02
cy: 2.6975000000000000e+02
