%YAML:1.0
TVector: !!opencv-matrix
   rows: 3
   cols: 1
   dt: f
   data: [ 3.10267180e-01, -3.91962409e-01, -1.80191052e+00 ]
RMatrix: !!opencv-matrix
   rows: 3
   cols: 3
   dt: f
   data: [ 3.25931102e-01, -9.42132533e-01, -7.84562081e-02,
       1.71897352e-01, -2.25461405e-02, 9.84856844e-01, -9.29634631e-01,
       -3.34481925e-01, 1.54601589e-01 ]
fx: 5.4068603515625000e+02
fy: 5.4068603515625000e+02
cx: 4.7975000000000000e+02
cy: 2.6975000000000000e+02
