%YAML:1.0
TVector: !!opencv-matrix
   rows: 3
   cols: 1
   dt: f
   data: [ 3.10208499e-01, -3.91585588e-01, -1.80178189e+00 ]
RMatrix: !!opencv-matrix
   rows: 3
   cols: 3
   dt: f
   data: [ 3.25066596e-01, -9.42527831e-01, -7.72837698e-02,
       1.71081096e-01, -2.17638556e-02, 9.85016584e-01, -9.30087507e-01,
       -3.33417773e-01, 1.54173985e-01 ]
fx: 5.4068603515625000e+02
fy: 5.4068603515625000e+02
cx: 4.7975000000000000e+02
cy: 2.6975000000000000e+02
