%YAML:1.0
TVector: !!opencv-matrix
   rows: 3
   cols: 1
   dt: f
   data: [ -8.16362277e-02, -5.35382852e-02, -2.14270458e-01 ]
RMatrix: !!opencv-matrix
   rows: 3
   cols: 3
   dt: f
   data: [ 9.66780305e-01, -2.55497366e-01, 7.53568113e-03,
       8.80711749e-02, 3.60640377e-01, 9.28537548e-01, 2.39956543e-01,
       8.97028208e-01, -3.71161997e-01 ]
fx: 5.4068603515625000e+02
fy: 5.4068603515625000e+02
cx: 4.7975000000000000e+02
cy: 2.6975000000000000e+02
