%YAML:1.0
TVector: !!opencv-matrix
   rows: 3
   cols: 1
   dt: f
   data: [ -8.13862607e-02, -5.59382439e-02, -2.16343284e-01 ]
RMatrix: !!opencv-matrix
   rows: 3
   cols: 3
   dt: f
   data: [ 9.67514515e-01, -2.52631456e-01, 9.66441818e-03,
       8.52943137e-02, 3.62163961e-01, 9.28203762e-01, 2.37993583e-01,
       8.97226214e-01, -3.71946841e-01 ]
fx: 5.4068603515625000e+02
fy: 5.4068603515625000e+02
cx: 4.7975000000000000e+02
cy: 2.6975000000000000e+02
