%YAML:1.0
TVector: !!opencv-matrix
   rows: 3
   cols: 1
   dt: f
   data: [ 3.10716838e-01, -3.91614556e-01, -1.80260003e+00 ]
RMatrix: !!opencv-matrix
   rows: 3
   cols: 3
   dt: f
   data: [ 3.22643638e-01, -9.43389952e-01, -7.69175664e-02,
       1.71756715e-01, -2.15607099e-02, 9.84903336e-01, -9.30806398e-01,
       -3.30983937e-01, 1.55077145e-01 ]
fx: 5.4068603515625000e+02
fy: 5.4068603515625000e+02
cx: 4.7975000000000000e+02
cy: 2.6975000000000000e+02
