%YAML:1.0
TVector: !!opencv-matrix
   rows: 3
   cols: 1
   dt: f
   data: [ 3.10610324e-01, -3.91666621e-01, -1.80364978e+00 ]
RMatrix: !!opencv-matrix
   rows: 3
   cols: 3
   dt: f
   data: [ 3.21205765e-01, -9.43839848e-01, -7.74162039e-02,
       1.70755848e-01, -2.26852484e-02, 9.85052168e-01, -9.31487560e-01,
       -3.29623729e-01, 1.53879523e-01 ]
fx: 5.4068603515625000e+02
fy: 5.4068603515625000e+02
cx: 4.7975000000000000e+02
cy: 2.6975000000000000e+02
