%YAML:1.0
TVector: !!opencv-matrix
   rows: 3
   cols: 1
   dt: f
   data: [ -7.93944225e-02, -5.44785447e-02, -2.19022989e-01 ]
RMatrix: !!opencv-matrix
   rows: 3
   cols: 3
   dt: f
   data: [ 9.68573928e-01, -2.48449653e-01, 1.17243407e-02,
       8.15102533e-02, 3.61593932e-01, 9.28766012e-01, 2.34991014e-01,
       8.98622751e-01, -3.70481551e-01 ]
fx: 5.4068603515625000e+02
fy: 5.4068603515625000e+02
cx: 4.7975000000000000e+02
cy: 2.6975000000000000e+02
