%YAML:1.0
TVector: !!opencv-matrix
   rows: 3
   cols: 1
   dt: f
   data: [ 3.11547011e-01, -3.91489029e-01, -1.80501914e+00 ]
RMatrix: !!opencv-matrix
   rows: 3
   cols: 3
   dt: f
   data: [ 3.17486525e-01, -9.45227861e-01, -7.58058950e-02,
       1.72500789e-01, -2.10381113e-02, 9.84784722e-01, -9.32440817e-01,
       -3.25732440e-01, 1.56373203e-01 ]
fx: 5.4068603515625000e+02
fy: 5.4068603515625000e+02
cx: 4.7975000000000000e+02
cy: 2.6975000000000000e+02
