%YAML:1.0
TVector: !!opencv-matrix
   rows: 3
   cols: 1
   dt: f
   data: [ -7.75419325e-02, -5.57731204e-02, -2.20464736e-01 ]
RMatrix: !!opencv-matrix
   rows: 3
   cols: 3
   dt: f
   data: [ 9.69039440e-01, -2.46611297e-01, 1.20359985e-02,
       8.02956223e-02, 3.60863239e-01, 9.29155529e-01, 2.33483702e-01,
       8.99422288e-01, -3.69492590e-01 ]
fx: 5.4068603515625000e+02
fy: 5.4068603515625000e+02
cx: 4.7975000000000000e+02
cy: 2.6975000000000000e+02
