%YAML:1.0
TVector: !!opencv-matrix
   rows: 3
   cols: 1
   dt: f
   data: [ 3.12052548e-01, -3.92423362e-01, -1.80744672e+00 ]
RMatrix: !!opencv-matrix
   rows: 3
   cols: 3
   dt: f
   data: [ 3.11747551e-01, -9.47015703e-01, -7.72965923e-02,
       1.75630778e-01, -2.25157179e-02, 9.84198630e-01, -9.33791935e-01,
       -3.20397109e-01, 1.59305871e-01 ]
fx: 5.4068603515625000e+02
fy: 5.4068603515625000e+02
cx: 4.7975000000000000e+02
cy: 2.6975000000000000e+02
