%YAML:1.0
TVector: !!opencv-matrix
   rows: 3
   cols: 1
   dt: f
   data: [ 3.11092347e-01, -3.91633868e-01, -1.80727744e+00 ]
RMatrix: !!opencv-matrix
   rows: 3
   cols: 3
   dt: f
   data: [ 3.09550315e-01, -9.47799623e-01, -7.65134841e-02,
       1.75143674e-01, -2.22576521e-02, 9.84291136e-01, -9.34613883e-01,
       -3.18088531e-01, 1.59111246e-01 ]
fx: 5.4068603515625000e+02
fy: 5.4068603515625000e+02
cx: 4.7975000000000000e+02
cy: 2.6975000000000000e+02
