%YAML:1.0
TVector: !!opencv-matrix
   rows: 3
   cols: 1
   dt: f
   data: [ -7.66335651e-02, -5.71527556e-02, -2.21280143e-01 ]
RMatrix: !!opencv-matrix
   rows: 3
   cols: 3
   dt: f
   data: [ 9.70318258e-01, -2.41477728e-01, 1.30712595e-02,
       7.60076046e-02, 3.55837435e-01, 9.31451797e-01, 2.29576081e-01,
       9.02811289e-01, -3.63629818e-01 ]
fx: 5.4068603515625000e+02
fy: 5.4068603515625000e+02
cx: 4.7975000000000000e+02
cy: 2.6975000000000000e+02
