%YAML:1.0
TVector: !!opencv-matrix
   rows: 3
   cols: 1
   dt: f
   data: [ 3.10957879e-01, -3.92354012e-01, -1.80776751e+00 ]
RMatrix: !!opencv-matrix
   rows: 3
   cols: 3
   dt: f
   data: [ 3.06460738e-01, -9.48677421e-01, -7.80572593e-02,
       1.72168598e-01, -2.54071262e-02, 9.84739780e-01, -9.36183512e-01,
       -3.15223068e-01, 1.55546203e-01 ]
fx: 5.4068603515625000e+02
fy: 5.4068603515625000e+02
cx: 4.7975000000000000e+02
cy: 2.6975000000000000e+02
