%YAML:1.0
TVector: !!opencv-matrix
   rows: 3
   cols: 1
   dt: f
   data: [ 1.37213441e-02, -4.31734603e-03, -3.55440355e-03 ]
RMatrix: !!opencv-matrix
   rows: 3
   cols: 3
   dt: f
   data: [ -6.31536962e-03, -9.99947250e-01, -8.11448600e-03,
       -7.44137028e-03, -8.06743000e-03, 9.99939799e-01, -9.99952435e-01,
       6.37537194e-03, -7.39002787e-03 ]
fx: 5.4068603515625000e+02
fy: 5.4068603515625000e+02
cx: 4.7975000000000000e+02
cy: 2.6975000000000000e+02
