%YAML:1.0
TVector: !!opencv-matrix
   rows: 3
   cols: 1
   dt: f
   data: [ 5.17923560e-04, 1.02142326e-03, -4.49180428e-04 ]
RMatrix: !!opencv-matrix
   rows: 3
   cols: 3
   dt: f
   data: [ -1.90347957e-03, -9.99996722e-01, 1.78050040e-03,
       7.91425817e-03, 1.76538306e-03, 9.99967158e-01, 9.99966979e-01,
       -1.91750831e-03, -7.91087188e-03 ]
fx: 5.4068603515625000e+02
fy: 5.4068603515625000e+02
cx: 4.7975000000000000e+02
cy: 2.6975000000000000e+02
