%YAML:1.0
TVector: !!opencv-matrix
   rows: 3
   cols: 1
   dt: f
   data: [ -4.68075275e-02, 1.61353834e-02, -2.74615705e-01 ]
RMatrix: !!opencv-matrix
   rows: 3
   cols: 3
   dt: f
   data: [ 1.36962205e-01, -9.88983035e-01, -5.61603494e-02,
       4.74459417e-02, -5.00799790e-02, 9.97617602e-01, -9.89439189e-01,
       -1.39300525e-01, 4.00641598e-02 ]
fx: 5.4068603515625000e+02
fy: 5.4068603515625000e+02
cx: 4.7975000000000000e+02
cy: 2.6975000000000000e+02
