%YAML:1.0
TVector: !!opencv-matrix
   rows: 3
   cols: 1
   dt: f
   data: [ 1.71608273e-02, 3.04633137e-02, -6.61176145e-02 ]
RMatrix: !!opencv-matrix
   rows: 3
   cols: 3
   dt: f
   data: [ 6.26353696e-02, -9.98030007e-01, 3.57135199e-03,
       2.53894120e-01, 1.93945877e-02, 9.67037439e-01, 9.65201676e-01,
       5.96640073e-02, -2.54608750e-01 ]
fx: 5.4068603515625000e+02
fy: 5.4068603515625000e+02
cx: 4.7975000000000000e+02
cy: 2.6975000000000000e+02
