%YAML:1.0
TVector: !!opencv-matrix
   rows: 3
   cols: 1
   dt: f
   data: [ -7.61756524e-02, -5.82524985e-02, -2.21389815e-01 ]
RMatrix: !!opencv-matrix
   rows: 3
   cols: 3
   dt: f
   data: [ 9.71131682e-01, -2.38197863e-01, 1.28427800e-02,
       7.41859898e-02, 3.52747768e-01, 9.32772934e-01, 2.26714805e-01,
       9.04892564e-01, -3.60235482e-01 ]
fx: 5.4068603515625000e+02
fy: 5.4068603515625000e+02
cx: 4.7975000000000000e+02
cy: 2.6975000000000000e+02
