%YAML:1.0
TVector: !!opencv-matrix
   rows: 3
   cols: 1
   dt: f
   data: [ 3.13823968e-01, -3.92748475e-01, -1.81177449e+00 ]
RMatrix: !!opencv-matrix
   rows: 3
   cols: 3
   dt: f
   data: [ 2.97593445e-01, -9.51048911e-01, -8.33317563e-02,
       1.63423672e-01, -3.52507085e-02, 9.85925972e-01, -9.40601408e-01,
       -3.07023466e-01, 1.44933492e-01 ]
fx: 5.4068603515625000e+02
fy: 5.4068603515625000e+02
cx: 4.7975000000000000e+02
cy: 2.6975000000000000e+02
