%YAML:1.0
TVector: !!opencv-matrix
   rows: 3
   cols: 1
   dt: f
   data: [ 3.15351546e-01, -3.92407417e-01, -1.81273139e+00 ]
RMatrix: !!opencv-matrix
   rows: 3
   cols: 3
   dt: f
   data: [ 2.93931216e-01, -9.52090263e-01, -8.44313055e-02,
       1.64156348e-01, -3.67375873e-02, 9.85750079e-01, -9.41624761e-01,
       -3.03602606e-01, 1.45493358e-01 ]
fx: 5.4068603515625000e+02
fy: 5.4068603515625000e+02
cx: 4.7975000000000000e+02
cy: 2.6975000000000000e+02
