%YAML:1.0
TVector: !!opencv-matrix
   rows: 3
   cols: 1
   dt: f
   data: [ -7.66181648e-02, -5.71893491e-02, -2.23735571e-01 ]
RMatrix: !!opencv-matrix
   rows: 3
   cols: 3
   dt: f
   data: [ 9.71912265e-01, -2.34988689e-01, 1.29188616e-02,
       7.16227964e-02, 3.47628742e-01, 9.34892774e-01, 2.24180222e-01,
       9.07708526e-01, -3.54695141e-01 ]
fx: 5.4068603515625000e+02
fy: 5.4068603515625000e+02
cx: 4.7975000000000000e+02
cy: 2.6975000000000000e+02
