%YAML:1.0
TVector: !!opencv-matrix
   rows: 3
   cols: 1
   dt: f
   data: [ 3.14485759e-01, -3.92963350e-01, -1.81233823e+00 ]
RMatrix: !!opencv-matrix
   rows: 3
   cols: 3
   dt: f
   data: [ 2.93665141e-01, -9.52043116e-01, -8.58753994e-02,
       1.65230542e-01, -3.79288718e-02, 9.85525310e-01, -9.41519797e-01,
       -3.03603649e-01, 1.46168262e-01 ]
fx: 5.4068603515625000e+02
fy: 5.4068603515625000e+02
cx: 4.7975000000000000e+02
cy: 2.6975000000000000e+02
