%YAML:1.0
TVector: !!opencv-matrix
   rows: 3
   cols: 1
   dt: f
   data: [ 3.15313786e-01, -3.93555880e-01, -1.81329441e+00 ]
RMatrix: !!opencv-matrix
   rows: 3
   cols: 3
   dt: f
   data: [ 2.93799341e-01, -9.51760054e-01, -8.85138065e-02,
       1.64842069e-01, -4.07643095e-02, 9.85477328e-01, -9.41546261e-01,
       -3.04123342e-01, 1.44913539e-01 ]
fx: 5.4068603515625000e+02
fy: 5.4068603515625000e+02
cx: 4.7975000000000000e+02
cy: 2.6975000000000000e+02
