%YAML:1.0
TVector: !!opencv-matrix
   rows: 3
   cols: 1
   dt: f
   data: [ -7.55352601e-02, -5.98137192e-02, -2.28213310e-01 ]
RMatrix: !!opencv-matrix
   rows: 3
   cols: 3
   dt: f
   data: [ 9.73728657e-01, -2.27101788e-01, 1.66414827e-02,
       6.25647753e-02, 3.37091029e-01, 9.39390779e-01, 2.18947053e-01,
       9.13670778e-01, -3.42443764e-01 ]
fx: 5.4068603515625000e+02
fy: 5.4068603515625000e+02
cx: 4.7975000000000000e+02
cy: 2.6975000000000000e+02
