%YAML:1.0
TVector: !!opencv-matrix
   rows: 3
   cols: 1
   dt: f
   data: [ 3.15138757e-01, -3.94441605e-01, -1.81397951e+00 ]
RMatrix: !!opencv-matrix
   rows: 3
   cols: 3
   dt: f
   data: [ 2.95019507e-01, -9.51076210e-01, -9.17486101e-02,
       1.62071541e-01, -4.48206887e-02, 9.85760689e-01, -9.41645741e-01,
       -3.05688471e-01, 1.40919402e-01 ]
fx: 5.4068603515625000e+02
fy: 5.4068603515625000e+02
cx: 4.7975000000000000e+02
cy: 2.6975000000000000e+02
