%YAML:1.0
TVector: !!opencv-matrix
   rows: 3
   cols: 1
   dt: f
   data: [ -7.48894140e-02, -5.75647652e-02, -2.25213140e-01 ]
RMatrix: !!opencv-matrix
   rows: 3
   cols: 3
   dt: f
   data: [ 9.74331021e-01, -2.24406421e-01, 1.79103781e-02,
       5.83619103e-02, 3.28631818e-01, 9.42653179e-01, 2.17423379e-01,
       9.17410910e-01, -3.33292961e-01 ]
fx: 5.4068603515625000e+02
fy: 5.4068603515625000e+02
cx: 4.7975000000000000e+02
cy: 2.6975000000000000e+02
