%YAML:1.0
TVector: !!opencv-matrix
   rows: 3
   cols: 1
   dt: f
   data: [ -7.68118054e-02, -5.75821586e-02, -2.25271955e-01 ]
RMatrix: !!opencv-matrix
   rows: 3
   cols: 3
   dt: f
   data: [ 9.74988639e-01, -2.21473634e-01, 1.86069421e-02,
       5.50891086e-02, 3.21924657e-01, 9.45161045e-01, 2.15318307e-01,
       9.20496404e-01, -3.26073736e-01 ]
fx: 5.4068603515625000e+02
fy: 5.4068603515625000e+02
cx: 4.7975000000000000e+02
cy: 2.6975000000000000e+02
