%YAML:1.0
TVector: !!opencv-matrix
   rows: 3
   cols: 1
   dt: f
   data: [ 3.15994650e-01, -3.92630696e-01, -1.81432331e+00 ]
RMatrix: !!opencv-matrix
   rows: 3
   cols: 3
   dt: f
   data: [ 2.98184901e-01, -9.49911714e-01, -9.35594812e-02,
       1.59128293e-01, -4.71750982e-02, 9.86130178e-01, -9.41150308e-01,
       -3.08937043e-01, 1.37090936e-01 ]
fx: 5.4068603515625000e+02
fy: 5.4068603515625000e+02
cx: 4.7975000000000000e+02
cy: 2.6975000000000000e+02
