%YAML:1.0
TVector: !!opencv-matrix
   rows: 3
   cols: 1
   dt: f
   data: [ 3.15194160e-01, -3.93964231e-01, -1.81300974e+00 ]
RMatrix: !!opencv-matrix
   rows: 3
   cols: 3
   dt: f
   data: [ 2.96142697e-01, -9.50433791e-01, -9.47372094e-02,
       1.76286086e-01, -4.30942997e-02, 9.83395219e-01, -9.38734531e-01,
       -3.07926178e-01, 1.54786199e-01 ]
fx: 5.4068603515625000e+02
fy: 5.4068603515625000e+02
cx: 4.7975000000000000e+02
cy: 2.6975000000000000e+02
