%YAML:1.0
TVector: !!opencv-matrix
   rows: 3
   cols: 1
   dt: f
   data: [ 3.14142197e-01, -3.97037238e-01, -1.81145799e+00 ]
RMatrix: !!opencv-matrix
   rows: 3
   cols: 3
   dt: f
   data: [ 2.96033919e-01, -9.49922085e-01, -1.00060269e-01,
       1.70547068e-01, -5.05062491e-02, 9.84054327e-01, -9.39828455e-01,
       -3.08378458e-01, 1.47054866e-01 ]
fx: 5.4068603515625000e+02
fy: 5.4068603515625000e+02
cx: 4.7975000000000000e+02
cy: 2.6975000000000000e+02
