%YAML:1.0
TVector: !!opencv-matrix
   rows: 3
   cols: 1
   dt: f
   data: [ -7.43138045e-02, -5.58124296e-02, -2.23760992e-01 ]
RMatrix: !!opencv-matrix
   rows: 3
   cols: 3
   dt: f
   data: [ 9.75553036e-01, -2.18414009e-01, 2.43180376e-02,
       4.56922166e-02, 3.09823990e-01, 9.49695230e-01, 2.14961082e-01,
       9.25367177e-01, -3.12229633e-01 ]
fx: 5.4068603515625000e+02
fy: 5.4068603515625000e+02
cx: 4.7975000000000000e+02
cy: 2.6975000000000000e+02
