%YAML:1.0
TVector: !!opencv-matrix
   rows: 3
   cols: 1
   dt: f
   data: [ 3.17790031e-01, -3.95969540e-01, -1.81451511e+00 ]
RMatrix: !!opencv-matrix
   rows: 3
   cols: 3
   dt: f
   data: [ 3.01047206e-01, -9.47437227e-01, -1.08321384e-01,
       1.55597731e-01, -6.32655770e-02, 9.85792577e-01, -9.40829456e-01,
       -3.13624650e-01, 1.28373146e-01 ]
fx: 5.4068603515625000e+02
fy: 5.4068603515625000e+02
cx: 4.7975000000000000e+02
cy: 2.6975000000000000e+02
