%YAML:1.0
TVector: !!opencv-matrix
   rows: 3
   cols: 1
   dt: f
   data: [ -7.21389204e-02, -5.84262162e-02, -2.22263828e-01 ]
RMatrix: !!opencv-matrix
   rows: 3
   cols: 3
   dt: f
   data: [ 9.75643814e-01, -2.16945529e-01, 3.24640721e-02,
       3.59755754e-02, 3.04235220e-01, 9.51917470e-01, 2.16390967e-01,
       9.27564323e-01, -3.04629922e-01 ]
fx: 5.4068603515625000e+02
fy: 5.4068603515625000e+02
cx: 4.7975000000000000e+02
cy: 2.6975000000000000e+02
