%YAML:1.0
TVector: !!opencv-matrix
   rows: 3
   cols: 1
   dt: f
   data: [ 3.17395657e-01, -3.96136642e-01, -1.81549811e+00 ]
RMatrix: !!opencv-matrix
   rows: 3
   cols: 3
   dt: f
   data: [ 3.05790931e-01, -9.45335269e-01, -1.13284461e-01,
       1.56013668e-01, -6.76238015e-02, 9.85437393e-01, -9.39229369e-01,
       -3.19011748e-01, 1.26806468e-01 ]
fx: 5.4068603515625000e+02
fy: 5.4068603515625000e+02
cx: 4.7975000000000000e+02
cy: 2.6975000000000000e+02
