%YAML:1.0
TVector: !!opencv-matrix
   rows: 3
   cols: 1
   dt: f
   data: [ 1.64747816e-02, 3.02146655e-02, -6.92993030e-02 ]
RMatrix: !!opencv-matrix
   rows: 3
   cols: 3
   dt: f
   data: [ 6.50829598e-02, -9.97871459e-01, 4.10375278e-03,
       2.57941216e-01, 2.07958091e-02, 9.65936840e-01, 9.63966191e-01,
       6.18075058e-02, -2.58745581e-01 ]
fx: 5.4068603515625000e+02
fy: 5.4068603515625000e+02
cx: 4.7975000000000000e+02
cy: 2.6975000000000000e+02
