%YAML:1.0
TVector: !!opencv-matrix
   rows: 3
   cols: 1
   dt: f
   data: [ -4.71682623e-02, 1.96995176e-02, -2.77990520e-01 ]
RMatrix: !!opencv-matrix
   rows: 3
   cols: 3
   dt: f
   data: [ 1.39884189e-01, -9.88536239e-01, -5.68240024e-02,
       4.88954969e-02, -5.04219979e-02, 9.97530520e-01, -9.88959968e-01,
       -1.42317191e-01, 4.12817225e-02 ]
fx: 5.4068603515625000e+02
fy: 5.4068603515625000e+02
cx: 4.7975000000000000e+02
cy: 2.6975000000000000e+02
