%YAML:1.0
TVector: !!opencv-matrix
   rows: 3
   cols: 1
   dt: f
   data: [ 3.16100001e-01, -3.96081924e-01, -1.81554842e+00 ]
RMatrix: !!opencv-matrix
   rows: 3
   cols: 3
   dt: f
   data: [ 3.12050432e-01, -9.42485034e-01, -1.19776398e-01,
       1.55059949e-01, -7.38579854e-02, 9.85140204e-01, -9.37326491e-01,
       -3.25985938e-01, 1.23094290e-01 ]
fx: 5.4068603515625000e+02
fy: 5.4068603515625000e+02
cx: 4.7975000000000000e+02
cy: 2.6975000000000000e+02
