%YAML:1.0
TVector: !!opencv-matrix
   rows: 3
   cols: 1
   dt: f
   data: [ 3.14858615e-01, -3.96197736e-01, -1.81481516e+00 ]
RMatrix: !!opencv-matrix
   rows: 3
   cols: 3
   dt: f
   data: [ 3.07509661e-01, -9.43077922e-01, -1.26656666e-01,
       1.49394855e-01, -8.36054236e-02, 9.85236704e-01, -9.39744115e-01,
       -3.21891695e-01, 1.15181521e-01 ]
fx: 5.4068603515625000e+02
fy: 5.4068603515625000e+02
cx: 4.7975000000000000e+02
cy: 2.6975000000000000e+02
