%YAML:1.0
TVector: !!opencv-matrix
   rows: 3
   cols: 1
   dt: f
   data: [ 3.16350192e-01, -3.95822793e-01, -1.81618512e+00 ]
RMatrix: !!opencv-matrix
   rows: 3
   cols: 3
   dt: f
   data: [ 3.01361889e-01, -9.44198191e-01, -1.32931069e-01,
       1.52947977e-01, -8.97391886e-02, 9.84151363e-01, -9.41163063e-01,
       -3.16917241e-01, 1.17369257e-01 ]
fx: 5.4068603515625000e+02
fy: 5.4068603515625000e+02
cx: 4.7975000000000000e+02
cy: 2.6975000000000000e+02
