%YAML:1.0
TVector: !!opencv-matrix
   rows: 3
   cols: 1
   dt: f
   data: [ 3.16155046e-01, -3.96476984e-01, -1.81584477e+00 ]
RMatrix: !!opencv-matrix
   rows: 3
   cols: 3
   dt: f
   data: [ 2.97391534e-01, -9.44687903e-01, -1.38286680e-01,
       1.64111495e-01, -9.21050236e-02, 9.82132435e-01, -9.40545499e-01,
       -3.14772248e-01, 1.27642885e-01 ]
fx: 5.4068603515625000e+02
fy: 5.4068603515625000e+02
cx: 4.7975000000000000e+02
cy: 2.6975000000000000e+02
