%YAML:1.0
TVector: !!opencv-matrix
   rows: 3
   cols: 1
   dt: f
   data: [ 3.15270185e-01, -3.96819055e-01, -1.81512916e+00 ]
RMatrix: !!opencv-matrix
   rows: 3
   cols: 3
   dt: f
   data: [ 2.97404051e-01, -9.44667757e-01, -1.38397351e-01,
       1.64868549e-01, -9.19648558e-02, 9.82018769e-01, -9.40409124e-01,
       -3.14873695e-01, 1.28395259e-01 ]
fx: 5.4068603515625000e+02
fy: 5.4068603515625000e+02
cx: 4.7975000000000000e+02
cy: 2.6975000000000000e+02
