%YAML:1.0
TVector: !!opencv-matrix
   rows: 3
   cols: 1
   dt: f
   data: [ 3.15973103e-01, -3.96556497e-01, -1.81562817e+00 ]
RMatrix: !!opencv-matrix
   rows: 3
   cols: 3
   dt: f
   data: [ 2.95147836e-01, -9.45203245e-01, -1.39566451e-01,
       1.71292245e-01, -9.13609639e-02, 9.80975211e-01, -9.39971745e-01,
       -3.13439280e-01, 1.34940967e-01 ]
fx: 5.4068603515625000e+02
fy: 5.4068603515625000e+02
cx: 4.7975000000000000e+02
cy: 2.6975000000000000e+02
