%YAML:1.0
TVector: !!opencv-matrix
   rows: 3
   cols: 1
   dt: f
   data: [ -6.60287142e-02, -5.98660707e-02, -2.23836929e-01 ]
RMatrix: !!opencv-matrix
   rows: 3
   cols: 3
   dt: f
   data: [ 9.75766659e-01, -2.13871837e-01, 4.62358370e-02,
       1.48772374e-02, 2.75659591e-01, 9.61140037e-01, 2.18306214e-01,
       9.37160909e-01, -2.72161365e-01 ]
fx: 5.4068603515625000e+02
fy: 5.4068603515625000e+02
cx: 4.7975000000000000e+02
cy: 2.6975000000000000e+02
