%YAML:1.0
TVector: !!opencv-matrix
   rows: 3
   cols: 1
   dt: f
   data: [ 3.15588057e-01, -3.96521866e-01, -1.81534696e+00 ]
RMatrix: !!opencv-matrix
   rows: 3
   cols: 3
   dt: f
   data: [ 2.93135971e-01, -9.45722461e-01, -1.40286788e-01,
       1.74676523e-01, -9.12858769e-02, 9.80385244e-01, -9.39978361e-01,
       -3.11890930e-01, 1.38436362e-01 ]
fx: 5.4068603515625000e+02
fy: 5.4068603515625000e+02
cx: 4.7975000000000000e+02
cy: 2.6975000000000000e+02
