%YAML:1.0
TVector: !!opencv-matrix
   rows: 3
   cols: 1
   dt: f
   data: [ -6.44135773e-02, -6.06683530e-02, -2.22953066e-01 ]
RMatrix: !!opencv-matrix
   rows: 3
   cols: 3
   dt: f
   data: [ 9.75554287e-01, -2.14183182e-01, 4.91889305e-02,
       1.06426692e-02, 2.69614965e-01, 9.62909341e-01, 2.19501019e-01,
       9.38846707e-01, -2.65303493e-01 ]
fx: 5.4068603515625000e+02
fy: 5.4068603515625000e+02
cx: 4.7975000000000000e+02
cy: 2.6975000000000000e+02
