%YAML:1.0
TVector: !!opencv-matrix
   rows: 3
   cols: 1
   dt: f
   data: [ 3.16036612e-01, -3.96413714e-01, -1.81532991e+00 ]
RMatrix: !!opencv-matrix
   rows: 3
   cols: 3
   dt: f
   data: [ 2.92392761e-01, -9.45430994e-01, -1.43759429e-01,
       1.80791244e-01, -9.29685459e-02, 9.79117751e-01, -9.39053237e-01,
       -3.12277377e-01, 1.43742338e-01 ]
fx: 5.4068603515625000e+02
fy: 5.4068603515625000e+02
cx: 4.7975000000000000e+02
cy: 2.6975000000000000e+02
