%YAML:1.0
TVector: !!opencv-matrix
   rows: 3
   cols: 1
   dt: f
   data: [ 3.16415071e-01, -3.96607965e-01, -1.81532300e+00 ]
RMatrix: !!opencv-matrix
   rows: 3
   cols: 3
   dt: f
   data: [ 2.92887956e-01, -9.45003271e-01, -1.45552382e-01,
       1.84700102e-01, -9.34427232e-02, 9.78342712e-01, -9.38137829e-01,
       -3.13428342e-01, 1.47173956e-01 ]
fx: 5.4068603515625000e+02
fy: 5.4068603515625000e+02
cx: 4.7975000000000000e+02
cy: 2.6975000000000000e+02
