%YAML:1.0
TVector: !!opencv-matrix
   rows: 3
   cols: 1
   dt: f
   data: [ -6.38899803e-02, -5.89584336e-02, -2.20843747e-01 ]
RMatrix: !!opencv-matrix
   rows: 3
   cols: 3
   dt: f
   data: [ 9.75356221e-01, -2.14091480e-01, 5.33408523e-02,
       2.94549461e-03, 2.54372329e-01, 9.67101872e-01, 2.20616713e-01,
       9.43111777e-01, -2.48734221e-01 ]
fx: 5.4068603515625000e+02
fy: 5.4068603515625000e+02
cx: 4.7975000000000000e+02
cy: 2.6975000000000000e+02
