%YAML:1.0
TVector: !!opencv-matrix
   rows: 3
   cols: 1
   dt: f
   data: [ -6.34377897e-02, -6.02318048e-02, -2.18605921e-01 ]
RMatrix: !!opencv-matrix
   rows: 3
   cols: 3
   dt: f
   data: [ 9.75038290e-01, -2.15321854e-01, 5.41938879e-02,
       1.42602297e-03, 2.50143588e-01, 9.68207836e-01, 2.22032562e-01,
       9.43962455e-01, -2.44206578e-01 ]
fx: 5.4068603515625000e+02
fy: 5.4068603515625000e+02
cx: 4.7975000000000000e+02
cy: 2.6975000000000000e+02
