%YAML:1.0
TVector: !!opencv-matrix
   rows: 3
   cols: 1
   dt: f
   data: [ 3.15450668e-01, -3.96119297e-01, -1.81459188e+00 ]
RMatrix: !!opencv-matrix
   rows: 3
   cols: 3
   dt: f
   data: [ 2.93522388e-01, -9.44259346e-01, -1.49060145e-01,
       1.90442011e-01, -9.50434655e-02, 9.77086842e-01, -9.36790526e-01,
       -3.15184176e-01, 1.51929319e-01 ]
fx: 5.4068603515625000e+02
fy: 5.4068603515625000e+02
cx: 4.7975000000000000e+02
cy: 2.6975000000000000e+02
