%YAML:1.0
TVector: !!opencv-matrix
   rows: 3
   cols: 1
   dt: f
   data: [ 1.88240372e-02, 3.24147604e-02, -6.95044026e-02 ]
RMatrix: !!opencv-matrix
   rows: 3
   cols: 3
   dt: f
   data: [ 6.66497871e-02, -9.97763157e-01, 5.14036929e-03,
       2.61502236e-01, 2.24394146e-02, 9.64941919e-01, 9.62898910e-01,
       6.29689544e-02, -2.62412876e-01 ]
fx: 5.4068603515625000e+02
fy: 5.4068603515625000e+02
cx: 4.7975000000000000e+02
cy: 2.6975000000000000e+02
