%YAML:1.0
TVector: !!opencv-matrix
   rows: 3
   cols: 1
   dt: f
   data: [ -5.33176027e-02, 2.38497630e-02, -2.88086444e-01 ]
RMatrix: !!opencv-matrix
   rows: 3
   cols: 3
   dt: f
   data: [ 1.47318706e-01, -9.87285078e-01, -5.97100630e-02,
       5.75433858e-02, -5.17113917e-02, 9.97002780e-01, -9.87413764e-01,
       -1.50313109e-01, 4.91936803e-02 ]
fx: 5.4068603515625000e+02
fy: 5.4068603515625000e+02
cx: 4.7975000000000000e+02
cy: 2.6975000000000000e+02
