%YAML:1.0
TVector: !!opencv-matrix
   rows: 3
   cols: 1
   dt: f
   data: [ 3.16092908e-01, -3.95743579e-01, -1.81500614e+00 ]
RMatrix: !!opencv-matrix
   rows: 3
   cols: 3
   dt: f
   data: [ 2.92872250e-01, -9.44030225e-01, -1.51765451e-01,
       1.96829617e-01, -9.58005190e-02, 9.75746155e-01, -9.35673058e-01,
       -3.15640867e-01, 1.57755807e-01 ]
fx: 5.4068603515625000e+02
fy: 5.4068603515625000e+02
cx: 4.7975000000000000e+02
cy: 2.6975000000000000e+02
