%YAML:1.0
TVector: !!opencv-matrix
   rows: 3
   cols: 1
   dt: f
   data: [ 3.13389182e-01, -3.96402568e-01, -1.81231058e+00 ]
RMatrix: !!opencv-matrix
   rows: 3
   cols: 3
   dt: f
   data: [ 2.91779667e-01, -9.43848014e-01, -1.54969797e-01,
       2.03329310e-01, -9.71099809e-02, 9.74282742e-01, -9.34624016e-01,
       -3.15785706e-01, 1.63577273e-01 ]
fx: 5.4068603515625000e+02
fy: 5.4068603515625000e+02
cx: 4.7975000000000000e+02
cy: 2.6975000000000000e+02
