%YAML:1.0
TVector: !!opencv-matrix
   rows: 3
   cols: 1
   dt: f
   data: [ -6.29585236e-02, -6.07922673e-02, -2.17813760e-01 ]
RMatrix: !!opencv-matrix
   rows: 3
   cols: 3
   dt: f
   data: [ 9.74387348e-01, -2.16995090e-01, 5.90108112e-02,
       -5.48328692e-03, 2.39410594e-01, 9.70902920e-01, 2.24808946e-01,
       9.46359098e-01, -2.32088819e-01 ]
fx: 5.4068603515625000e+02
fy: 5.4068603515625000e+02
cx: 4.7975000000000000e+02
cy: 2.6975000000000000e+02
