%YAML:1.0
TVector: !!opencv-matrix
   rows: 3
   cols: 1
   dt: f
   data: [ 3.14008325e-01, -3.95393163e-01, -1.81348085e+00 ]
RMatrix: !!opencv-matrix
   rows: 3
   cols: 3
   dt: f
   data: [ 2.88951069e-01, -9.44972634e-01, -1.53408453e-01,
       2.02992126e-01, -9.61236656e-02, 9.74451005e-01, -9.35575664e-01,
       -3.12709332e-01, 1.64046943e-01 ]
fx: 5.4068603515625000e+02
fy: 5.4068603515625000e+02
cx: 4.7975000000000000e+02
cy: 2.6975000000000000e+02
