%YAML:1.0
TVector: !!opencv-matrix
   rows: 3
   cols: 1
   dt: f
   data: [ 3.15447003e-01, -3.97003442e-01, -1.81422186e+00 ]
RMatrix: !!opencv-matrix
   rows: 3
   cols: 3
   dt: f
   data: [ 2.79280454e-01, -9.48407054e-01, -1.50087476e-01,
       2.20111996e-01, -8.89113098e-02, 9.71414089e-01, -9.34640586e-01,
       -3.04333031e-01, 1.83924586e-01 ]
fx: 5.4068603515625000e+02
fy: 5.4068603515625000e+02
cx: 4.7975000000000000e+02
cy: 2.6975000000000000e+02
