%YAML:1.0
TVector: !!opencv-matrix
   rows: 3
   cols: 1
   dt: f
   data: [ 3.14996004e-01, -3.97415400e-01, -1.81380308e+00 ]
RMatrix: !!opencv-matrix
   rows: 3
   cols: 3
   dt: f
   data: [ 2.78873533e-01, -9.48308408e-01, -1.51461840e-01,
       2.22730458e-01, -8.95481557e-02, 9.70758557e-01, -9.34141755e-01,
       -3.04454058e-01, 1.86244562e-01 ]
fx: 5.4068603515625000e+02
fy: 5.4068603515625000e+02
cx: 4.7975000000000000e+02
cy: 2.6975000000000000e+02
