%YAML:1.0
TVector: !!opencv-matrix
   rows: 3
   cols: 1
   dt: f
   data: [ 3.16752493e-01, -3.95944208e-01, -1.81393147e+00 ]
RMatrix: !!opencv-matrix
   rows: 3
   cols: 3
   dt: f
   data: [ 2.76512593e-01, -9.48795497e-01, -1.52734548e-01,
       2.36002579e-01, -8.70220661e-02, 9.67848182e-01, -9.31581318e-01,
       -3.03667903e-01, 1.99855506e-01 ]
fx: 5.4068603515625000e+02
fy: 5.4068603515625000e+02
cx: 4.7975000000000000e+02
cy: 2.6975000000000000e+02
