%YAML:1.0
TVector: !!opencv-matrix
   rows: 3
   cols: 1
   dt: f
   data: [ 3.19671154e-01, -3.97694021e-01, -1.81469131e+00 ]
RMatrix: !!opencv-matrix
   rows: 3
   cols: 3
   dt: f
   data: [ 2.80271322e-01, -9.45668578e-01, -1.64799988e-01,
       2.57511824e-01, -9.13176686e-02, 9.61950600e-01, -9.24735546e-01,
       -3.12045097e-01, 2.17927113e-01 ]
fx: 5.4068603515625000e+02
fy: 5.4068603515625000e+02
cx: 4.7975000000000000e+02
cy: 2.6975000000000000e+02
