%YAML:1.0
TVector: !!opencv-matrix
   rows: 3
   cols: 1
   dt: f
   data: [ -6.17252775e-02, -6.37949631e-02, -2.12750599e-01 ]
RMatrix: !!opencv-matrix
   rows: 3
   cols: 3
   dt: f
   data: [ 9.72359657e-01, -2.23268330e-01, 6.83211461e-02,
       -1.87300369e-02, 2.17081040e-01, 9.75973725e-01, 2.32735276e-01,
       9.50277090e-01, -2.06899002e-01 ]
fx: 5.4068603515625000e+02
fy: 5.4068603515625000e+02
cx: 4.7975000000000000e+02
cy: 2.6975000000000000e+02
