%YAML:1.0
TVector: !!opencv-matrix
   rows: 3
   cols: 1
   dt: f
   data: [ -5.93427829e-02, -6.32432103e-02, -2.15195328e-01 ]
RMatrix: !!opencv-matrix
   rows: 3
   cols: 3
   dt: f
   data: [ 9.71557558e-01, -2.26060510e-01, 7.05163106e-02,
       -2.16412302e-02, 2.11776406e-01, 9.77078497e-01, 2.35812575e-01,
       9.50814188e-01, -2.00860724e-01 ]
fx: 5.4068603515625000e+02
fy: 5.4068603515625000e+02
cx: 4.7975000000000000e+02
cy: 2.6975000000000000e+02
