%YAML:1.0
TVector: !!opencv-matrix
   rows: 3
   cols: 1
   dt: f
   data: [ 3.18564802e-01, -3.95560682e-01, -1.81069970e+00 ]
RMatrix: !!opencv-matrix
   rows: 3
   cols: 3
   dt: f
   data: [ 2.93234289e-01, -9.38420296e-01, -1.82704583e-01,
       2.84140527e-01, -9.69255045e-02, 9.53870952e-01, -9.12840426e-01,
       -3.31621438e-01, 2.38221318e-01 ]
fx: 5.4068603515625000e+02
fy: 5.4068603515625000e+02
cx: 4.7975000000000000e+02
cy: 2.6975000000000000e+02
