%YAML:1.0
TVector: !!opencv-matrix
   rows: 3
   cols: 1
   dt: f
   data: [ 3.10557365e-01, -3.98786455e-01, -1.80331182e+00 ]
RMatrix: !!opencv-matrix
   rows: 3
   cols: 3
   dt: f
   data: [ 3.04713964e-01, -9.35862482e-01, -1.76948637e-01,
       2.97695160e-01, -8.28926191e-02, 9.51055408e-01, -9.04724836e-01,
       -3.42476606e-01, 2.53343135e-01 ]
fx: 5.4068603515625000e+02
fy: 5.4068603515625000e+02
cx: 4.7975000000000000e+02
cy: 2.6975000000000000e+02
