%YAML:1.0
TVector: !!opencv-matrix
   rows: 3
   cols: 1
   dt: f
   data: [ -6.41938820e-02, -6.49586618e-02, -2.05924913e-01 ]
RMatrix: !!opencv-matrix
   rows: 3
   cols: 3
   dt: f
   data: [ 9.70346510e-01, -2.30440706e-01, 7.29666203e-02,
       -2.52303891e-02, 2.03659371e-01, 9.78716493e-01, 2.40396515e-01,
       9.51535285e-01, -1.91806123e-01 ]
fx: 5.4068603515625000e+02
fy: 5.4068603515625000e+02
cx: 4.7975000000000000e+02
cy: 2.6975000000000000e+02
