%YAML:1.0
TVector: !!opencv-matrix
   rows: 3
   cols: 1
   dt: f
   data: [ 3.11054677e-01, -3.98262620e-01, -1.80356264e+00 ]
RMatrix: !!opencv-matrix
   rows: 3
   cols: 3
   dt: f
   data: [ 3.04259330e-01, -9.36068773e-01, -1.76639393e-01,
       2.96946198e-01, -8.29907134e-02, 9.51281011e-01, -9.05123770e-01,
       -3.41888487e-01, 2.52711356e-01 ]
fx: 5.4068603515625000e+02
fy: 5.4068603515625000e+02
cx: 4.7975000000000000e+02
cy: 2.6975000000000000e+02
