%YAML:1.0
TVector: !!opencv-matrix
   rows: 3
   cols: 1
   dt: f
   data: [ -6.33492544e-02, 3.03454474e-02, -2.98070282e-01 ]
RMatrix: !!opencv-matrix
   rows: 3
   cols: 3
   dt: f
   data: [ 1.59660324e-01, -9.85241473e-01, -6.17068708e-02,
       6.08597696e-02, -5.25659211e-02, 9.96761262e-01, -9.85294163e-01,
       -1.62898675e-01, 5.15688881e-02 ]
fx: 5.4068603515625000e+02
fy: 5.4068603515625000e+02
cx: 4.7975000000000000e+02
cy: 2.6975000000000000e+02
