%YAML:1.0
TVector: !!opencv-matrix
   rows: 3
   cols: 1
   dt: f
   data: [ -6.21533804e-02, -6.71837926e-02, -2.09179640e-01 ]
RMatrix: !!opencv-matrix
   rows: 3
   cols: 3
   dt: f
   data: [ 9.69553411e-01, -2.33492598e-01, 7.38097429e-02,
       -2.63535213e-02, 2.00171590e-01, 9.79406416e-01, 2.43458763e-01,
       9.51531887e-01, -1.87923685e-01 ]
fx: 5.4068603515625000e+02
fy: 5.4068603515625000e+02
cx: 4.7975000000000000e+02
cy: 2.6975000000000000e+02
