%YAML:1.0
TVector: !!opencv-matrix
   rows: 3
   cols: 1
   dt: f
   data: [ 3.10853094e-01, -3.98187459e-01, -1.80386150e+00 ]
RMatrix: !!opencv-matrix
   rows: 3
   cols: 3
   dt: f
   data: [ 3.04870516e-01, -9.35862958e-01, -1.76676348e-01,
       2.96910018e-01, -8.28685686e-02, 9.51302946e-01, -9.04929996e-01,
       -3.42481166e-01, 2.52602935e-01 ]
fx: 5.4068603515625000e+02
fy: 5.4068603515625000e+02
cx: 4.7975000000000000e+02
cy: 2.6975000000000000e+02
