%YAML:1.0
TVector: !!opencv-matrix
   rows: 3
   cols: 1
   dt: f
   data: [ 3.11182469e-01, -3.98289055e-01, -1.80401397e+00 ]
RMatrix: !!opencv-matrix
   rows: 3
   cols: 3
   dt: f
   data: [ 3.04686278e-01, -9.35921073e-01, -1.76685259e-01,
       2.97116280e-01, -8.28518718e-02, 9.51239884e-01, -9.04924333e-01,
       -3.42325836e-01, 2.52833635e-01 ]
fx: 5.4068603515625000e+02
fy: 5.4068603515625000e+02
cx: 4.7975000000000000e+02
cy: 2.6975000000000000e+02
