%YAML:1.0
TVector: !!opencv-matrix
   rows: 3
   cols: 1
   dt: f
   data: [ -6.03082255e-02, -6.76910654e-02, -2.08873466e-01 ]
RMatrix: !!opencv-matrix
   rows: 3
   cols: 3
   dt: f
   data: [ 9.68884826e-01, -2.36389264e-01, 7.33635798e-02,
       -2.69765034e-02, 1.93784505e-01, 9.80673134e-01, 2.46037349e-01,
       9.52138424e-01, -1.81377873e-01 ]
fx: 5.4068603515625000e+02
fy: 5.4068603515625000e+02
cx: 4.7975000000000000e+02
cy: 2.6975000000000000e+02
