%YAML:1.0
TVector: !!opencv-matrix
   rows: 3
   cols: 1
   dt: f
   data: [ 3.10901225e-01, -3.98388207e-01, -1.80374551e+00 ]
RMatrix: !!opencv-matrix
   rows: 3
   cols: 3
   dt: f
   data: [ 3.04807335e-01, -9.35857058e-01, -1.76815704e-01,
       2.97159255e-01, -8.29337686e-02, 9.51219320e-01, -9.04869437e-01,
       -3.42481077e-01, 2.52819866e-01 ]
fx: 5.4068603515625000e+02
fy: 5.4068603515625000e+02
cx: 4.7975000000000000e+02
cy: 2.6975000000000000e+02
