%YAML:1.0
TVector: !!opencv-matrix
   rows: 3
   cols: 1
   dt: f
   data: [ -6.18603900e-02, -6.55435920e-02, -2.05462381e-01 ]
RMatrix: !!opencv-matrix
   rows: 3
   cols: 3
   dt: f
   data: [ 9.68213856e-01, -2.38869578e-01, 7.41848126e-02,
       -3.06351297e-02, 1.81108281e-01, 9.82985854e-01, 2.48240933e-01,
       9.54013169e-01, -1.68033764e-01 ]
fx: 5.4068603515625000e+02
fy: 5.4068603515625000e+02
cx: 4.7975000000000000e+02
cy: 2.6975000000000000e+02
