%YAML:1.0
TVector: !!opencv-matrix
   rows: 3
   cols: 1
   dt: f
   data: [ 3.11024666e-01, -3.98543686e-01, -1.80383480e+00 ]
RMatrix: !!opencv-matrix
   rows: 3
   cols: 3
   dt: f
   data: [ 3.04615200e-01, -9.35866416e-01, -1.77099392e-01,
       2.97439247e-01, -8.31707641e-02, 9.51111436e-01, -9.04842496e-01,
       -3.42399210e-01, 2.53028274e-01 ]
fx: 5.4068603515625000e+02
fy: 5.4068603515625000e+02
cx: 4.7975000000000000e+02
cy: 2.6975000000000000e+02
