%YAML:1.0
TVector: !!opencv-matrix
   rows: 3
   cols: 1
   dt: f
   data: [ 3.10904771e-01, -3.98512632e-01, -1.80369699e+00 ]
RMatrix: !!opencv-matrix
   rows: 3
   cols: 3
   dt: f
   data: [ 3.04686815e-01, -9.35810685e-01, -1.77269191e-01,
       2.97402114e-01, -8.33370686e-02, 9.51108336e-01, -9.04830337e-01,
       -3.42510313e-01, 2.52920300e-01 ]
fx: 5.4068603515625000e+02
fy: 5.4068603515625000e+02
cx: 4.7975000000000000e+02
cy: 2.6975000000000000e+02
