%YAML:1.0
TVector: !!opencv-matrix
   rows: 3
   cols: 1
   dt: f
   data: [ 3.10660779e-01, -3.98508042e-01, -1.80351126e+00 ]
RMatrix: !!opencv-matrix
   rows: 3
   cols: 3
   dt: f
   data: [ 3.04782331e-01, -9.35832798e-01, -1.76987454e-01,
       2.97385067e-01, -8.30300078e-02, 9.51140344e-01, -9.04803634e-01,
       -3.42524230e-01, 2.52996624e-01 ]
fx: 5.4068603515625000e+02
fy: 5.4068603515625000e+02
cx: 4.7975000000000000e+02
cy: 2.6975000000000000e+02
