%YAML:1.0
TVector: !!opencv-matrix
   rows: 3
   cols: 1
   dt: f
   data: [ 3.10575813e-01, -3.98582011e-01, -1.80345404e+00 ]
RMatrix: !!opencv-matrix
   rows: 3
   cols: 3
   dt: f
   data: [ 3.04805219e-01, -9.35832977e-01, -1.76948041e-01,
       2.97315627e-01, -8.30097124e-02, 9.51164067e-01, -9.04819012e-01,
       -3.42529088e-01, 2.52936006e-01 ]
fx: 5.4068603515625000e+02
fy: 5.4068603515625000e+02
cx: 4.7975000000000000e+02
cy: 2.6975000000000000e+02
