%YAML:1.0
TVector: !!opencv-matrix
   rows: 3
   cols: 1
   dt: f
   data: [ -6.06083423e-02, -6.88074678e-02, -2.06811368e-01 ]
RMatrix: !!opencv-matrix
   rows: 3
   cols: 3
   dt: f
   data: [ 9.65611398e-01, -2.46830061e-01, 8.16685930e-02,
       -3.88872698e-02, 1.73470452e-01, 9.84071016e-01, 2.57065415e-01,
       9.53406096e-01, -1.57906488e-01 ]
fx: 5.4068603515625000e+02
fy: 5.4068603515625000e+02
cx: 4.7975000000000000e+02
cy: 2.6975000000000000e+02
