%YAML:1.0
TVector: !!opencv-matrix
   rows: 3
   cols: 1
   dt: f
   data: [ 3.10838789e-01, -3.98222208e-01, -1.80361760e+00 ]
RMatrix: !!opencv-matrix
   rows: 3
   cols: 3
   dt: f
   data: [ 3.04737955e-01, -9.35883641e-01, -1.76795557e-01,
       2.97009110e-01, -8.29898417e-02, 9.51261342e-01, -9.04942155e-01,
       -3.42395335e-01, 2.52675831e-01 ]
fx: 5.4068603515625000e+02
fy: 5.4068603515625000e+02
cx: 4.7975000000000000e+02
cy: 2.6975000000000000e+02
