%YAML:1.0
TVector: !!opencv-matrix
   rows: 3
   cols: 1
   dt: f
   data: [ -5.82183711e-02, -6.85531273e-02, -2.08266780e-01 ]
RMatrix: !!opencv-matrix
   rows: 3
   cols: 3
   dt: f
   data: [ 9.65164065e-01, -2.48226658e-01, 8.27148333e-02,
       -4.12033126e-02, 1.67992130e-01, 9.84926820e-01, 2.58380502e-01,
       9.54024136e-01, -1.51912197e-01 ]
fx: 5.4068603515625000e+02
fy: 5.4068603515625000e+02
cx: 4.7975000000000000e+02
cy: 2.6975000000000000e+02
