%YAML:1.0
TVector: !!opencv-matrix
   rows: 3
   cols: 1
   dt: f
   data: [ -5.90873547e-02, -6.71061799e-02, -2.07624391e-01 ]
RMatrix: !!opencv-matrix
   rows: 3
   cols: 3
   dt: f
   data: [ 9.64995384e-01, -2.48653233e-01, 8.33993778e-02,
       -4.32132632e-02, 1.62900805e-01, 9.85695660e-01, 2.58682221e-01,
       9.54795659e-01, -1.46453440e-01 ]
fx: 5.4068603515625000e+02
fy: 5.4068603515625000e+02
cx: 4.7975000000000000e+02
cy: 2.6975000000000000e+02
