%YAML:1.0
TVector: !!opencv-matrix
   rows: 3
   cols: 1
   dt: f
   data: [ 3.10791343e-01, -3.98540944e-01, -1.80375719e+00 ]
RMatrix: !!opencv-matrix
   rows: 3
   cols: 3
   dt: f
   data: [ 3.04819614e-01, -9.35845971e-01, -1.76853940e-01,
       2.97510028e-01, -8.28363970e-02, 9.51118231e-01, -9.04750168e-01,
       -3.42535317e-01, 2.53173411e-01 ]
fx: 5.4068603515625000e+02
fy: 5.4068603515625000e+02
cx: 4.7975000000000000e+02
cy: 2.6975000000000000e+02
