%YAML:1.0
TVector: !!opencv-matrix
   rows: 3
   cols: 1
   dt: f
   data: [ 3.10368836e-01, -3.98630798e-01, -1.80344057e+00 ]
RMatrix: !!opencv-matrix
   rows: 3
   cols: 3
   dt: f
   data: [ 3.05073053e-01, -9.35673714e-01, -1.77327782e-01,
       2.97362834e-01, -8.33017156e-02, 9.51123655e-01, -9.04713094e-01,
       -3.42892945e-01, 2.52821505e-01 ]
fx: 5.4068603515625000e+02
fy: 5.4068603515625000e+02
cx: 4.7975000000000000e+02
cy: 2.6975000000000000e+02
