%YAML:1.0
TVector: !!opencv-matrix
   rows: 3
   cols: 1
   dt: f
   data: [ 1.96958613e-02, 3.18989009e-02, -7.34787956e-02 ]
RMatrix: !!opencv-matrix
   rows: 3
   cols: 3
   dt: f
   data: [ 7.15169981e-02, -9.97420251e-01, 6.18241820e-03,
       2.72404402e-01, 2.54938416e-02, 9.61844981e-01, 9.59521294e-01,
       6.71041533e-02, -2.73524910e-01 ]
fx: 5.4068603515625000e+02
fy: 5.4068603515625000e+02
cx: 4.7975000000000000e+02
cy: 2.6975000000000000e+02
