%YAML:1.0
TVector: !!opencv-matrix
   rows: 3
   cols: 1
   dt: f
   data: [ -6.44384027e-02, 3.18255462e-02, -2.99977422e-01 ]
RMatrix: !!opencv-matrix
   rows: 3
   cols: 3
   dt: f
   data: [ 1.63456053e-01, -9.84614909e-01, -6.17719330e-02,
       6.08409606e-02, -5.24342544e-02, 9.96769369e-01, -9.84672964e-01,
       -1.66686222e-01, 5.13342246e-02 ]
fx: 5.4068603515625000e+02
fy: 5.4068603515625000e+02
cx: 4.7975000000000000e+02
cy: 2.6975000000000000e+02
