%YAML:1.0
TVector: !!opencv-matrix
   rows: 3
   cols: 1
   dt: f
   data: [ 3.10886830e-01, -3.98472250e-01, -1.80375755e+00 ]
RMatrix: !!opencv-matrix
   rows: 3
   cols: 3
   dt: f
   data: [ 3.04772526e-01, -9.35844958e-01, -1.76940978e-01,
       2.97284424e-01, -8.30236226e-02, 9.51172590e-01, -9.04840231e-01,
       -3.42493087e-01, 2.52908796e-01 ]
fx: 5.4068603515625000e+02
fy: 5.4068603515625000e+02
cx: 4.7975000000000000e+02
cy: 2.6975000000000000e+02
