%YAML:1.0
TVector: !!opencv-matrix
   rows: 3
   cols: 1
   dt: f
   data: [ -5.96887358e-02, -6.85526356e-02, -2.06639051e-01 ]
RMatrix: !!opencv-matrix
   rows: 3
   cols: 3
   dt: f
   data: [ 9.63359833e-01, -2.52884179e-01, 8.93716514e-02,
       -4.95248437e-02, 1.59766138e-01, 9.85911727e-01, 2.63600111e-01,
       9.54214036e-01, -1.41388237e-01 ]
fx: 5.4068603515625000e+02
fy: 5.4068603515625000e+02
cx: 4.7975000000000000e+02
cy: 2.6975000000000000e+02
