%YAML:1.0
TVector: !!opencv-matrix
   rows: 3
   cols: 1
   dt: f
   data: [ 3.11103195e-01, -3.98401082e-01, -1.80377507e+00 ]
RMatrix: !!opencv-matrix
   rows: 3
   cols: 3
   dt: f
   data: [ 3.04471850e-01, -9.35937047e-01, -1.76971659e-01,
       2.97315717e-01, -8.31284150e-02, 9.51153636e-01, -9.04931188e-01,
       -3.42215955e-01, 2.52958536e-01 ]
fx: 5.4068603515625000e+02
fy: 5.4068603515625000e+02
cx: 4.7975000000000000e+02
cy: 2.6975000000000000e+02
