%YAML:1.0
TVector: !!opencv-matrix
   rows: 3
   cols: 1
   dt: f
   data: [ -5.95862195e-02, -6.68095127e-02, -2.05848023e-01 ]
RMatrix: !!opencv-matrix
   rows: 3
   cols: 3
   dt: f
   data: [ 9.62699354e-01, -2.54896760e-01, 9.07616243e-02,
       -5.12259714e-02, 1.57673374e-01, 9.86161768e-01, 2.65680134e-01,
       9.54026639e-01, -1.38734728e-01 ]
fx: 5.4068603515625000e+02
fy: 5.4068603515625000e+02
cx: 4.7975000000000000e+02
cy: 2.6975000000000000e+02
