%YAML:1.0
TVector: !!opencv-matrix
   rows: 3
   cols: 1
   dt: f
   data: [ 3.10859025e-01, -3.98386389e-01, -1.80356944e+00 ]
RMatrix: !!opencv-matrix
   rows: 3
   cols: 3
   dt: f
   data: [ 3.04635882e-01, -9.35903788e-01, -1.76863879e-01,
       2.97069043e-01, -8.30655769e-02, 9.51236069e-01, -9.04956877e-01,
       -3.42321426e-01, 2.52723306e-01 ]
fx: 5.4068603515625000e+02
fy: 5.4068603515625000e+02
cx: 4.7975000000000000e+02
cy: 2.6975000000000000e+02
