%YAML:1.0
TVector: !!opencv-matrix
   rows: 3
   cols: 1
   dt: f
   data: [ 3.11021507e-01, -3.98625344e-01, -1.80368745e+00 ]
RMatrix: !!opencv-matrix
   rows: 3
   cols: 3
   dt: f
   data: [ 3.04468185e-01, -9.35929775e-01, -1.77016571e-01,
       2.97563791e-01, -8.30812752e-02, 9.51080143e-01, -9.04850900e-01,
       -3.42247367e-01, 2.53203154e-01 ]
fx: 5.4068603515625000e+02
fy: 5.4068603515625000e+02
cx: 4.7975000000000000e+02
cy: 2.6975000000000000e+02
