%YAML:1.0
TVector: !!opencv-matrix
   rows: 3
   cols: 1
   dt: f
   data: [ 3.10821295e-01, -3.98512155e-01, -1.80378139e+00 ]
RMatrix: !!opencv-matrix
   rows: 3
   cols: 3
   dt: f
   data: [ 3.04922760e-01, -9.35737133e-01, -1.77251324e-01,
       2.97336787e-01, -8.32765847e-02, 9.51133966e-01, -9.04772341e-01,
       -3.42725813e-01, 2.52836168e-01 ]
fx: 5.4068603515625000e+02
fy: 5.4068603515625000e+02
cx: 4.7975000000000000e+02
cy: 2.6975000000000000e+02
