%YAML:1.0
TVector: !!opencv-matrix
   rows: 3
   cols: 1
   dt: f
   data: [ -6.03817068e-02, -7.26218000e-02, -2.05693260e-01 ]
RMatrix: !!opencv-matrix
   rows: 3
   cols: 3
   dt: f
   data: [ 9.59275901e-01, -2.66083807e-01, 9.48119238e-02,
       -5.48953637e-02, 1.53642178e-01, 9.86600578e-01, 2.77085513e-01,
       9.51626837e-01, -1.32778451e-01 ]
fx: 5.4068603515625000e+02
fy: 5.4068603515625000e+02
cx: 4.7975000000000000e+02
cy: 2.6975000000000000e+02
