%YAML:1.0
TVector: !!opencv-matrix
   rows: 3
   cols: 1
   dt: f
   data: [ -5.84134161e-02, -7.10303262e-02, -2.08797604e-01 ]
RMatrix: !!opencv-matrix
   rows: 3
   cols: 3
   dt: f
   data: [ 9.58577216e-01, -2.69338787e-01, 9.26603228e-02,
       -5.35521433e-02, 1.49092272e-01, 9.87371862e-01, 2.79752523e-01,
       9.51434553e-01, -1.28492802e-01 ]
fx: 5.4068603515625000e+02
fy: 5.4068603515625000e+02
cx: 4.7975000000000000e+02
cy: 2.6975000000000000e+02
