%YAML:1.0
TVector: !!opencv-matrix
   rows: 3
   cols: 1
   dt: f
   data: [ 3.10786486e-01, -3.98424774e-01, -1.80339754e+00 ]
RMatrix: !!opencv-matrix
   rows: 3
   cols: 3
   dt: f
   data: [ 3.04544330e-01, -9.35953438e-01, -1.76758796e-01,
       2.97194123e-01, -8.29375163e-02, 9.51208055e-01, -9.04946566e-01,
       -3.42216760e-01, 2.52901733e-01 ]
fx: 5.4068603515625000e+02
fy: 5.4068603515625000e+02
cx: 4.7975000000000000e+02
cy: 2.6975000000000000e+02
