%YAML:1.0
TVector: !!opencv-matrix
   rows: 3
   cols: 1
   dt: f
   data: [ 3.11506361e-01, -3.98313522e-01, -1.80436587e+00 ]
RMatrix: !!opencv-matrix
   rows: 3
   cols: 3
   dt: f
   data: [ 3.04515272e-01, -9.35900509e-01, -1.77090511e-01,
       2.97524422e-01, -8.31579268e-02, 9.51085865e-01, -9.04847980e-01,
       -3.42308849e-01, 2.53130347e-01 ]
fx: 5.4068603515625000e+02
fy: 5.4068603515625000e+02
cx: 4.7975000000000000e+02
cy: 2.6975000000000000e+02
