%YAML:1.0
TVector: !!opencv-matrix
   rows: 3
   cols: 1
   dt: f
   data: [ 3.10922593e-01, -3.98535252e-01, -1.80380690e+00 ]
RMatrix: !!opencv-matrix
   rows: 3
   cols: 3
   dt: f
   data: [ 3.04669619e-01, -9.35897470e-01, -1.76840469e-01,
       2.97592133e-01, -8.28343034e-02, 9.51092839e-01, -9.04773712e-01,
       -3.42395425e-01, 2.53278673e-01 ]
fx: 5.4068603515625000e+02
fy: 5.4068603515625000e+02
cx: 4.7975000000000000e+02
cy: 2.6975000000000000e+02
