%YAML:1.0
TVector: !!opencv-matrix
   rows: 3
   cols: 1
   dt: f
   data: [ 3.11213136e-01, -3.98278326e-01, -1.80415511e+00 ]
RMatrix: !!opencv-matrix
   rows: 3
   cols: 3
   dt: f
   data: [ 3.04875195e-01, -9.35783863e-01, -1.77086517e-01,
       2.97183067e-01, -8.31807852e-02, 9.51190233e-01, -9.04838800e-01,
       -3.42621505e-01, 2.52739400e-01 ]
fx: 5.4068603515625000e+02
fy: 5.4068603515625000e+02
cx: 4.7975000000000000e+02
cy: 2.6975000000000000e+02
