%YAML:1.0
TVector: !!opencv-matrix
   rows: 3
   cols: 1
   dt: f
   data: [ -5.89877591e-02, -7.41817430e-02, -2.09163904e-01 ]
RMatrix: !!opencv-matrix
   rows: 3
   cols: 3
   dt: f
   data: [ 9.54946339e-01, -2.77757078e-01, 1.04539081e-01,
       -6.71462789e-02, 1.40902728e-01, 9.87743735e-01, 2.89082706e-01,
       9.50261772e-01, -1.15904175e-01 ]
fx: 5.4068603515625000e+02
fy: 5.4068603515625000e+02
cx: 4.7975000000000000e+02
cy: 2.6975000000000000e+02
