%YAML:1.0
TVector: !!opencv-matrix
   rows: 3
   cols: 1
   dt: f
   data: [ 3.10757488e-01, -3.98353070e-01, -1.80351925e+00 ]
RMatrix: !!opencv-matrix
   rows: 3
   cols: 3
   dt: f
   data: [ 3.04604709e-01, -9.35903668e-01, -1.76919058e-01,
       2.97086567e-01, -8.31238627e-02, 9.51225638e-01, -9.04961646e-01,
       -3.42308044e-01, 2.52724528e-01 ]
fx: 5.4068603515625000e+02
fy: 5.4068603515625000e+02
cx: 4.7975000000000000e+02
cy: 2.6975000000000000e+02
