%YAML:1.0
TVector: !!opencv-matrix
   rows: 3
   cols: 1
   dt: f
   data: [ -6.91861063e-02, 3.24094705e-02, -3.08503866e-01 ]
RMatrix: !!opencv-matrix
   rows: 3
   cols: 3
   dt: f
   data: [ 1.70845494e-01, -9.83443975e-01, -6.04139119e-02,
       6.44481629e-02, -5.00301272e-02, 9.96666253e-01, -9.83187854e-01,
       -1.74169466e-01, 5.48337251e-02 ]
fx: 5.4068603515625000e+02
fy: 5.4068603515625000e+02
cx: 4.7975000000000000e+02
cy: 2.6975000000000000e+02
