%YAML:1.0
TVector: !!opencv-matrix
   rows: 3
   cols: 1
   dt: f
   data: [ 1.94761194e-02, 3.23704779e-02, -7.78219327e-02 ]
RMatrix: !!opencv-matrix
   rows: 3
   cols: 3
   dt: f
   data: [ 7.54595622e-02, -9.97122169e-01, 7.30109774e-03,
       2.75033981e-01, 2.78506801e-02, 9.61031079e-01, 9.58468676e-01,
       7.05109313e-02, -2.76344061e-01 ]
fx: 5.4068603515625000e+02
fy: 5.4068603515625000e+02
cx: 4.7975000000000000e+02
cy: 2.6975000000000000e+02
