%YAML:1.0
TVector: !!opencv-matrix
   rows: 3
   cols: 1
   dt: f
   data: [ 3.10962975e-01, -3.98251116e-01, -1.80342686e+00 ]
RMatrix: !!opencv-matrix
   rows: 3
   cols: 3
   dt: f
   data: [ 3.04347426e-01, -9.36069310e-01, -1.76484182e-01,
       2.97087938e-01, -8.27544481e-02, 9.51257288e-01, -9.05047715e-01,
       -3.41944069e-01, 2.52908796e-01 ]
fx: 5.4068603515625000e+02
fy: 5.4068603515625000e+02
cx: 4.7975000000000000e+02
cy: 2.6975000000000000e+02
