%YAML:1.0
TVector: !!opencv-matrix
   rows: 3
   cols: 1
   dt: f
   data: [ -5.52601442e-02, -7.40339234e-02, -2.13106900e-01 ]
RMatrix: !!opencv-matrix
   rows: 3
   cols: 3
   dt: f
   data: [ 9.51158464e-01, -2.88529634e-01, 1.09764747e-01,
       -7.50037581e-02, 1.28917634e-01, 9.88814831e-01, 2.99453020e-01,
       9.48752463e-01, -1.00980297e-01 ]
fx: 5.4068603515625000e+02
fy: 5.4068603515625000e+02
cx: 4.7975000000000000e+02
cy: 2.6975000000000000e+02
