%YAML:1.0
TVector: !!opencv-matrix
   rows: 3
   cols: 1
   dt: f
   data: [ 3.10652524e-01, -3.98556769e-01, -1.80326378e+00 ]
RMatrix: !!opencv-matrix
   rows: 3
   cols: 3
   dt: f
   data: [ 3.04559320e-01, -9.35944915e-01, -1.76778525e-01,
       2.97342628e-01, -8.28970820e-02, 9.51165318e-01, -9.04892683e-01,
       -3.42250079e-01, 2.53049254e-01 ]
fx: 5.4068603515625000e+02
fy: 5.4068603515625000e+02
cx: 4.7975000000000000e+02
cy: 2.6975000000000000e+02
