%YAML:1.0
TVector: !!opencv-matrix
   rows: 3
   cols: 1
   dt: f
   data: [ 3.10952663e-01, -3.98606241e-01, -1.80373347e+00 ]
RMatrix: !!opencv-matrix
   rows: 3
   cols: 3
   dt: f
   data: [ 3.04668218e-01, -9.35803890e-01, -1.77336648e-01,
       2.97594637e-01, -8.33379850e-02, 9.51048017e-01, -9.04773355e-01,
       -3.42528552e-01, 2.53099799e-01 ]
fx: 5.4068603515625000e+02
fy: 5.4068603515625000e+02
cx: 4.7975000000000000e+02
cy: 2.6975000000000000e+02
