%YAML:1.0
TVector: !!opencv-matrix
   rows: 3
   cols: 1
   dt: f
   data: [ -5.70159033e-02, -7.47477487e-02, -2.11912259e-01 ]
RMatrix: !!opencv-matrix
   rows: 3
   cols: 3
   dt: f
   data: [ 9.50728834e-01, -2.89771765e-01, 1.10212818e-01,
       -7.56955296e-02, 1.27772033e-01, 9.88910675e-01, 3.00640494e-01,
       9.48528588e-01, -9.95421484e-02 ]
fx: 5.4068603515625000e+02
fy: 5.4068603515625000e+02
cx: 4.7975000000000000e+02
cy: 2.6975000000000000e+02
