%YAML:1.0
TVector: !!opencv-matrix
   rows: 3
   cols: 1
   dt: f
   data: [ 3.10628474e-01, -3.98459852e-01, -1.80330777e+00 ]
RMatrix: !!opencv-matrix
   rows: 3
   cols: 3
   dt: f
   data: [ 3.04649621e-01, -9.35900509e-01, -1.76859200e-01,
       2.97197133e-01, -8.30084980e-02, 9.51201141e-01, -9.04910386e-01,
       -3.42345059e-01, 2.52858371e-01 ]
fx: 5.4068603515625000e+02
fy: 5.4068603515625000e+02
cx: 4.7975000000000000e+02
cy: 2.6975000000000000e+02
