%YAML:1.0
TVector: !!opencv-matrix
   rows: 3
   cols: 1
   dt: f
   data: [ 3.10717314e-01, -3.98514032e-01, -1.80348098e+00 ]
RMatrix: !!opencv-matrix
   rows: 3
   cols: 3
   dt: f
   data: [ 3.04732323e-01, -9.35870767e-01, -1.76873416e-01,
       2.97517598e-01, -8.28781649e-02, 9.51112211e-01, -9.04777169e-01,
       -3.42457563e-01, 2.53182381e-01 ]
fx: 5.4068603515625000e+02
fy: 5.4068603515625000e+02
cx: 4.7975000000000000e+02
cy: 2.6975000000000000e+02
