%YAML:1.0
TVector: !!opencv-matrix
   rows: 3
   cols: 1
   dt: f
   data: [ 3.10678720e-01, -3.98599476e-01, -1.80356026e+00 ]
RMatrix: !!opencv-matrix
   rows: 3
   cols: 3
   dt: f
   data: [ 3.04697663e-01, -9.35865164e-01, -1.76962346e-01,
       2.97631681e-01, -8.29352662e-02, 9.51071560e-01, -9.04751182e-01,
       -3.42458844e-01, 2.53272980e-01 ]
fx: 5.4068603515625000e+02
fy: 5.4068603515625000e+02
cx: 4.7975000000000000e+02
cy: 2.6975000000000000e+02
