%YAML:1.0
TVector: !!opencv-matrix
   rows: 3
   cols: 1
   dt: f
   data: [ -5.44932671e-02, -7.66725764e-02, -2.16236383e-01 ]
RMatrix: !!opencv-matrix
   rows: 3
   cols: 3
   dt: f
   data: [ 9.45141494e-01, -3.06178600e-01, 1.13852397e-01,
       -7.97295794e-02, 1.21772736e-01, 9.89350677e-01, 3.16782117e-01,
       9.44153726e-01, -9.06809643e-02 ]
fx: 5.4068603515625000e+02
fy: 5.4068603515625000e+02
cx: 4.7975000000000000e+02
cy: 2.6975000000000000e+02
