%YAML:1.0
TVector: !!opencv-matrix
   rows: 3
   cols: 1
   dt: f
   data: [ 3.10789734e-01, -3.98263633e-01, -1.80325770e+00 ]
RMatrix: !!opencv-matrix
   rows: 3
   cols: 3
   dt: f
   data: [ 3.04425091e-01, -9.36018229e-01, -1.76622704e-01,
       2.96953410e-01, -8.29240605e-02, 9.51284587e-01, -9.05065835e-01,
       -3.42043579e-01, 2.52709568e-01 ]
fx: 5.4068603515625000e+02
fy: 5.4068603515625000e+02
cx: 4.7975000000000000e+02
cy: 2.6975000000000000e+02
