%YAML:1.0
TVector: !!opencv-matrix
   rows: 3
   cols: 1
   dt: f
   data: [ 3.10722470e-01, -3.98529887e-01, -1.80367446e+00 ]
RMatrix: !!opencv-matrix
   rows: 3
   cols: 3
   dt: f
   data: [ 3.04871768e-01, -9.35783982e-01, -1.77091941e-01,
       2.97510773e-01, -8.30631629e-02, 9.51098204e-01, -9.04732347e-01,
       -3.42649788e-01, 2.53082246e-01 ]
fx: 5.4068603515625000e+02
fy: 5.4068603515625000e+02
cx: 4.7975000000000000e+02
cy: 2.6975000000000000e+02
