%YAML:1.0
TVector: !!opencv-matrix
   rows: 3
   cols: 1
   dt: f
   data: [ -5.49399219e-02, -7.86330253e-02, -2.16718465e-01 ]
RMatrix: !!opencv-matrix
   rows: 3
   cols: 3
   dt: f
   data: [ 9.42730486e-01, -3.12787980e-01, 1.15855798e-01,
       -8.34856927e-02, 1.15014844e-01, 9.89849210e-01, 3.22938114e-01,
       9.42833424e-01, -8.23146924e-02 ]
fx: 5.4068603515625000e+02
fy: 5.4068603515625000e+02
cx: 4.7975000000000000e+02
cy: 2.6975000000000000e+02
