%YAML:1.0
TVector: !!opencv-matrix
   rows: 3
   cols: 1
   dt: f
   data: [ 3.10539454e-01, -3.98305833e-01, -1.80341840e+00 ]
RMatrix: !!opencv-matrix
   rows: 3
   cols: 3
   dt: f
   data: [ 3.04749519e-01, -9.35901582e-01, -1.76680446e-01,
       2.97165483e-01, -8.28104243e-02, 9.51228261e-01, -9.04887021e-01,
       -3.42389643e-01, 2.52881199e-01 ]
fx: 5.4068603515625000e+02
fy: 5.4068603515625000e+02
cx: 4.7975000000000000e+02
cy: 2.6975000000000000e+02
