%YAML:1.0
TVector: !!opencv-matrix
   rows: 3
   cols: 1
   dt: f
   data: [ 3.10843110e-01, -3.98644328e-01, -1.80376065e+00 ]
RMatrix: !!opencv-matrix
   rows: 3
   cols: 3
   dt: f
   data: [ 3.04652214e-01, -9.35876787e-01, -1.76979586e-01,
       2.97802210e-01, -8.29011276e-02, 9.51021135e-01, -9.04710472e-01,
       -3.42435569e-01, 2.53450215e-01 ]
fx: 5.4068603515625000e+02
fy: 5.4068603515625000e+02
cx: 4.7975000000000000e+02
cy: 2.6975000000000000e+02
