%YAML:1.0
TVector: !!opencv-matrix
   rows: 3
   cols: 1
   dt: f
   data: [ -5.69023751e-02, -7.88349584e-02, -2.14618757e-01 ]
RMatrix: !!opencv-matrix
   rows: 3
   cols: 3
   dt: f
   data: [ 9.41351712e-01, -3.16342801e-01, 1.17408127e-01,
       -8.63913521e-02, 1.10399723e-01, 9.90125537e-01, 3.26180875e-01,
       9.42199349e-01, -7.65956640e-02 ]
fx: 5.4068603515625000e+02
fy: 5.4068603515625000e+02
cx: 4.7975000000000000e+02
cy: 2.6975000000000000e+02
