%YAML:1.0
TVector: !!opencv-matrix
   rows: 3
   cols: 1
   dt: f
   data: [ -6.64112940e-02, 3.38824131e-02, -3.11496049e-01 ]
RMatrix: !!opencv-matrix
   rows: 3
   cols: 3
   dt: f
   data: [ 1.73539460e-01, -9.83231544e-01, -5.60371056e-02,
       6.66210949e-02, -4.50496189e-02, 9.96761024e-01, -9.82571125e-01,
       -1.76710621e-01, 5.76860607e-02 ]
fx: 5.4068603515625000e+02
fy: 5.4068603515625000e+02
cx: 4.7975000000000000e+02
cy: 2.6975000000000000e+02
