%YAML:1.0
TVector: !!opencv-matrix
   rows: 3
   cols: 1
   dt: f
   data: [ 3.10709387e-01, -3.98652554e-01, -1.80368829e+00 ]
RMatrix: !!opencv-matrix
   rows: 3
   cols: 3
   dt: f
   data: [ 3.04782182e-01, -9.35781002e-01, -1.77261397e-01,
       2.97510266e-01, -8.32610950e-02, 9.51081038e-01, -9.04762685e-01,
       -3.42609644e-01, 2.53027946e-01 ]
fx: 5.4068603515625000e+02
fy: 5.4068603515625000e+02
cx: 4.7975000000000000e+02
cy: 2.6975000000000000e+02
