%YAML:1.0
TVector: !!opencv-matrix
   rows: 3
   cols: 1
   dt: f
   data: [ -5.68282828e-02, -7.72239193e-02, -2.14738294e-01 ]
RMatrix: !!opencv-matrix
   rows: 3
   cols: 3
   dt: f
   data: [ 9.40105975e-01, -3.19462270e-01, 1.18930474e-01,
       -8.85466412e-02, 1.08059399e-01, 9.90193248e-01, 3.29181015e-01,
       9.41417575e-01, -7.32999891e-02 ]
fx: 5.4068603515625000e+02
fy: 5.4068603515625000e+02
cx: 4.7975000000000000e+02
cy: 2.6975000000000000e+02
