%YAML:1.0
TVector: !!opencv-matrix
   rows: 3
   cols: 1
   dt: f
   data: [ 3.10843170e-01, -3.98575515e-01, -1.80359030e+00 ]
RMatrix: !!opencv-matrix
   rows: 3
   cols: 3
   dt: f
   data: [ 3.04601103e-01, -9.35848713e-01, -1.77215353e-01,
       2.97412962e-01, -8.33025500e-02, 9.51107800e-01, -9.04855728e-01,
       -3.42414647e-01, 2.52959520e-01 ]
fx: 5.4068603515625000e+02
fy: 5.4068603515625000e+02
cx: 4.7975000000000000e+02
cy: 2.6975000000000000e+02
