%YAML:1.0
TVector: !!opencv-matrix
   rows: 3
   cols: 1
   dt: f
   data: [ 3.10501635e-01, -3.98529112e-01, -1.80359685e+00 ]
RMatrix: !!opencv-matrix
   rows: 3
   cols: 3
   dt: f
   data: [ 3.04908693e-01, -9.35856938e-01, -1.76642135e-01,
       2.97578067e-01, -8.25700089e-02, 9.51120138e-01, -9.04697716e-01,
       -3.42569649e-01, 2.53314197e-01 ]
fx: 5.4068603515625000e+02
fy: 5.4068603515625000e+02
cx: 4.7975000000000000e+02
cy: 2.6975000000000000e+02
