%YAML:1.0
TVector: !!opencv-matrix
   rows: 3
   cols: 1
   dt: f
   data: [ 3.10843349e-01, -3.98545027e-01, -1.80377412e+00 ]
RMatrix: !!opencv-matrix
   rows: 3
   cols: 3
   dt: f
   data: [ 3.04813206e-01, -9.35739815e-01, -1.77425772e-01,
       2.97347605e-01, -8.34809020e-02, 9.51112807e-01, -9.04805660e-01,
       -3.42668891e-01, 2.52793878e-01 ]
fx: 5.4068603515625000e+02
fy: 5.4068603515625000e+02
cx: 4.7975000000000000e+02
cy: 2.6975000000000000e+02
