%YAML:1.0
TVector: !!opencv-matrix
   rows: 3
   cols: 1
   dt: f
   data: [ -5.67344651e-02, -8.07615817e-02, -2.15664387e-01 ]
RMatrix: !!opencv-matrix
   rows: 3
   cols: 3
   dt: f
   data: [ 9.36427355e-01, -3.27724963e-01, 1.25301793e-01,
       -9.69540849e-02, 1.01519875e-01, 9.90097821e-01, 3.37200373e-01,
       9.39303160e-01, -6.32917285e-02 ]
fx: 5.4068603515625000e+02
fy: 5.4068603515625000e+02
cx: 4.7975000000000000e+02
cy: 2.6975000000000000e+02
