%YAML:1.0
TVector: !!opencv-matrix
   rows: 3
   cols: 1
   dt: f
   data: [ -5.66234253e-02, -8.12472031e-02, -2.15105847e-01 ]
RMatrix: !!opencv-matrix
   rows: 3
   cols: 3
   dt: f
   data: [ 9.35138226e-01, -3.30758333e-01, 1.26944691e-01,
       -9.94978622e-02, 9.87048373e-02, 9.90129948e-01, 3.40023816e-01,
       9.38539267e-01, -5.93929291e-02 ]
fx: 5.4068603515625000e+02
fy: 5.4068603515625000e+02
cx: 4.7975000000000000e+02
cy: 2.6975000000000000e+02
