%YAML:1.0
TVector: !!opencv-matrix
   rows: 3
   cols: 1
   dt: f
   data: [ 3.10539395e-01, -3.98487896e-01, -1.80319095e+00 ]
RMatrix: !!opencv-matrix
   rows: 3
   cols: 3
   dt: f
   data: [ 3.04659724e-01, -9.35881734e-01, -1.76940143e-01,
       2.97286838e-01, -8.30539465e-02, 9.51169074e-01, -9.04877365e-01,
       -3.42384994e-01, 2.52922088e-01 ]
fx: 5.4068603515625000e+02
fy: 5.4068603515625000e+02
cx: 4.7975000000000000e+02
cy: 2.6975000000000000e+02
