%YAML:1.0
TVector: !!opencv-matrix
   rows: 3
   cols: 1
   dt: f
   data: [ 3.10658753e-01, -3.98333877e-01, -1.80369651e+00 ]
RMatrix: !!opencv-matrix
   rows: 3
   cols: 3
   dt: f
   data: [ 3.04917783e-01, -9.35794234e-01, -1.76958933e-01,
       2.97365248e-01, -8.29700381e-02, 9.51152027e-01, -9.04764712e-01,
       -3.42644542e-01, 2.52973646e-01 ]
fx: 5.4068603515625000e+02
fy: 5.4068603515625000e+02
cx: 4.7975000000000000e+02
cy: 2.6975000000000000e+02
