%YAML:1.0
TVector: !!opencv-matrix
   rows: 3
   cols: 1
   dt: f
   data: [ 3.10902178e-01, -3.98190916e-01, -1.80393541e+00 ]
RMatrix: !!opencv-matrix
   rows: 3
   cols: 3
   dt: f
   data: [ 3.04894239e-01, -9.35819387e-01, -1.76864624e-01,
       2.97262877e-01, -8.29196051e-02, 9.51188087e-01, -9.04806018e-01,
       -3.42587143e-01, 2.52902716e-01 ]
fx: 5.4068603515625000e+02
fy: 5.4068603515625000e+02
cx: 4.7975000000000000e+02
cy: 2.6975000000000000e+02
