%YAML:1.0
TVector: !!opencv-matrix
   rows: 3
   cols: 1
   dt: f
   data: [ 3.10588747e-01, -3.98448467e-01, -1.80322409e+00 ]
RMatrix: !!opencv-matrix
   rows: 3
   cols: 3
   dt: f
   data: [ 3.04599017e-01, -9.35917914e-01, -1.76852420e-01,
       2.97247022e-01, -8.29970762e-02, 9.51186538e-01, -9.04910743e-01,
       -3.42299283e-01, 2.52918035e-01 ]
fx: 5.4068603515625000e+02
fy: 5.4068603515625000e+02
cx: 4.7975000000000000e+02
cy: 2.6975000000000000e+02
