%YAML:1.0
TVector: !!opencv-matrix
   rows: 3
   cols: 1
   dt: f
   data: [ 3.11200112e-01, -3.98531049e-01, -1.80411947e+00 ]
RMatrix: !!opencv-matrix
   rows: 3
   cols: 3
   dt: f
   data: [ 3.04729611e-01, -9.35806572e-01, -1.77217796e-01,
       2.97713995e-01, -8.31545889e-02, 9.51026678e-01, -9.04713392e-01,
       -3.42566252e-01, 2.53263026e-01 ]
fx: 5.4068603515625000e+02
fy: 5.4068603515625000e+02
cx: 4.7975000000000000e+02
cy: 2.6975000000000000e+02
