%YAML:1.0
TVector: !!opencv-matrix
   rows: 3
   cols: 1
   dt: f
   data: [ -5.73761538e-02, -8.41280222e-02, -2.15130940e-01 ]
RMatrix: !!opencv-matrix
   rows: 3
   cols: 3
   dt: f
   data: [ 9.30033803e-01, -3.41013670e-01, 1.36919618e-01,
       -1.15058228e-01, 8.36312696e-02, 9.89832103e-01, 3.48997027e-01,
       9.36331034e-01, -3.85434888e-02 ]
fx: 5.4068603515625000e+02
fy: 5.4068603515625000e+02
cx: 4.7975000000000000e+02
cy: 2.6975000000000000e+02
