%YAML:1.0
TVector: !!opencv-matrix
   rows: 3
   cols: 1
   dt: f
   data: [ 3.11232895e-01, -3.98269236e-01, -1.80403304e+00 ]
RMatrix: !!opencv-matrix
   rows: 3
   cols: 3
   dt: f
   data: [ 3.04585069e-01, -9.35910106e-01, -1.76919267e-01,
       2.97433764e-01, -8.29983428e-02, 9.51128066e-01, -9.04854298e-01,
       -3.42321128e-01, 2.53091186e-01 ]
fx: 5.4068603515625000e+02
fy: 5.4068603515625000e+02
cx: 4.7975000000000000e+02
cy: 2.6975000000000000e+02
