%YAML:1.0
TVector: !!opencv-matrix
   rows: 3
   cols: 1
   dt: f
   data: [ -6.79032654e-02, 3.28660086e-02, -3.15374613e-01 ]
RMatrix: !!opencv-matrix
   rows: 3
   cols: 3
   dt: f
   data: [ 1.78154871e-01, -9.82625663e-01, -5.20353280e-02,
       7.07310587e-02, -3.99564877e-02, 9.96694803e-01, -9.81456876e-01,
       -1.81246579e-01, 6.23837113e-02 ]
fx: 5.4068603515625000e+02
fy: 5.4068603515625000e+02
cx: 4.7975000000000000e+02
cy: 2.6975000000000000e+02
