%YAML:1.0
TVector: !!opencv-matrix
   rows: 3
   cols: 1
   dt: f
   data: [ 2.11545005e-02, 3.28229107e-02, -7.98373893e-02 ]
RMatrix: !!opencv-matrix
   rows: 3
   cols: 3
   dt: f
   data: [ 8.17834064e-02, -9.96633351e-01, 5.80272311e-03,
       2.83210307e-01, 2.88215745e-02, 9.58624721e-01, 9.55564499e-01,
       7.67562166e-02, -2.84613848e-01 ]
fx: 5.4068603515625000e+02
fy: 5.4068603515625000e+02
cx: 4.7975000000000000e+02
cy: 2.6975000000000000e+02
