%YAML:1.0
TVector: !!opencv-matrix
   rows: 3
   cols: 1
   dt: f
   data: [ 3.10884982e-01, -3.98249030e-01, -1.80349195e+00 ]
RMatrix: !!opencv-matrix
   rows: 3
   cols: 3
   dt: f
   data: [ 3.04499269e-01, -9.35987532e-01, -1.76656738e-01,
       2.97256142e-01, -8.28230903e-02, 9.51198757e-01, -9.04941440e-01,
       -3.42151672e-01, 2.53008544e-01 ]
fx: 5.4068603515625000e+02
fy: 5.4068603515625000e+02
cx: 4.7975000000000000e+02
cy: 2.6975000000000000e+02
