%YAML:1.0
TVector: !!opencv-matrix
   rows: 3
   cols: 1
   dt: f
   data: [ -5.56786880e-02, -8.44544470e-02, -2.18082711e-01 ]
RMatrix: !!opencv-matrix
   rows: 3
   cols: 3
   dt: f
   data: [ 9.28754687e-01, -3.44138891e-01, 1.37778938e-01,
       -1.17667042e-01, 7.87672922e-02, 9.89924133e-01, 3.51523995e-01,
       9.35608804e-01, -3.26616801e-02 ]
fx: 5.4068603515625000e+02
fy: 5.4068603515625000e+02
cx: 4.7975000000000000e+02
cy: 2.6975000000000000e+02
