%YAML:1.0
TVector: !!opencv-matrix
   rows: 3
   cols: 1
   dt: f
   data: [ 3.10874760e-01, -3.98828626e-01, -1.80378544e+00 ]
RMatrix: !!opencv-matrix
   rows: 3
   cols: 3
   dt: f
   data: [ 3.04737240e-01, -9.35798287e-01, -1.77247554e-01,
       2.98020512e-01, -8.30665901e-02, 9.50938344e-01, -9.04609978e-01,
       -3.42609704e-01, 2.53573626e-01 ]
fx: 5.4068603515625000e+02
fy: 5.4068603515625000e+02
cx: 4.7975000000000000e+02
cy: 2.6975000000000000e+02
