%YAML:1.0
TVector: !!opencv-matrix
   rows: 3
   cols: 1
   dt: f
   data: [ 3.10857266e-01, -3.98628861e-01, -1.80398977e+00 ]
RMatrix: !!opencv-matrix
   rows: 3
   cols: 3
   dt: f
   data: [ 3.04908752e-01, -9.35703397e-01, -1.77454293e-01,
       2.97755659e-01, -8.33281800e-02, 9.50998545e-01, -9.04639482e-01,
       -3.42805743e-01, 2.53203452e-01 ]
fx: 5.4068603515625000e+02
fy: 5.4068603515625000e+02
cx: 4.7975000000000000e+02
cy: 2.6975000000000000e+02
