%YAML:1.0
TVector: !!opencv-matrix
   rows: 3
   cols: 1
   dt: f
   data: [ 3.11155796e-01, -3.98689747e-01, -1.80422115e+00 ]
RMatrix: !!opencv-matrix
   rows: 3
   cols: 3
   dt: f
   data: [ 3.04800391e-01, -9.35661495e-01, -1.77861154e-01,
       2.97857642e-01, -8.37338269e-02, 9.50931013e-01, -9.04642403e-01,
       -3.42821360e-01, 2.53171802e-01 ]
fx: 5.4068603515625000e+02
fy: 5.4068603515625000e+02
cx: 4.7975000000000000e+02
cy: 2.6975000000000000e+02
