%YAML:1.0
TVector: !!opencv-matrix
   rows: 3
   cols: 1
   dt: f
   data: [ -5.61213940e-02, -8.50516930e-02, -2.17975959e-01 ]
RMatrix: !!opencv-matrix
   rows: 3
   cols: 3
   dt: f
   data: [ 9.24095631e-01, -3.54914695e-01, 1.41712517e-01,
       -1.29745737e-01, 5.74259609e-02, 9.89882827e-01, 3.59462023e-01,
       9.33133185e-01, -7.01843342e-03 ]
fx: 5.4068603515625000e+02
fy: 5.4068603515625000e+02
cx: 4.7975000000000000e+02
cy: 2.6975000000000000e+02
