%YAML:1.0
TVector: !!opencv-matrix
   rows: 3
   cols: 1
   dt: f
   data: [ 3.10653657e-01, -3.98549676e-01, -1.80331969e+00 ]
RMatrix: !!opencv-matrix
   rows: 3
   cols: 3
   dt: f
   data: [ 3.04462910e-01, -9.35971558e-01, -1.76804096e-01,
       2.97497392e-01, -8.28919709e-02, 9.51117337e-01, -9.04874384e-01,
       -3.42178762e-01, 2.53211558e-01 ]
fx: 5.4068603515625000e+02
fy: 5.4068603515625000e+02
cx: 4.7975000000000000e+02
cy: 2.6975000000000000e+02
