%YAML:1.0
TVector: !!opencv-matrix
   rows: 3
   cols: 1
   dt: f
   data: [ 3.10687065e-01, -3.98503453e-01, -1.80355847e+00 ]
RMatrix: !!opencv-matrix
   rows: 3
   cols: 3
   dt: f
   data: [ 3.04724604e-01, -9.35854495e-01, -1.76971719e-01,
       2.97586203e-01, -8.29542950e-02, 9.51084137e-01, -9.04756963e-01,
       -3.42483014e-01, 2.53219217e-01 ]
fx: 5.4068603515625000e+02
fy: 5.4068603515625000e+02
cx: 4.7975000000000000e+02
cy: 2.6975000000000000e+02
