%YAML:1.0
TVector: !!opencv-matrix
   rows: 3
   cols: 1
   dt: f
   data: [ 3.10845464e-01, -3.98524225e-01, -1.80366492e+00 ]
RMatrix: !!opencv-matrix
   rows: 3
   cols: 3
   dt: f
   data: [ 3.04593980e-01, -9.35874581e-01, -1.77091494e-01,
       2.97469765e-01, -8.31572264e-02, 9.51102853e-01, -9.04839516e-01,
       -3.42379600e-01, 2.53065199e-01 ]
fx: 5.4068603515625000e+02
fy: 5.4068603515625000e+02
cx: 4.7975000000000000e+02
cy: 2.6975000000000000e+02
