%YAML:1.0
TVector: !!opencv-matrix
   rows: 3
   cols: 1
   dt: f
   data: [ -5.87160960e-02, -8.72029662e-02, -2.16338918e-01 ]
RMatrix: !!opencv-matrix
   rows: 3
   cols: 3
   dt: f
   data: [ 9.20881271e-01, -3.62440884e-01, 1.43575653e-01,
       -1.37087286e-01, 4.37050648e-02, 9.89594221e-01, 3.64944398e-01,
       9.30981278e-01, 9.43887606e-03 ]
fx: 5.4068603515625000e+02
fy: 5.4068603515625000e+02
cx: 4.7975000000000000e+02
cy: 2.6975000000000000e+02
