%YAML:1.0
TVector: !!opencv-matrix
   rows: 3
   cols: 1
   dt: f
   data: [ 3.10914248e-01, -3.98266226e-01, -1.80324125e+00 ]
RMatrix: !!opencv-matrix
   rows: 3
   cols: 3
   dt: f
   data: [ 3.04119378e-01, -9.36181545e-01, -1.76282674e-01,
       2.97303349e-01, -8.25331658e-02, 9.51209247e-01, -9.05053616e-01,
       -3.41690570e-01, 2.53229946e-01 ]
fx: 5.4068603515625000e+02
fy: 5.4068603515625000e+02
cx: 4.7975000000000000e+02
cy: 2.6975000000000000e+02
