%YAML:1.0
TVector: !!opencv-matrix
   rows: 3
   cols: 1
   dt: f
   data: [ 3.11196864e-01, -3.98681521e-01, -1.80389714e+00 ]
RMatrix: !!opencv-matrix
   rows: 3
   cols: 3
   dt: f
   data: [ 3.04417789e-01, -9.35904920e-01, -1.77233964e-01,
       2.97844410e-01, -8.32103640e-02, 9.50981021e-01, -9.04775500e-01,
       -3.42283636e-01, 2.53423333e-01 ]
fx: 5.4068603515625000e+02
fy: 5.4068603515625000e+02
cx: 4.7975000000000000e+02
cy: 2.6975000000000000e+02
