%YAML:1.0
TVector: !!opencv-matrix
   rows: 3
   cols: 1
   dt: f
   data: [ 3.11321199e-01, -3.98449779e-01, -1.80416524e+00 ]
RMatrix: !!opencv-matrix
   rows: 3
   cols: 3
   dt: f
   data: [ 3.04578125e-01, -9.35882092e-01, -1.77079007e-01,
       2.97601759e-01, -8.30990896e-02, 9.51066613e-01, -9.04801309e-01,
       -3.42373043e-01, 2.53209978e-01 ]
fx: 5.4068603515625000e+02
fy: 5.4068603515625000e+02
cx: 4.7975000000000000e+02
cy: 2.6975000000000000e+02
