%YAML:1.0
TVector: !!opencv-matrix
   rows: 3
   cols: 1
   dt: f
   data: [ -7.35445768e-02, 3.74013036e-02, -3.16576153e-01 ]
RMatrix: !!opencv-matrix
   rows: 3
   cols: 3
   dt: f
   data: [ 1.83670804e-01, -9.81713295e-01, -5.00396751e-02,
       7.03706220e-02, -3.76434103e-02, 9.96810436e-01, -9.80465829e-01,
       -1.86606288e-01, 6.21697940e-02 ]
fx: 5.4068603515625000e+02
fy: 5.4068603515625000e+02
cx: 4.7975000000000000e+02
cy: 2.6975000000000000e+02
