%YAML:1.0
TVector: !!opencv-matrix
   rows: 3
   cols: 1
   dt: f
   data: [ 2.14556046e-02, 3.33866291e-02, -8.07703361e-02 ]
RMatrix: !!opencv-matrix
   rows: 3
   cols: 3
   dt: f
   data: [ 8.47995281e-02, -9.96375561e-01, 6.69537857e-03,
       2.87158996e-01, 3.08728963e-02, 9.57385302e-01, 9.54122007e-01,
       7.92631730e-02, -2.88736194e-01 ]
fx: 5.4068603515625000e+02
fy: 5.4068603515625000e+02
cx: 4.7975000000000000e+02
cy: 2.6975000000000000e+02
