%YAML:1.0
TVector: !!opencv-matrix
   rows: 3
   cols: 1
   dt: f
   data: [ 3.10932040e-01, -3.98400456e-01, -1.80365896e+00 ]
RMatrix: !!opencv-matrix
   rows: 3
   cols: 3
   dt: f
   data: [ 3.04634839e-01, -9.35885727e-01, -1.76962912e-01,
       2.97436148e-01, -8.30276534e-02, 9.51124787e-01, -9.04836833e-01,
       -3.42380852e-01, 2.53073096e-01 ]
fx: 5.4068603515625000e+02
fy: 5.4068603515625000e+02
cx: 4.7975000000000000e+02
cy: 2.6975000000000000e+02
