%YAML:1.0
TVector: !!opencv-matrix
   rows: 3
   cols: 1
   dt: f
   data: [ -6.09565601e-02, -8.78675506e-02, -2.14704573e-01 ]
RMatrix: !!opencv-matrix
   rows: 3
   cols: 3
   dt: f
   data: [ 9.17458475e-01, -3.71511787e-01, 1.42298833e-01,
       -1.42425075e-01, 2.72552911e-02, 9.89430189e-01, 3.71463388e-01,
       9.28027987e-01, 2.79069915e-02 ]
fx: 5.4068603515625000e+02
fy: 5.4068603515625000e+02
cx: 4.7975000000000000e+02
cy: 2.6975000000000000e+02
