%YAML:1.0
TVector: !!opencv-matrix
   rows: 3
   cols: 1
   dt: f
   data: [ 3.10733885e-01, -3.98629934e-01, -1.80359244e+00 ]
RMatrix: !!opencv-matrix
   rows: 3
   cols: 3
   dt: f
   data: [ 3.04627180e-01, -9.35901463e-01, -1.76891744e-01,
       2.97715485e-01, -8.28518122e-02, 9.51052547e-01, -9.04747307e-01,
       -3.42379868e-01, 2.53393382e-01 ]
fx: 5.4068603515625000e+02
fy: 5.4068603515625000e+02
cx: 4.7975000000000000e+02
cy: 2.6975000000000000e+02
