%YAML:1.0
TVector: !!opencv-matrix
   rows: 3
   cols: 1
   dt: f
   data: [ 3.10902447e-01, -3.98508877e-01, -1.80371571e+00 ]
RMatrix: !!opencv-matrix
   rows: 3
   cols: 3
   dt: f
   data: [ 3.04618567e-01, -9.35903847e-01, -1.76894471e-01,
       2.97601342e-01, -8.29002112e-02, 9.51084137e-01, -9.04787779e-01,
       -3.42361957e-01, 2.53273308e-01 ]
fx: 5.4068603515625000e+02
fy: 5.4068603515625000e+02
cx: 4.7975000000000000e+02
cy: 2.6975000000000000e+02
