%YAML:1.0
TVector: !!opencv-matrix
   rows: 3
   cols: 1
   dt: f
   data: [ -5.96703626e-02, -8.92457440e-02, -2.14846343e-01 ]
RMatrix: !!opencv-matrix
   rows: 3
   cols: 3
   dt: f
   data: [ 9.15187001e-01, -3.75822991e-01, 1.45567194e-01,
       -1.46170810e-01, 2.70768534e-02, 9.88888741e-01, 3.75588596e-01,
       9.26295817e-01, 3.01539693e-02 ]
fx: 5.4068603515625000e+02
fy: 5.4068603515625000e+02
cx: 4.7975000000000000e+02
cy: 2.6975000000000000e+02
