%YAML:1.0
TVector: !!opencv-matrix
   rows: 3
   cols: 1
   dt: f
   data: [ -5.73258772e-02, -9.01000798e-02, -2.15561092e-01 ]
RMatrix: !!opencv-matrix
   rows: 3
   cols: 3
   dt: f
   data: [ 9.12984848e-01, -3.80561411e-01, 1.47077620e-01,
       -1.48705289e-01, 2.53022071e-02, 9.88557816e-01, 3.79928380e-01,
       9.24409509e-01, 3.34909745e-02 ]
fx: 5.4068603515625000e+02
fy: 5.4068603515625000e+02
cx: 4.7975000000000000e+02
cy: 2.6975000000000000e+02
