%YAML:1.0
TVector: !!opencv-matrix
   rows: 3
   cols: 1
   dt: f
   data: [ -5.93747422e-02, -8.91540945e-02, -2.13932902e-01 ]
RMatrix: !!opencv-matrix
   rows: 3
   cols: 3
   dt: f
   data: [ 9.09750700e-01, -3.88066322e-01, 1.47507519e-01,
       -1.51899308e-01, 1.95248220e-02, 9.88203108e-01, 3.86368424e-01,
       9.21424627e-01, 4.11842652e-02 ]
fx: 5.4068603515625000e+02
fy: 5.4068603515625000e+02
cx: 4.7975000000000000e+02
cy: 2.6975000000000000e+02
