%YAML:1.0
TVector: !!opencv-matrix
   rows: 3
   cols: 1
   dt: f
   data: [ -6.10928312e-02, -9.37390924e-02, -2.05512688e-01 ]
RMatrix: !!opencv-matrix
   rows: 3
   cols: 3
   dt: f
   data: [ 9.05997396e-01, -3.96512687e-01, 1.48142666e-01,
       -1.54341727e-01, 1.64284613e-02, 9.87880945e-01, 3.94141078e-01,
       9.17882085e-01, 4.63143215e-02 ]
fx: 5.4068603515625000e+02
fy: 5.4068603515625000e+02
cx: 4.7975000000000000e+02
cy: 2.6975000000000000e+02
