%YAML:1.0
TVector: !!opencv-matrix
   rows: 3
   cols: 1
   dt: f
   data: [ 2.23242417e-02, 3.41517478e-02, -8.05475414e-02 ]
RMatrix: !!opencv-matrix
   rows: 3
   cols: 3
   dt: f
   data: [ 8.62225518e-02, -9.96248007e-01, 7.42937066e-03,
       2.91754305e-01, 3.23793478e-02, 9.55944955e-01, 9.52599049e-01,
       8.02564621e-02, -2.93451548e-01 ]
fx: 5.4068603515625000e+02
fy: 5.4068603515625000e+02
cx: 4.7975000000000000e+02
cy: 2.6975000000000000e+02
