%YAML:1.0
TVector: !!opencv-matrix
   rows: 3
   cols: 1
   dt: f
   data: [ -7.34674931e-02, 4.05233949e-02, -3.30244303e-01 ]
RMatrix: !!opencv-matrix
   rows: 3
   cols: 3
   dt: f
   data: [ 1.91955596e-01, -9.79961753e-01, -5.31783104e-02,
       7.42673501e-02, -3.95257808e-02, 9.96454775e-01, -9.78589535e-01,
       -1.95224524e-01, 6.51919618e-02 ]
fx: 5.4068603515625000e+02
fy: 5.4068603515625000e+02
cx: 4.7975000000000000e+02
cy: 2.6975000000000000e+02
