%YAML:1.0
TVector: !!opencv-matrix
   rows: 3
   cols: 1
   dt: f
   data: [ -6.27937168e-02, -9.33689997e-02, -2.04660416e-01 ]
RMatrix: !!opencv-matrix
   rows: 3
   cols: 3
   dt: f
   data: [ 8.98678601e-01, -4.11128670e-01, 1.52807057e-01,
       -1.68609679e-01, -2.20608315e-03, 9.85680461e-01, 4.04904276e-01,
       9.11574662e-01, 7.13028163e-02 ]
fx: 5.4068603515625000e+02
fy: 5.4068603515625000e+02
cx: 4.7975000000000000e+02
cy: 2.6975000000000000e+02
