%YAML:1.0
TVector: !!opencv-matrix
   rows: 3
   cols: 1
   dt: f
   data: [ -5.73481284e-02, -9.25874412e-02, -2.11145669e-01 ]
RMatrix: !!opencv-matrix
   rows: 3
   cols: 3
   dt: f
   data: [ 8.95877123e-01, -4.16690111e-01, 1.54186890e-01,
       -1.73352420e-01, -8.29233229e-03, 9.84824896e-01, 4.09088224e-01,
       9.09010828e-01, 7.96631351e-02 ]
fx: 5.4068603515625000e+02
fy: 5.4068603515625000e+02
cx: 4.7975000000000000e+02
cy: 2.6975000000000000e+02
