%YAML:1.0
TVector: !!opencv-matrix
   rows: 3
   cols: 1
   dt: f
   data: [ -6.43696561e-02, -9.43171009e-02, -2.03889459e-01 ]
RMatrix: !!opencv-matrix
   rows: 3
   cols: 3
   dt: f
   data: [ 8.93997848e-01, -4.19903576e-01, 1.56358927e-01,
       -1.78970903e-01, -1.47235347e-02, 9.83743966e-01, 4.10775542e-01,
       9.07448888e-01, 8.83133709e-02 ]
fx: 5.4068603515625000e+02
fy: 5.4068603515625000e+02
cx: 4.7975000000000000e+02
cy: 2.6975000000000000e+02
