%YAML:1.0
TVector: !!opencv-matrix
   rows: 3
   cols: 1
   dt: f
   data: [ -6.50736541e-02, -9.76883546e-02, -2.01764822e-01 ]
RMatrix: !!opencv-matrix
   rows: 3
   cols: 3
   dt: f
   data: [ 8.90271187e-01, -4.26662654e-01, 1.59298122e-01,
       -1.83364481e-01, -1.56252161e-02, 9.82920647e-01, 4.16886568e-01,
       9.04275596e-01, 9.21454728e-02 ]
fx: 5.4068603515625000e+02
fy: 5.4068603515625000e+02
cx: 4.7975000000000000e+02
cy: 2.6975000000000000e+02
