%YAML:1.0
TVector: !!opencv-matrix
   rows: 3
   cols: 1
   dt: f
   data: [ 1.38532603e-02, -1.19610783e-03, -3.71721084e-03 ]
RMatrix: !!opencv-matrix
   rows: 3
   cols: 3
   dt: f
   data: [ -7.17228372e-03, -9.99908268e-01, -1.15082376e-02,
       -8.93374719e-03, -1.14440015e-02, 9.99894738e-01, -9.99934554e-01,
       7.27433898e-03, -8.85084551e-03 ]
fx: 5.4068603515625000e+02
fy: 5.4068603515625000e+02
cx: 4.7975000000000000e+02
cy: 2.6975000000000000e+02
