%YAML:1.0
TVector: !!opencv-matrix
   rows: 3
   cols: 1
   dt: f
   data: [ -7.62741715e-02, 4.15449403e-02, -3.33691031e-01 ]
RMatrix: !!opencv-matrix
   rows: 3
   cols: 3
   dt: f
   data: [ 1.94402754e-01, -9.79457617e-01, -5.35747260e-02,
       7.56124258e-02, -3.94914187e-02, 9.96354997e-01, -9.78003204e-01,
       -1.97745070e-01, 6.63819462e-02 ]
fx: 5.4068603515625000e+02
fy: 5.4068603515625000e+02
cx: 4.7975000000000000e+02
cy: 2.6975000000000000e+02
