%YAML:1.0
TVector: !!opencv-matrix
   rows: 3
   cols: 1
   dt: f
   data: [ -6.62876144e-02, -9.71234217e-02, -2.03392029e-01 ]
RMatrix: !!opencv-matrix
   rows: 3
   cols: 3
   dt: f
   data: [ 8.86639059e-01, -4.32989776e-01, 1.62452504e-01,
       -1.91833436e-01, -2.47170664e-02, 9.81116056e-01, 4.20797884e-01,
       9.01059687e-01, 1.04977019e-01 ]
fx: 5.4068603515625000e+02
fy: 5.4068603515625000e+02
cx: 4.7975000000000000e+02
cy: 2.6975000000000000e+02
