%YAML:1.0
TVector: !!opencv-matrix
   rows: 3
   cols: 1
   dt: f
   data: [ -6.01564832e-02, -9.47913900e-02, -2.10914820e-01 ]
RMatrix: !!opencv-matrix
   rows: 3
   cols: 3
   dt: f
   data: [ 8.84806514e-01, -4.36600506e-01, 1.62779540e-01,
       -1.93951502e-01, -2.74473988e-02, 9.80627000e-01, 4.23674434e-01,
       8.99236560e-01, 1.08964965e-01 ]
fx: 5.4068603515625000e+02
fy: 5.4068603515625000e+02
cx: 4.7975000000000000e+02
cy: 2.6975000000000000e+02
