%YAML:1.0
TVector: !!opencv-matrix
   rows: 3
   cols: 1
   dt: f
   data: [ -6.96467385e-02, -9.91370454e-02, -2.01205716e-01 ]
RMatrix: !!opencv-matrix
   rows: 3
   cols: 3
   dt: f
   data: [ 8.83301914e-01, -4.39167738e-01, 1.64041772e-01,
       -2.00342000e-01, -3.72584611e-02, 9.79017496e-01, 4.23840791e-01,
       8.97632360e-01, 1.20894194e-01 ]
fx: 5.4068603515625000e+02
fy: 5.4068603515625000e+02
cx: 4.7975000000000000e+02
cy: 2.6975000000000000e+02
