%YAML:1.0
TVector: !!opencv-matrix
   rows: 3
   cols: 1
   dt: f
   data: [ -6.33711889e-02, -9.59107950e-02, -2.06878796e-01 ]
RMatrix: !!opencv-matrix
   rows: 3
   cols: 3
   dt: f
   data: [ 8.81204247e-01, -4.43150163e-01, 1.64611995e-01,
       -2.02804059e-01, -3.98374237e-02, 9.78408575e-01, 4.27024305e-01,
       8.95561695e-01, 1.24977559e-01 ]
fx: 5.4068603515625000e+02
fy: 5.4068603515625000e+02
cx: 4.7975000000000000e+02
cy: 2.6975000000000000e+02
