%YAML:1.0
TVector: !!opencv-matrix
   rows: 3
   cols: 1
   dt: f
   data: [ -6.52839020e-02, -9.85074416e-02, -2.07280904e-01 ]
RMatrix: !!opencv-matrix
   rows: 3
   cols: 3
   dt: f
   data: [ 8.80352378e-01, -4.44744885e-01, 1.64868206e-01,
       -2.05439627e-01, -4.42335419e-02, 9.77669597e-01, 4.27520901e-01,
       8.94564390e-01, 1.30309343e-01 ]
fx: 5.4068603515625000e+02
fy: 5.4068603515625000e+02
cx: 4.7975000000000000e+02
cy: 2.6975000000000000e+02
