%YAML:1.0
TVector: !!opencv-matrix
   rows: 3
   cols: 1
   dt: f
   data: [ -6.10377789e-02, -9.67316553e-02, -2.02885106e-01 ]
RMatrix: !!opencv-matrix
   rows: 3
   cols: 3
   dt: f
   data: [ 8.73609543e-01, -4.56696033e-01, 1.68033242e-01,
       -2.20156103e-01, -6.29783049e-02, 9.73429441e-01, 4.33979034e-01,
       8.87390733e-01, 1.55562878e-01 ]
fx: 5.4068603515625000e+02
fy: 5.4068603515625000e+02
cx: 4.7975000000000000e+02
cy: 2.6975000000000000e+02
