%YAML:1.0
TVector: !!opencv-matrix
   rows: 3
   cols: 1
   dt: f
   data: [ -7.57645965e-02, 4.26413752e-02, -3.38250726e-01 ]
RMatrix: !!opencv-matrix
   rows: 3
   cols: 3
   dt: f
   data: [ 1.94943354e-01, -9.79261279e-01, -5.51735312e-02,
       7.82742426e-02, -4.05404530e-02, 9.96107280e-01, -9.77686107e-01,
       -1.98503122e-01, 6.87478557e-02 ]
fx: 5.4068603515625000e+02
fy: 5.4068603515625000e+02
cx: 4.7975000000000000e+02
cy: 2.6975000000000000e+02
