%YAML:1.0
TVector: !!opencv-matrix
   rows: 3
   cols: 1
   dt: f
   data: [ -5.36888167e-02, -9.37081501e-02, -2.01816514e-01 ]
RMatrix: !!opencv-matrix
   rows: 3
   cols: 3
   dt: f
   data: [ 8.70649755e-01, -4.61289316e-01, 1.70824677e-01,
       -2.23714530e-01, -6.20427355e-02, 9.72677886e-01, 4.38087463e-01,
       8.85077775e-01, 1.57214612e-01 ]
fx: 5.4068603515625000e+02
fy: 5.4068603515625000e+02
cx: 4.7975000000000000e+02
cy: 2.6975000000000000e+02
