%YAML:1.0
TVector: !!opencv-matrix
   rows: 3
   cols: 1
   dt: f
   data: [ -5.90769500e-02, -1.01355880e-01, -2.04238266e-01 ]
RMatrix: !!opencv-matrix
   rows: 3
   cols: 3
   dt: f
   data: [ 8.65581930e-01, -4.70751733e-01, 1.70764029e-01,
       -2.26827472e-01, -6.45574331e-02, 9.71792936e-01, 4.46449190e-01,
       8.79900575e-01, 1.62659198e-01 ]
fx: 5.4068603515625000e+02
fy: 5.4068603515625000e+02
cx: 4.7975000000000000e+02
cy: 2.6975000000000000e+02
