%YAML:1.0
TVector: !!opencv-matrix
   rows: 3
   cols: 1
   dt: f
   data: [ -6.47674575e-02, -1.06255129e-01, -2.10353136e-01 ]
RMatrix: !!opencv-matrix
   rows: 3
   cols: 3
   dt: f
   data: [ 8.64532530e-01, -4.72207099e-01, 1.72057733e-01,
       -2.29991347e-01, -6.73239380e-02, 9.70861197e-01, 4.46863949e-01,
       8.78912926e-01, 1.66807279e-01 ]
fx: 5.4068603515625000e+02
fy: 5.4068603515625000e+02
cx: 4.7975000000000000e+02
cy: 2.6975000000000000e+02
