%YAML:1.0
TVector: !!opencv-matrix
   rows: 3
   cols: 1
   dt: f
   data: [ -5.65994978e-02, -9.38174874e-02, -2.05637023e-01 ]
RMatrix: !!opencv-matrix
   rows: 3
   cols: 3
   dt: f
   data: [ 8.62069368e-01, -4.75776881e-01, 1.74564332e-01,
       -2.36431599e-01, -7.28984550e-02, 9.68909621e-01, 4.48259324e-01,
       8.76539826e-01, 1.75332204e-01 ]
fx: 5.4068603515625000e+02
fy: 5.4068603515625000e+02
cx: 4.7975000000000000e+02
cy: 2.6975000000000000e+02
