%YAML:1.0
TVector: !!opencv-matrix
   rows: 3
   cols: 1
   dt: f
   data: [ -5.77758737e-02, -9.39164758e-02, -2.03365296e-01 ]
RMatrix: !!opencv-matrix
   rows: 3
   cols: 3
   dt: f
   data: [ 8.61070514e-01, -4.77630228e-01, 1.74433976e-01,
       -2.38750458e-01, -7.68863037e-02, 9.68032360e-01, 4.48949963e-01,
       8.75190258e-01, 1.80238977e-01 ]
fx: 5.4068603515625000e+02
fy: 5.4068603515625000e+02
cx: 4.7975000000000000e+02
cy: 2.6975000000000000e+02
