%YAML:1.0
TVector: !!opencv-matrix
   rows: 3
   cols: 1
   dt: f
   data: [ -7.55990744e-02, 4.38077264e-02, -3.42155725e-01 ]
RMatrix: !!opencv-matrix
   rows: 3
   cols: 3
   dt: f
   data: [ 1.96265146e-01, -9.78965580e-01, -5.57362288e-02,
       8.03006217e-02, -4.06040028e-02, 9.95943427e-01, -9.77257371e-01,
       -1.99944630e-01, 7.06423819e-02 ]
fx: 5.4068603515625000e+02
fy: 5.4068603515625000e+02
cx: 4.7975000000000000e+02
cy: 2.6975000000000000e+02
