%YAML:1.0
TVector: !!opencv-matrix
   rows: 3
   cols: 1
   dt: f
   data: [ -5.48338369e-02, -9.31805000e-02, -2.10516557e-01 ]
RMatrix: !!opencv-matrix
   rows: 3
   cols: 3
   dt: f
   data: [ 8.48538160e-01, -4.97476876e-01, 1.80276483e-01,
       -2.66922891e-01, -1.08263001e-01, 9.57617581e-01, 4.56875324e-01,
       8.60695064e-01, 2.24653244e-01 ]
fx: 5.4068603515625000e+02
fy: 5.4068603515625000e+02
cx: 4.7975000000000000e+02
cy: 2.6975000000000000e+02
