%YAML:1.0
TVector: !!opencv-matrix
   rows: 3
   cols: 1
   dt: f
   data: [ -5.57575561e-02, -8.72792825e-02, -2.09334642e-01 ]
RMatrix: !!opencv-matrix
   rows: 3
   cols: 3
   dt: f
   data: [ 8.44624996e-01, -5.03809035e-01, 1.81067109e-01,
       -2.73986906e-01, -1.16222888e-01, 9.54685092e-01, 4.59934711e-01,
       8.55960786e-01, 2.36201793e-01 ]
fx: 5.4068603515625000e+02
fy: 5.4068603515625000e+02
cx: 4.7975000000000000e+02
cy: 2.6975000000000000e+02
