%YAML:1.0
TVector: !!opencv-matrix
   rows: 3
   cols: 1
   dt: f
   data: [ -5.77349663e-02, -9.32738781e-02, -2.09049210e-01 ]
RMatrix: !!opencv-matrix
   rows: 3
   cols: 3
   dt: f
   data: [ 8.42404723e-01, -5.06708860e-01, 1.83304191e-01,
       -2.78468400e-01, -1.18147992e-01, 9.53150690e-01, 4.61312979e-01,
       8.53983104e-01, 2.40630880e-01 ]
fx: 5.4068603515625000e+02
fy: 5.4068603515625000e+02
cx: 4.7975000000000000e+02
cy: 2.6975000000000000e+02
