%YAML:1.0
TVector: !!opencv-matrix
   rows: 3
   cols: 1
   dt: f
   data: [ -6.07710108e-02, -9.36308503e-02, -2.10413486e-01 ]
RMatrix: !!opencv-matrix
   rows: 3
   cols: 3
   dt: f
   data: [ 8.36318970e-01, -5.16227722e-01, 1.84605464e-01,
       -2.83931583e-01, -1.19784601e-01, 9.51333046e-01, 4.68991607e-01,
       8.48033309e-01, 2.46751562e-01 ]
fx: 5.4068603515625000e+02
fy: 5.4068603515625000e+02
cx: 4.7975000000000000e+02
cy: 2.6975000000000000e+02
