%YAML:1.0
TVector: !!opencv-matrix
   rows: 3
   cols: 1
   dt: f
   data: [ -7.90869594e-02, 4.81632277e-02, -3.53680789e-01 ]
RMatrix: !!opencv-matrix
   rows: 3
   cols: 3
   dt: f
   data: [ 1.99493662e-01, -9.78351653e-01, -5.50488494e-02,
       8.05318430e-02, -3.96187827e-02, 9.95964408e-01, -9.76584375e-01,
       -2.03121752e-01, 7.08847716e-02 ]
fx: 5.4068603515625000e+02
fy: 5.4068603515625000e+02
cx: 4.7975000000000000e+02
cy: 2.6975000000000000e+02
