%YAML:1.0
TVector: !!opencv-matrix
   rows: 3
   cols: 1
   dt: f
   data: [ -4.91745248e-02, -8.98681507e-02, -2.07060844e-01 ]
RMatrix: !!opencv-matrix
   rows: 3
   cols: 3
   dt: f
   data: [ 8.31091821e-01, -5.26083767e-01, 1.80338413e-01,
       -2.83785075e-01, -1.22298963e-01, 9.51056600e-01, 4.78280127e-01,
       8.41592848e-01, 2.50936419e-01 ]
fx: 5.4068603515625000e+02
fy: 5.4068603515625000e+02
cx: 4.7975000000000000e+02
cy: 2.6975000000000000e+02
