%YAML:1.0
TVector: !!opencv-matrix
   rows: 3
   cols: 1
   dt: f
   data: [ -4.52547073e-02, -9.92370769e-02, -2.11946741e-01 ]
RMatrix: !!opencv-matrix
   rows: 3
   cols: 3
   dt: f
   data: [ 8.27387512e-01, -5.32576323e-01, 1.78304255e-01,
       -2.82969892e-01, -1.21065944e-01, 9.51457262e-01, 4.85137135e-01,
       8.37678611e-01, 2.50871509e-01 ]
fx: 5.4068603515625000e+02
fy: 5.4068603515625000e+02
cx: 4.7975000000000000e+02
cy: 2.6975000000000000e+02
