%YAML:1.0
TVector: !!opencv-matrix
   rows: 3
   cols: 1
   dt: f
   data: [ -4.21569869e-02, -1.04902335e-01, -1.99549019e-01 ]
RMatrix: !!opencv-matrix
   rows: 3
   cols: 3
   dt: f
   data: [ 8.19958150e-01, -5.44175148e-01, 1.77600354e-01,
       -2.83428460e-01, -1.16398469e-01, 9.51903105e-01, 4.97329623e-01,
       8.30857813e-01, 2.49676600e-01 ]
fx: 5.4068603515625000e+02
fy: 5.4068603515625000e+02
cx: 4.7975000000000000e+02
cy: 2.6975000000000000e+02
