%YAML:1.0
TVector: !!opencv-matrix
   rows: 3
   cols: 1
   dt: f
   data: [ -6.71596825e-02, -1.00775696e-01, -2.06174210e-01 ]
RMatrix: !!opencv-matrix
   rows: 3
   cols: 3
   dt: f
   data: [ 8.06877196e-01, -5.64631462e-01, 1.73609391e-01,
       -2.79425800e-01, -1.05883077e-01, 9.54311132e-01, 5.20451963e-01,
       8.18522930e-01, 2.43207276e-01 ]
fx: 5.4068603515625000e+02
fy: 5.4068603515625000e+02
cx: 4.7975000000000000e+02
cy: 2.6975000000000000e+02
