%YAML:1.0
TVector: !!opencv-matrix
   rows: 3
   cols: 1
   dt: f
   data: [ -5.55572808e-02, -9.56649035e-02, -2.00366482e-01 ]
RMatrix: !!opencv-matrix
   rows: 3
   cols: 3
   dt: f
   data: [ 8.02378237e-01, -5.71128070e-01, 1.73210457e-01,
       -2.81065941e-01, -1.05584465e-01, 9.53862667e-01, 5.26489317e-01,
       8.14042211e-01, 2.45243356e-01 ]
fx: 5.4068603515625000e+02
fy: 5.4068603515625000e+02
cx: 4.7975000000000000e+02
cy: 2.6975000000000000e+02
