%YAML:1.0
TVector: !!opencv-matrix
   rows: 3
   cols: 1
   dt: f
   data: [ -8.42026845e-02, 5.37311956e-02, -3.57370198e-01 ]
RMatrix: !!opencv-matrix
   rows: 3
   cols: 3
   dt: f
   data: [ 2.01590553e-01, -9.77967322e-01, -5.42325974e-02,
       8.02938864e-02, -3.86825614e-02, 9.96020377e-01, -9.76173222e-01,
       -2.05142856e-01, 7.07267523e-02 ]
fx: 5.4068603515625000e+02
fy: 5.4068603515625000e+02
cx: 4.7975000000000000e+02
cy: 2.6975000000000000e+02
