%YAML:1.0
TVector: !!opencv-matrix
   rows: 3
   cols: 1
   dt: f
   data: [ -5.34302369e-02, -9.43392068e-02, -2.03019708e-01 ]
RMatrix: !!opencv-matrix
   rows: 3
   cols: 3
   dt: f
   data: [ 7.99687147e-01, -5.75594962e-01, 1.70854166e-01,
       -2.80480295e-01, -1.06521688e-01, 9.53930855e-01, 5.30878127e-01,
       8.10767293e-01, 2.46627033e-01 ]
fx: 5.4068603515625000e+02
fy: 5.4068603515625000e+02
cx: 4.7975000000000000e+02
cy: 2.6975000000000000e+02
