%YAML:1.0
TVector: !!opencv-matrix
   rows: 3
   cols: 1
   dt: f
   data: [ -5.50433882e-02, -9.82690901e-02, -1.99182585e-01 ]
RMatrix: !!opencv-matrix
   rows: 3
   cols: 3
   dt: f
   data: [ 7.97852635e-01, -5.78588963e-01, 1.69309691e-01,
       -2.78610140e-01, -1.04833968e-01, 9.54665303e-01, 5.34609437e-01,
       8.08853686e-01, 2.44842798e-01 ]
fx: 5.4068603515625000e+02
fy: 5.4068603515625000e+02
cx: 4.7975000000000000e+02
cy: 2.6975000000000000e+02
