%YAML:1.0
TVector: !!opencv-matrix
   rows: 3
   cols: 1
   dt: f
   data: [ -5.23667112e-02, -9.23639685e-02, -1.99663058e-01 ]
RMatrix: !!opencv-matrix
   rows: 3
   cols: 3
   dt: f
   data: [ 7.94947982e-01, -5.82751930e-01, 1.68695047e-01,
       -2.79216290e-01, -1.04572952e-01, 9.54517245e-01, 5.38605809e-01,
       8.05893838e-01, 2.45843887e-01 ]
fx: 5.4068603515625000e+02
fy: 5.4068603515625000e+02
cx: 4.7975000000000000e+02
cy: 2.6975000000000000e+02
