%YAML:1.0
TVector: !!opencv-matrix
   rows: 3
   cols: 1
   dt: f
   data: [ -5.32331504e-02, -1.01876393e-01, -1.99892834e-01 ]
RMatrix: !!opencv-matrix
   rows: 3
   cols: 3
   dt: f
   data: [ 7.92931974e-01, -5.86181939e-01, 1.66281268e-01,
       -2.76710689e-01, -1.03295699e-01, 9.55385327e-01, 5.42853475e-01,
       8.03567410e-01, 2.44109258e-01 ]
fx: 5.4068603515625000e+02
fy: 5.4068603515625000e+02
cx: 4.7975000000000000e+02
cy: 2.6975000000000000e+02
