%YAML:1.0
TVector: !!opencv-matrix
   rows: 3
   cols: 1
   dt: f
   data: [ -5.70538901e-02, -1.01556346e-01, -2.01212138e-01 ]
RMatrix: !!opencv-matrix
   rows: 3
   cols: 3
   dt: f
   data: [ 7.91297317e-01, -5.88599861e-01, 1.65526107e-01,
       -2.76109785e-01, -1.02446109e-01, 9.55650687e-01, 5.45538306e-01,
       8.01907182e-01, 2.43583530e-01 ]
fx: 5.4068603515625000e+02
fy: 5.4068603515625000e+02
cx: 4.7975000000000000e+02
cy: 2.6975000000000000e+02
