%YAML:1.0
TVector: !!opencv-matrix
   rows: 3
   cols: 1
   dt: f
   data: [ -5.62139191e-02, -9.96998474e-02, -2.00409919e-01 ]
RMatrix: !!opencv-matrix
   rows: 3
   cols: 3
   dt: f
   data: [ 7.86439359e-01, -5.94744802e-01, 1.66708246e-01,
       -2.77181834e-01, -9.86247584e-02, 9.55742180e-01, 5.51981211e-01,
       7.97841847e-01, 2.42414832e-01 ]
fx: 5.4068603515625000e+02
fy: 5.4068603515625000e+02
cx: 4.7975000000000000e+02
cy: 2.6975000000000000e+02
