%YAML:1.0
TVector: !!opencv-matrix
   rows: 3
   cols: 1
   dt: f
   data: [ -5.90058714e-02, -9.96077210e-02, -1.98194653e-01 ]
RMatrix: !!opencv-matrix
   rows: 3
   cols: 3
   dt: f
   data: [ 7.83146083e-01, -5.99088788e-01, 1.66658267e-01,
       -2.76822567e-01, -9.58896428e-02, 9.56124783e-01, 5.56822777e-01,
       7.94920087e-01, 2.40936846e-01 ]
fx: 5.4068603515625000e+02
fy: 5.4068603515625000e+02
cx: 4.7975000000000000e+02
cy: 2.6975000000000000e+02
