%YAML:1.0
TVector: !!opencv-matrix
   rows: 3
   cols: 1
   dt: f
   data: [ -5.36328703e-02, -1.00211337e-01, -1.98060289e-01 ]
RMatrix: !!opencv-matrix
   rows: 3
   cols: 3
   dt: f
   data: [ 7.80809999e-01, -6.02323830e-01, 1.65957868e-01,
       -2.75804669e-01, -9.39594731e-02, 9.56610441e-01, 5.60595989e-01,
       7.92702734e-01, 2.39488184e-01 ]
fx: 5.4068603515625000e+02
fy: 5.4068603515625000e+02
cx: 4.7975000000000000e+02
cy: 2.6975000000000000e+02
