%YAML:1.0
TVector: !!opencv-matrix
   rows: 3
   cols: 1
   dt: f
   data: [ 2.67225727e-02, 3.70339565e-02, -9.36437100e-02 ]
RMatrix: !!opencv-matrix
   rows: 3
   cols: 3
   dt: f
   data: [ 9.62967947e-02, -9.95265901e-01, 1.31362099e-02,
       3.27671260e-01, 4.41601723e-02, 9.43759084e-01, 9.39871430e-01,
       8.65766332e-02, -3.30372542e-01 ]
fx: 5.4068603515625000e+02
fy: 5.4068603515625000e+02
cx: 4.7975000000000000e+02
cy: 2.6975000000000000e+02
