%YAML:1.0
TVector: !!opencv-matrix
   rows: 3
   cols: 1
   dt: f
   data: [ -8.50393027e-02, 5.21881394e-02, -3.62042129e-01 ]
RMatrix: !!opencv-matrix
   rows: 3
   cols: 3
   dt: f
   data: [ 2.01734468e-01, -9.77935076e-01, -5.42783029e-02,
       8.07192102e-02, -3.86290364e-02, 9.95988071e-01, -9.76108432e-01,
       -2.05306426e-01, 7.11453483e-02 ]
fx: 5.4068603515625000e+02
fy: 5.4068603515625000e+02
cx: 4.7975000000000000e+02
cy: 2.6975000000000000e+02
