%YAML:1.0
TVector: !!opencv-matrix
   rows: 3
   cols: 1
   dt: f
   data: [ -5.45105413e-02, -1.00200459e-01, -2.01065674e-01 ]
RMatrix: !!opencv-matrix
   rows: 3
   cols: 3
   dt: f
   data: [ 7.78887510e-01, -6.04907036e-01, 1.65595666e-01,
       -2.75618196e-01, -9.29731503e-02, 9.56760526e-01, 5.63355148e-01,
       7.90849984e-01, 2.39138976e-01 ]
fx: 5.4068603515625000e+02
fy: 5.4068603515625000e+02
cx: 4.7975000000000000e+02
cy: 2.6975000000000000e+02
