%YAML:1.0
TVector: !!opencv-matrix
   rows: 3
   cols: 1
   dt: f
   data: [ -5.58555052e-02, -9.67836156e-02, -1.94203466e-01 ]
RMatrix: !!opencv-matrix
   rows: 3
   cols: 3
   dt: f
   data: [ 7.75841475e-01, -6.08779132e-01, 1.65704623e-01,
       -2.74728835e-01, -8.95393863e-02, 9.57343698e-01, 5.67973852e-01,
       7.88270712e-01, 2.36717582e-01 ]
fx: 5.4068603515625000e+02
fy: 5.4068603515625000e+02
cx: 4.7975000000000000e+02
cy: 2.6975000000000000e+02
