%YAML:1.0
TVector: !!opencv-matrix
   rows: 3
   cols: 1
   dt: f
   data: [ -5.07351421e-02, -9.88797471e-02, -1.95562273e-01 ]
RMatrix: !!opencv-matrix
   rows: 3
   cols: 3
   dt: f
   data: [ 7.72806227e-01, -6.12790465e-01, 1.65101811e-01,
       -2.73918539e-01, -8.73965099e-02, 9.57773685e-01, 5.72485209e-01,
       7.85398006e-01, 2.35395223e-01 ]
fx: 5.4068603515625000e+02
fy: 5.4068603515625000e+02
cx: 4.7975000000000000e+02
cy: 2.6975000000000000e+02
