%YAML:1.0
TVector: !!opencv-matrix
   rows: 3
   cols: 1
   dt: f
   data: [ -5.28982803e-02, -1.05340824e-01, -1.97094917e-01 ]
RMatrix: !!opencv-matrix
   rows: 3
   cols: 3
   dt: f
   data: [ 7.69111633e-01, -6.18154228e-01, 1.62334606e-01,
       -2.68636048e-01, -8.22029263e-02, 9.59727645e-01, 5.79915404e-01,
       7.81746805e-01, 2.29281753e-01 ]
fx: 5.4068603515625000e+02
fy: 5.4068603515625000e+02
cx: 4.7975000000000000e+02
cy: 2.6975000000000000e+02
