%YAML:1.0
TVector: !!opencv-matrix
   rows: 3
   cols: 1
   dt: f
   data: [ -5.46756871e-02, -1.01176716e-01, -2.00175345e-01 ]
RMatrix: !!opencv-matrix
   rows: 3
   cols: 3
   dt: f
   data: [ 7.65730679e-01, -6.23165667e-01, 1.59127444e-01,
       -2.67094940e-01, -8.30384940e-02, 9.60085988e-01, 5.85078835e-01,
       7.77669311e-01, 2.30029494e-01 ]
fx: 5.4068603515625000e+02
fy: 5.4068603515625000e+02
cx: 4.7975000000000000e+02
cy: 2.6975000000000000e+02
