%YAML:1.0
TVector: !!opencv-matrix
   rows: 3
   cols: 1
   dt: f
   data: [ -5.49239703e-02, -9.74883735e-02, -1.98074102e-01 ]
RMatrix: !!opencv-matrix
   rows: 3
   cols: 3
   dt: f
   data: [ 7.64246225e-01, -6.25381887e-01, 1.57559827e-01,
       -2.67007023e-01, -8.44339356e-02, 9.59988594e-01, 5.87055981e-01,
       7.75737286e-01, 2.31509671e-01 ]
fx: 5.4068603515625000e+02
fy: 5.4068603515625000e+02
cx: 4.7975000000000000e+02
cy: 2.6975000000000000e+02
