%YAML:1.0
TVector: !!opencv-matrix
   rows: 3
   cols: 1
   dt: f
   data: [ -5.85721508e-02, -9.72122028e-02, -2.00395852e-01 ]
RMatrix: !!opencv-matrix
   rows: 3
   cols: 3
   dt: f
   data: [ 7.63004899e-01, -6.27280593e-01, 1.56022429e-01,
       -2.65955210e-01, -8.46555904e-02, 9.60261226e-01, 5.89144886e-01,
       7.74178743e-01, 2.31421098e-01 ]
fx: 5.4068603515625000e+02
fy: 5.4068603515625000e+02
cx: 4.7975000000000000e+02
cy: 2.6975000000000000e+02
