%YAML:1.0
TVector: !!opencv-matrix
   rows: 3
   cols: 1
   dt: f
   data: [ 2.66074575e-02, 3.57175916e-02, -9.78891999e-02 ]
RMatrix: !!opencv-matrix
   rows: 3
   cols: 3
   dt: f
   data: [ 9.77545604e-02, -9.95116472e-01, 1.36861783e-02,
       3.33069414e-01, 4.56716716e-02, 9.41795528e-01, 9.37821448e-01,
       8.75063762e-02, -3.35907459e-01 ]
fx: 5.4068603515625000e+02
fy: 5.4068603515625000e+02
cx: 4.7975000000000000e+02
cy: 2.6975000000000000e+02
