%YAML:1.0
TVector: !!opencv-matrix
   rows: 3
   cols: 1
   dt: f
   data: [ -8.55554715e-02, 5.66248521e-02, -3.72552067e-01 ]
RMatrix: !!opencv-matrix
   rows: 3
   cols: 3
   dt: f
   data: [ 2.00461403e-01, -9.78193700e-01, -5.43343499e-02,
       8.18101838e-02, -3.85525972e-02, 9.95902002e-01, -9.76279855e-01,
       -2.04085022e-01, 7.22979009e-02 ]
fx: 5.4068603515625000e+02
fy: 5.4068603515625000e+02
cx: 4.7975000000000000e+02
cy: 2.6975000000000000e+02
