%YAML:1.0
TVector: !!opencv-matrix
   rows: 3
   cols: 1
   dt: f
   data: [ -5.79406098e-02, -1.03401043e-01, -2.01212406e-01 ]
RMatrix: !!opencv-matrix
   rows: 3
   cols: 3
   dt: f
   data: [ 7.61077523e-01, -6.29695594e-01, 1.55705720e-01,
       -2.66141921e-01, -8.42291266e-02, 9.60246623e-01, 5.91548264e-01,
       7.72262037e-01, 2.31693327e-01 ]
fx: 5.4068603515625000e+02
fy: 5.4068603515625000e+02
cx: 4.7975000000000000e+02
cy: 2.6975000000000000e+02
