%YAML:1.0
TVector: !!opencv-matrix
   rows: 3
   cols: 1
   dt: f
   data: [ -6.06636554e-02, -9.56384912e-02, -1.98105857e-01 ]
RMatrix: !!opencv-matrix
   rows: 3
   cols: 3
   dt: f
   data: [ 7.58969188e-01, -6.32163167e-01, 1.55998275e-01,
       -2.68741071e-01, -8.59042108e-02, 9.59374130e-01, 5.93080163e-01,
       7.70058513e-01, 2.35086828e-01 ]
fx: 5.4068603515625000e+02
fy: 5.4068603515625000e+02
cx: 4.7975000000000000e+02
cy: 2.6975000000000000e+02
