%YAML:1.0
TVector: !!opencv-matrix
   rows: 3
   cols: 1
   dt: f
   data: [ -5.56448847e-02, -9.67455879e-02, -1.92849860e-01 ]
RMatrix: !!opencv-matrix
   rows: 3
   cols: 3
   dt: f
   data: [ 7.44890094e-01, -6.49412036e-01, 1.52978823e-01,
       -2.68114179e-01, -8.14041495e-02, 9.59941626e-01, 6.10944629e-01,
       7.56066680e-01, 2.34753743e-01 ]
fx: 5.4068603515625000e+02
fy: 5.4068603515625000e+02
cx: 4.7975000000000000e+02
cy: 2.6975000000000000e+02
