%YAML:1.0
TVector: !!opencv-matrix
   rows: 3
   cols: 1
   dt: f
   data: [ -6.08154498e-02, -9.89093482e-02, -1.98833808e-01 ]
RMatrix: !!opencv-matrix
   rows: 3
   cols: 3
   dt: f
   data: [ 7.36763656e-01, -6.59796059e-01, 1.47811532e-01,
       -2.63095945e-01, -7.83677250e-02, 9.61581409e-01, 6.22864008e-01,
       7.47346878e-01, 2.31328204e-01 ]
fx: 5.4068603515625000e+02
fy: 5.4068603515625000e+02
cx: 4.7975000000000000e+02
cy: 2.6975000000000000e+02
