%YAML:1.0
TVector: !!opencv-matrix
   rows: 3
   cols: 1
   dt: f
   data: [ -8.78571495e-02, 6.04771897e-02, -3.77774268e-01 ]
RMatrix: !!opencv-matrix
   rows: 3
   cols: 3
   dt: f
   data: [ 2.00576708e-01, -9.77994084e-01, -5.74147478e-02,
       8.20191056e-02, -4.16364707e-02, 9.95760679e-01, -9.76238608e-01,
       -2.04435542e-01, 7.18629062e-02 ]
fx: 5.4068603515625000e+02
fy: 5.4068603515625000e+02
cx: 4.7975000000000000e+02
cy: 2.6975000000000000e+02
