%YAML:1.0
TVector: !!opencv-matrix
   rows: 3
   cols: 1
   dt: f
   data: [ -6.36628419e-02, -9.79085341e-02, -1.95252120e-01 ]
RMatrix: !!opencv-matrix
   rows: 3
   cols: 3
   dt: f
   data: [ 7.29257345e-01, -6.68486893e-01, 1.45977035e-01,
       -2.61853963e-01, -7.55553916e-02, 9.62145805e-01, 6.32152319e-01,
       7.39876449e-01, 2.30145201e-01 ]
fx: 5.4068603515625000e+02
fy: 5.4068603515625000e+02
cx: 4.7975000000000000e+02
cy: 2.6975000000000000e+02
