%YAML:1.0
TVector: !!opencv-matrix
   rows: 3
   cols: 1
   dt: f
   data: [ -5.14238887e-02, -9.95245576e-02, -1.83193684e-01 ]
RMatrix: !!opencv-matrix
   rows: 3
   cols: 3
   dt: f
   data: [ 7.25031376e-01, -6.73098266e-01, 1.45834893e-01,
       -2.62133211e-01, -7.38860741e-02, 9.62198853e-01, 6.36879444e-01,
       7.35852659e-01, 2.30011180e-01 ]
fx: 5.4068603515625000e+02
fy: 5.4068603515625000e+02
cx: 4.7975000000000000e+02
cy: 2.6975000000000000e+02
