%YAML:1.0
TVector: !!opencv-matrix
   rows: 3
   cols: 1
   dt: f
   data: [ -5.79741746e-02, -1.01610735e-01, -1.86412022e-01 ]
RMatrix: !!opencv-matrix
   rows: 3
   cols: 3
   dt: f
   data: [ 7.24103689e-01, -6.74328387e-01, 1.44759253e-01,
       -2.60445535e-01, -7.30004311e-02, 9.62724924e-01, 6.38625085e-01,
       7.34814465e-01, 2.28485689e-01 ]
fx: 5.4068603515625000e+02
fy: 5.4068603515625000e+02
cx: 4.7975000000000000e+02
cy: 2.6975000000000000e+02
