%YAML:1.0
TVector: !!opencv-matrix
   rows: 3
   cols: 1
   dt: f
   data: [ -6.08545206e-02, -9.93661582e-02, -1.84660941e-01 ]
RMatrix: !!opencv-matrix
   rows: 3
   cols: 3
   dt: f
   data: [ 7.22995341e-01, -6.75564945e-01, 1.44532859e-01,
       -2.61435717e-01, -7.38938078e-02, 9.62388277e-01, 6.39475703e-01,
       7.33588219e-01, 2.30041698e-01 ]
fx: 5.4068603515625000e+02
fy: 5.4068603515625000e+02
cx: 4.7975000000000000e+02
cy: 2.6975000000000000e+02
