%YAML:1.0
TVector: !!opencv-matrix
   rows: 3
   cols: 1
   dt: f
   data: [ 2.76751556e-02, 3.55745926e-02, -1.01628430e-01 ]
RMatrix: !!opencv-matrix
   rows: 3
   cols: 3
   dt: f
   data: [ 1.01831101e-01, -9.94717002e-01, 1.29842069e-02,
       3.40649247e-01, 4.71299514e-02, 9.39008534e-01, 9.34659600e-01,
       9.11972076e-02, -3.43648821e-01 ]
fx: 5.4068603515625000e+02
fy: 5.4068603515625000e+02
cx: 4.7975000000000000e+02
cy: 2.6975000000000000e+02
