%YAML:1.0
TVector: !!opencv-matrix
   rows: 3
   cols: 1
   dt: f
   data: [ -8.86138380e-02, 5.97591996e-02, -3.83642137e-01 ]
RMatrix: !!opencv-matrix
   rows: 3
   cols: 3
   dt: f
   data: [ 2.01283351e-01, -9.77724195e-01, -5.95001504e-02,
       8.40307400e-02, -4.32839356e-02, 9.95522678e-01, -9.75921988e-01,
       -2.05381975e-01, 7.34465644e-02 ]
fx: 5.4068603515625000e+02
fy: 5.4068603515625000e+02
cx: 4.7975000000000000e+02
cy: 2.6975000000000000e+02
