%YAML:1.0
TVector: !!opencv-matrix
   rows: 3
   cols: 1
   dt: f
   data: [ -5.81442118e-02, -1.05253085e-01, -1.77640319e-01 ]
RMatrix: !!opencv-matrix
   rows: 3
   cols: 3
   dt: f
   data: [ 7.08943009e-01, -6.90760434e-01, 1.42300695e-01,
       -2.58364528e-01, -6.66278899e-02, 9.63746905e-01, 6.56237006e-01,
       7.20007360e-01, 2.25703374e-01 ]
fx: 5.4068603515625000e+02
fy: 5.4068603515625000e+02
cx: 4.7975000000000000e+02
cy: 2.6975000000000000e+02
