%YAML:1.0
TVector: !!opencv-matrix
   rows: 3
   cols: 1
   dt: f
   data: [ -4.92436439e-02, -1.07439041e-01, -1.72120810e-01 ]
RMatrix: !!opencv-matrix
   rows: 3
   cols: 3
   dt: f
   data: [ 7.03504860e-01, -6.96625888e-01, 1.40688583e-01,
       -2.57983267e-01, -6.58638999e-02, 9.63901758e-01, 6.62212551e-01,
       7.14404821e-01, 2.26053402e-01 ]
fx: 5.4068603515625000e+02
fy: 5.4068603515625000e+02
cx: 4.7975000000000000e+02
cy: 2.6975000000000000e+02
