%YAML:1.0
TVector: !!opencv-matrix
   rows: 3
   cols: 1
   dt: f
   data: [ -5.45478277e-02, -1.04317524e-01, -1.68801412e-01 ]
RMatrix: !!opencv-matrix
   rows: 3
   cols: 3
   dt: f
   data: [ 6.92267120e-01, -7.08302319e-01, 1.38109267e-01,
       -2.56330669e-01, -6.24497160e-02, 9.64569688e-01, 6.74582005e-01,
       7.03141510e-01, 2.24791422e-01 ]
fx: 5.4068603515625000e+02
fy: 5.4068603515625000e+02
cx: 4.7975000000000000e+02
cy: 2.6975000000000000e+02
