%YAML:1.0
TVector: !!opencv-matrix
   rows: 3
   cols: 1
   dt: f
   data: [ -6.02530353e-02, -1.03638947e-01, -1.72584519e-01 ]
RMatrix: !!opencv-matrix
   rows: 3
   cols: 3
   dt: f
   data: [ 6.90082192e-01, -7.10382044e-01, 1.38362035e-01,
       -2.55770177e-01, -6.05380535e-02, 9.64840293e-01, 6.77028954e-01,
       7.01207995e-01, 2.23470762e-01 ]
fx: 5.4068603515625000e+02
fy: 5.4068603515625000e+02
cx: 4.7975000000000000e+02
cy: 2.6975000000000000e+02
