%YAML:1.0
TVector: !!opencv-matrix
   rows: 3
   cols: 1
   dt: f
   data: [ -5.03256768e-02, -1.08771697e-01, -1.61370024e-01 ]
RMatrix: !!opencv-matrix
   rows: 3
   cols: 3
   dt: f
   data: [ 6.81973159e-01, -7.18379140e-01, 1.37272924e-01,
       -2.53040642e-01, -5.56549951e-02, 9.65853333e-01, 6.86209083e-01,
       6.93421781e-01, 2.19734371e-01 ]
fx: 5.4068603515625000e+02
fy: 5.4068603515625000e+02
cx: 4.7975000000000000e+02
cy: 2.6975000000000000e+02
