%YAML:1.0
TVector: !!opencv-matrix
   rows: 3
   cols: 1
   dt: f
   data: [ 2.72956062e-02, 3.61043289e-02, -1.04448579e-01 ]
RMatrix: !!opencv-matrix
   rows: 3
   cols: 3
   dt: f
   data: [ 1.05328381e-01, -9.94353950e-01, 1.28889875e-02,
       3.42892259e-01, 4.84814756e-02, 9.38122749e-01, 9.33450937e-01,
       9.43914205e-02, -3.46062720e-01 ]
fx: 5.4068603515625000e+02
fy: 5.4068603515625000e+02
cx: 4.7975000000000000e+02
cy: 2.6975000000000000e+02
