%YAML:1.0
TVector: !!opencv-matrix
   rows: 3
   cols: 1
   dt: f
   data: [ -8.90608132e-02, 6.35028854e-02, -3.87779891e-01 ]
RMatrix: !!opencv-matrix
   rows: 3
   cols: 3
   dt: f
   data: [ 2.01003864e-01, -9.77788627e-01, -5.93900830e-02,
       8.56557712e-02, -4.28517163e-02, 9.95402813e-01, -9.75838363e-01,
       -2.05166981e-01, 7.51398578e-02 ]
fx: 5.4068603515625000e+02
fy: 5.4068603515625000e+02
cx: 4.7975000000000000e+02
cy: 2.6975000000000000e+02
