%YAML:1.0
TVector: !!opencv-matrix
   rows: 3
   cols: 1
   dt: f
   data: [ -6.02828637e-02, -1.04494236e-01, -1.64054647e-01 ]
RMatrix: !!opencv-matrix
   rows: 3
   cols: 3
   dt: f
   data: [ 6.63950026e-01, -7.34892666e-01, 1.38215184e-01,
       -2.55572319e-01, -4.93079461e-02, 9.65531945e-01, 7.02747166e-01,
       6.76388681e-01, 2.20556200e-01 ]
fx: 5.4068603515625000e+02
fy: 5.4068603515625000e+02
cx: 4.7975000000000000e+02
cy: 2.6975000000000000e+02
