%YAML:1.0
TVector: !!opencv-matrix
   rows: 3
   cols: 1
   dt: f
   data: [ -5.93029149e-02, -1.07445233e-01, -1.60887942e-01 ]
RMatrix: !!opencv-matrix
   rows: 3
   cols: 3
   dt: f
   data: [ 6.59631610e-01, -7.38849461e-01, 1.37793839e-01,
       -2.55415261e-01, -4.79400456e-02, 9.65641975e-01, 7.06858397e-01,
       6.72162831e-01, 2.20336258e-01 ]
fx: 5.4068603515625000e+02
fy: 5.4068603515625000e+02
cx: 4.7975000000000000e+02
cy: 2.6975000000000000e+02
