%YAML:1.0
TVector: !!opencv-matrix
   rows: 3
   cols: 1
   dt: f
   data: [ -4.81374785e-02, -1.08534135e-01, -1.54926941e-01 ]
RMatrix: !!opencv-matrix
   rows: 3
   cols: 3
   dt: f
   data: [ 6.49296641e-01, -7.47714341e-01, 1.39057040e-01,
       -2.52859294e-01, -3.97965573e-02, 9.66684163e-01, 7.17269778e-01,
       6.62826717e-01, 2.14906305e-01 ]
fx: 5.4068603515625000e+02
fy: 5.4068603515625000e+02
cx: 4.7975000000000000e+02
cy: 2.6975000000000000e+02
