%YAML:1.0
TVector: !!opencv-matrix
   rows: 3
   cols: 1
   dt: f
   data: [ -4.18826230e-02, -1.12566099e-01, -1.37194768e-01 ]
RMatrix: !!opencv-matrix
   rows: 3
   cols: 3
   dt: f
   data: [ 6.41950727e-01, -7.54467189e-01, 1.36669859e-01,
       -2.51417488e-01, -3.87343019e-02, 9.67103362e-01, 7.24353909e-01,
       6.55193806e-01, 2.14551792e-01 ]
fx: 5.4068603515625000e+02
fy: 5.4068603515625000e+02
cx: 4.7975000000000000e+02
cy: 2.6975000000000000e+02
