%YAML:1.0
TVector: !!opencv-matrix
   rows: 3
   cols: 1
   dt: f
   data: [ 1.72975771e-02, -4.11980413e-03, -4.44973912e-03 ]
RMatrix: !!opencv-matrix
   rows: 3
   cols: 3
   dt: f
   data: [ -7.98704196e-03, -9.99838352e-01, -1.61097962e-02,
       -8.28137528e-03, -1.60436202e-02, 9.99837041e-01, -9.99933779e-01,
       8.11915193e-03, -8.15189630e-03 ]
fx: 5.4068603515625000e+02
fy: 5.4068603515625000e+02
cx: 4.7975000000000000e+02
cy: 2.6975000000000000e+02
