%YAML:1.0
TVector: !!opencv-matrix
   rows: 3
   cols: 1
   dt: f
   data: [ -8.75041645e-04, 1.67113740e-03, -1.24036369e-03 ]
RMatrix: !!opencv-matrix
   rows: 3
   cols: 3
   dt: f
   data: [ -1.65746186e-03, -9.99996722e-01, 1.90388772e-03,
       7.80457724e-03, 1.89089659e-03, 9.99967694e-01, 9.99968171e-01,
       -1.67226768e-03, -7.80141866e-03 ]
fx: 5.4068603515625000e+02
fy: 5.4068603515625000e+02
cx: 4.7975000000000000e+02
cy: 2.6975000000000000e+02
