%YAML:1.0
TVector: !!opencv-matrix
   rows: 3
   cols: 1
   dt: f
   data: [ -8.90338123e-02, 6.34787381e-02, -3.92507583e-01 ]
RMatrix: !!opencv-matrix
   rows: 3
   cols: 3
   dt: f
   data: [ 2.01259434e-01, -9.77727473e-01, -5.95270395e-02,
       8.90166461e-02, -4.22631875e-02, 9.95132983e-01, -9.75484669e-01,
       -2.05578819e-01, 7.85281435e-02 ]
fx: 5.4068603515625000e+02
fy: 5.4068603515625000e+02
cx: 4.7975000000000000e+02
cy: 2.6975000000000000e+02
