%YAML:1.0
TVector: !!opencv-matrix
   rows: 3
   cols: 1
   dt: f
   data: [ 2.80410275e-02, 3.61555479e-02, -1.05219170e-01 ]
RMatrix: !!opencv-matrix
   rows: 3
   cols: 3
   dt: f
   data: [ 1.08551800e-01, -9.93995726e-01, 1.37429219e-02,
       3.44960153e-01, 5.06306104e-02, 9.37250733e-01, 9.32319164e-01,
       9.69994962e-02, -3.48384976e-01 ]
fx: 5.4068603515625000e+02
fy: 5.4068603515625000e+02
cx: 4.7975000000000000e+02
cy: 2.6975000000000000e+02
