%YAML:1.0
TVector: !!opencv-matrix
   rows: 3
   cols: 1
   dt: f
   data: [ -4.78903279e-02, -1.10663705e-01, -1.55715629e-01 ]
RMatrix: !!opencv-matrix
   rows: 3
   cols: 3
   dt: f
   data: [ 6.37465000e-01, -7.58578002e-01, 1.34899274e-01,
       -2.51830131e-01, -3.96675840e-02, 9.66958165e-01, 7.28162050e-01,
       6.50373697e-01, 2.16319501e-01 ]
fx: 5.4068603515625000e+02
fy: 5.4068603515625000e+02
cx: 4.7975000000000000e+02
cy: 2.6975000000000000e+02
