%YAML:1.0
TVector: !!opencv-matrix
   rows: 3
   cols: 1
   dt: f
   data: [ -4.97435220e-02, -1.13282390e-01, -1.36904970e-01 ]
RMatrix: !!opencv-matrix
   rows: 3
   cols: 3
   dt: f
   data: [ 6.35652900e-01, -7.60088623e-01, 1.34947032e-01,
       -2.50759572e-01, -3.79708149e-02, 9.67304409e-01, 7.30113029e-01,
       6.48709118e-01, 2.14735761e-01 ]
fx: 5.4068603515625000e+02
fy: 5.4068603515625000e+02
cx: 4.7975000000000000e+02
cy: 2.6975000000000000e+02
