%YAML:1.0
TVector: !!opencv-matrix
   rows: 3
   cols: 1
   dt: f
   data: [ -3.97151224e-02, -1.20871469e-01, -1.40306905e-01 ]
RMatrix: !!opencv-matrix
   rows: 3
   cols: 3
   dt: f
   data: [ 6.28228903e-01, -7.66593218e-01, 1.32902756e-01,
       -2.46251643e-01, -3.38784978e-02, 9.68613505e-01, 7.38030076e-01,
       6.41238570e-01, 2.10058346e-01 ]
fx: 5.4068603515625000e+02
fy: 5.4068603515625000e+02
cx: 4.7975000000000000e+02
cy: 2.6975000000000000e+02
