%YAML:1.0
TVector: !!opencv-matrix
   rows: 3
   cols: 1
   dt: f
   data: [ -5.14374226e-02, -1.16164356e-01, -1.39939055e-01 ]
RMatrix: !!opencv-matrix
   rows: 3
   cols: 3
   dt: f
   data: [ 6.24082565e-01, -7.70104706e-01, 1.32133886e-01,
       -2.40694702e-01, -2.85932124e-02, 9.70179498e-01, 7.43361890e-01,
       6.37276113e-01, 2.03204721e-01 ]
fx: 5.4068603515625000e+02
fy: 5.4068603515625000e+02
cx: 4.7975000000000000e+02
cy: 2.6975000000000000e+02
