%YAML:1.0
TVector: !!opencv-matrix
   rows: 3
   cols: 1
   dt: f
   data: [ -5.29990494e-02, -1.14571445e-01, -1.34635448e-01 ]
RMatrix: !!opencv-matrix
   rows: 3
   cols: 3
   dt: f
   data: [ 6.21477425e-01, -7.71918058e-01, 1.33822054e-01,
       -2.40359664e-01, -2.52919290e-02, 9.70354259e-01, 7.45649338e-01,
       6.35218561e-01, 2.01256320e-01 ]
fx: 5.4068603515625000e+02
fy: 5.4068603515625000e+02
cx: 4.7975000000000000e+02
cy: 2.6975000000000000e+02
