%YAML:1.0
TVector: !!opencv-matrix
   rows: 3
   cols: 1
   dt: f
   data: [ -5.20819277e-02, -1.04078114e-01, -1.30068645e-01 ]
RMatrix: !!opencv-matrix
   rows: 3
   cols: 3
   dt: f
   data: [ 6.17379725e-01, -7.74873614e-01, 1.35693923e-01,
       -2.41430759e-01, -2.24680733e-02, 9.70157921e-01, 7.48701155e-01,
       6.31716669e-01, 2.00949699e-01 ]
fx: 5.4068603515625000e+02
fy: 5.4068603515625000e+02
cx: 4.7975000000000000e+02
cy: 2.6975000000000000e+02
