%YAML:1.0
TVector: !!opencv-matrix
   rows: 3
   cols: 1
   dt: f
   data: [ -4.35449295e-02, -1.14191033e-01, -1.34569794e-01 ]
RMatrix: !!opencv-matrix
   rows: 3
   cols: 3
   dt: f
   data: [ 6.11581445e-01, -7.79824436e-01, 1.33573294e-01,
       -2.36047894e-01, -1.87065955e-02, 9.71561313e-01, 7.55148590e-01,
       6.25718653e-01, 1.95516512e-01 ]
fx: 5.4068603515625000e+02
fy: 5.4068603515625000e+02
cx: 4.7975000000000000e+02
cy: 2.6975000000000000e+02
