%YAML:1.0
TVector: !!opencv-matrix
   rows: 3
   cols: 1
   dt: f
   data: [ -9.24429446e-02, 6.78653196e-02, -4.00930703e-01 ]
RMatrix: !!opencv-matrix
   rows: 3
   cols: 3
   dt: f
   data: [ 2.05031663e-01, -9.77163553e-01, -5.58000505e-02,
       9.31433141e-02, -3.72723751e-02, 9.94954944e-01, -9.74313438e-01,
       -2.09194630e-01, 8.33742321e-02 ]
fx: 5.4068603515625000e+02
fy: 5.4068603515625000e+02
cx: 4.7975000000000000e+02
cy: 2.6975000000000000e+02
