%YAML:1.0
TVector: !!opencv-matrix
   rows: 3
   cols: 1
   dt: f
   data: [ 2.86394022e-02, 3.65175121e-02, -1.06370188e-01 ]
RMatrix: !!opencv-matrix
   rows: 3
   cols: 3
   dt: f
   data: [ 1.10475183e-01, -9.93785977e-01, 1.35995802e-02,
       3.47716630e-01, 5.14656007e-02, 9.36186194e-01, 9.31068480e-01,
       9.86965373e-02, -3.51241529e-01 ]
fx: 5.4068603515625000e+02
fy: 5.4068603515625000e+02
cx: 4.7975000000000000e+02
cy: 2.6975000000000000e+02
