%YAML:1.0
TVector: !!opencv-matrix
   rows: 3
   cols: 1
   dt: f
   data: [ -3.71352583e-02, -1.18664838e-01, -1.29032820e-01 ]
RMatrix: !!opencv-matrix
   rows: 3
   cols: 3
   dt: f
   data: [ 6.09096885e-01, -7.81963110e-01, 1.32418260e-01,
       -2.34687954e-01, -1.82238948e-02, 9.71899867e-01, 7.57576704e-01,
       6.23058140e-01, 1.94617435e-01 ]
fx: 5.4068603515625000e+02
fy: 5.4068603515625000e+02
cx: 4.7975000000000000e+02
cy: 2.6975000000000000e+02
