%YAML:1.0
TVector: !!opencv-matrix
   rows: 3
   cols: 1
   dt: f
   data: [ -4.55284081e-02, -1.10061221e-01, -1.32348984e-01 ]
RMatrix: !!opencv-matrix
   rows: 3
   cols: 3
   dt: f
   data: [ 6.07833505e-01, -7.82964230e-01, 1.32308409e-01,
       -2.36166432e-01, -1.91696677e-02, 9.71523523e-01, 7.58131921e-01,
       6.21771455e-01, 1.96561843e-01 ]
fx: 5.4068603515625000e+02
fy: 5.4068603515625000e+02
cx: 4.7975000000000000e+02
cy: 2.6975000000000000e+02
