%YAML:1.0
TVector: !!opencv-matrix
   rows: 3
   cols: 1
   dt: f
   data: [ -4.15684208e-02, -1.14523083e-01, -1.27624229e-01 ]
RMatrix: !!opencv-matrix
   rows: 3
   cols: 3
   dt: f
   data: [ 6.04055822e-01, -7.85967708e-01, 1.31800205e-01,
       -2.35313237e-01, -1.78949162e-02, 9.71754909e-01, 7.61409342e-01,
       6.18008494e-01, 1.95758149e-01 ]
fx: 5.4068603515625000e+02
fy: 5.4068603515625000e+02
cx: 4.7975000000000000e+02
cy: 2.6975000000000000e+02
