%YAML:1.0
TVector: !!opencv-matrix
   rows: 3
   cols: 1
   dt: f
   data: [ -4.21462059e-02, -1.16792344e-01, -1.26973480e-01 ]
RMatrix: !!opencv-matrix
   rows: 3
   cols: 3
   dt: f
   data: [ 6.02010906e-01, -7.87608981e-01, 1.31356359e-01,
       -2.33877584e-01, -1.66354701e-02, 9.72123623e-01, 7.63468325e-01,
       6.15950525e-01, 1.94218889e-01 ]
fx: 5.4068603515625000e+02
fy: 5.4068603515625000e+02
cx: 4.7975000000000000e+02
cy: 2.6975000000000000e+02
