%YAML:1.0
TVector: !!opencv-matrix
   rows: 3
   cols: 1
   dt: f
   data: [ -5.36021926e-02, -1.26011103e-01, -1.33369803e-01 ]
RMatrix: !!opencv-matrix
   rows: 3
   cols: 3
   dt: f
   data: [ 6.03269696e-01, -7.86941350e-01, 1.29572541e-01,
       -2.31841609e-01, -1.75889581e-02, 9.72594440e-01, 7.63095796e-01,
       6.16777062e-01, 1.93056643e-01 ]
fx: 5.4068603515625000e+02
fy: 5.4068603515625000e+02
cx: 4.7975000000000000e+02
cy: 2.6975000000000000e+02
