%YAML:1.0
TVector: !!opencv-matrix
   rows: 3
   cols: 1
   dt: f
   data: [ -5.60439527e-02, -1.13137342e-01, -1.28186539e-01 ]
RMatrix: !!opencv-matrix
   rows: 3
   cols: 3
   dt: f
   data: [ 5.99959910e-01, -7.88883269e-01, 1.33083552e-01,
       -2.37289384e-01, -1.66063383e-02, 9.71296906e-01, 7.64029801e-01,
       6.14318490e-01, 1.97156757e-01 ]
fx: 5.4068603515625000e+02
fy: 5.4068603515625000e+02
cx: 4.7975000000000000e+02
cy: 2.6975000000000000e+02
