%YAML:1.0
TVector: !!opencv-matrix
   rows: 3
   cols: 1
   dt: f
   data: [ -4.37102765e-02, -1.19915575e-01, -1.12692736e-01 ]
RMatrix: !!opencv-matrix
   rows: 3
   cols: 3
   dt: f
   data: [ 5.93251765e-01, -7.93652177e-01, 1.34791896e-01,
       -2.40369171e-01, -1.48360748e-02, 9.70568180e-01, 7.68293738e-01,
       6.08190954e-01, 1.99571043e-01 ]
fx: 5.4068603515625000e+02
fy: 5.4068603515625000e+02
cx: 4.7975000000000000e+02
cy: 2.6975000000000000e+02
