%YAML:1.0
TVector: !!opencv-matrix
   rows: 3
   cols: 1
   dt: f
   data: [ -4.21815887e-02, -1.22538276e-01, -1.11513749e-01 ]
RMatrix: !!opencv-matrix
   rows: 3
   cols: 3
   dt: f
   data: [ 5.90268612e-01, -7.96049476e-01, 1.33746132e-01,
       -2.38611072e-01, -1.37866046e-02, 9.71017301e-01, 7.71134079e-01,
       6.05074227e-01, 1.98083982e-01 ]
fx: 5.4068603515625000e+02
fy: 5.4068603515625000e+02
cx: 4.7975000000000000e+02
cy: 2.6975000000000000e+02
