%YAML:1.0
TVector: !!opencv-matrix
   rows: 3
   cols: 1
   dt: f
   data: [ -9.20744538e-02, 6.87384754e-02, -4.05621767e-01 ]
RMatrix: !!opencv-matrix
   rows: 3
   cols: 3
   dt: f
   data: [ 2.06962913e-01, -9.76814628e-01, -5.47672436e-02,
       9.45880264e-02, -3.57389413e-02, 9.94874716e-01, -9.73765433e-01,
       -2.11082563e-01, 8.49983543e-02 ]
fx: 5.4068603515625000e+02
fy: 5.4068603515625000e+02
cx: 4.7975000000000000e+02
cy: 2.6975000000000000e+02
