%YAML:1.0
TVector: !!opencv-matrix
   rows: 3
   cols: 1
   dt: f
   data: [ -5.05461581e-02, -1.20048791e-01, -1.07751019e-01 ]
RMatrix: !!opencv-matrix
   rows: 3
   cols: 3
   dt: f
   data: [ 5.89827895e-01, -7.96287954e-01, 1.34269878e-01,
       -2.37601906e-01, -1.22189522e-02, 9.71285820e-01, 7.71782577e-01,
       6.04794264e-01, 1.96406618e-01 ]
fx: 5.4068603515625000e+02
fy: 5.4068603515625000e+02
cx: 4.7975000000000000e+02
cy: 2.6975000000000000e+02
