%YAML:1.0
TVector: !!opencv-matrix
   rows: 3
   cols: 1
   dt: f
   data: [ -4.20680344e-02, -1.22245625e-01, -1.02994286e-01 ]
RMatrix: !!opencv-matrix
   rows: 3
   cols: 3
   dt: f
   data: [ 5.82561851e-01, -8.01552117e-01, 1.34669349e-01,
       -2.36912191e-01, -8.96526873e-03, 9.71489787e-01, 7.77492285e-01,
       5.97857654e-01, 1.95120305e-01 ]
fx: 5.4068603515625000e+02
fy: 5.4068603515625000e+02
cx: 4.7975000000000000e+02
cy: 2.6975000000000000e+02
