%YAML:1.0
TVector: !!opencv-matrix
   rows: 3
   cols: 1
   dt: f
   data: [ -5.38428165e-02, -1.20133132e-01, -1.08149983e-01 ]
RMatrix: !!opencv-matrix
   rows: 3
   cols: 3
   dt: f
   data: [ 5.82267880e-01, -8.01601589e-01, 1.35642335e-01,
       -2.36150533e-01, -7.11140595e-03, 9.71690416e-01, 7.77943969e-01,
       5.97816110e-01, 1.93439409e-01 ]
fx: 5.4068603515625000e+02
fy: 5.4068603515625000e+02
cx: 4.7975000000000000e+02
cy: 2.6975000000000000e+02
