%YAML:1.0
TVector: !!opencv-matrix
   rows: 3
   cols: 1
   dt: f
   data: [ -5.70220351e-02, -1.20892793e-01, -9.39360186e-02 ]
RMatrix: !!opencv-matrix
   rows: 3
   cols: 3
   dt: f
   data: [ 5.78528225e-01, -8.04259300e-01, 1.35912165e-01,
       -2.32875824e-01, -3.17119132e-03, 9.72501457e-01, 7.81712353e-01,
       5.94270110e-01, 1.89127192e-01 ]
fx: 5.4068603515625000e+02
fy: 5.4068603515625000e+02
cx: 4.7975000000000000e+02
cy: 2.6975000000000000e+02
