%YAML:1.0
TVector: !!opencv-matrix
   rows: 3
   cols: 1
   dt: f
   data: [ -3.68457213e-02, -1.24319457e-01, -8.53152946e-02 ]
RMatrix: !!opencv-matrix
   rows: 3
   cols: 3
   dt: f
   data: [ 5.73339939e-01, -8.08002174e-01, 1.35696769e-01,
       -2.29515821e-01, 5.98668994e-04, 9.73304629e-01, 7.86513627e-01,
       5.89179039e-01, 1.85106099e-01 ]
fx: 5.4068603515625000e+02
fy: 5.4068603515625000e+02
cx: 4.7975000000000000e+02
cy: 2.6975000000000000e+02
