%YAML:1.0
TVector: !!opencv-matrix
   rows: 3
   cols: 1
   dt: f
   data: [ -3.11941821e-02, -1.22713715e-01, -9.31470990e-02 ]
RMatrix: !!opencv-matrix
   rows: 3
   cols: 3
   dt: f
   data: [ 5.69675446e-01, -8.10535550e-01, 1.36023358e-01,
       -2.28836089e-01, 2.53073196e-03, 9.73461747e-01, 7.89369524e-01,
       5.85684240e-01, 1.84038058e-01 ]
fx: 5.4068603515625000e+02
fy: 5.4068603515625000e+02
cx: 4.7975000000000000e+02
cy: 2.6975000000000000e+02
