%YAML:1.0
TVector: !!opencv-matrix
   rows: 3
   cols: 1
   dt: f
   data: [ -3.58956531e-02, -1.19775943e-01, -8.73692855e-02 ]
RMatrix: !!opencv-matrix
   rows: 3
   cols: 3
   dt: f
   data: [ 5.66648841e-01, -8.12458694e-01, 1.37184352e-01,
       -2.29386285e-01, 4.36147163e-03, 9.73325610e-01, 7.91385293e-01,
       5.83002269e-01, 1.83895499e-01 ]
fx: 5.4068603515625000e+02
fy: 5.4068603515625000e+02
cx: 4.7975000000000000e+02
cy: 2.6975000000000000e+02
