%YAML:1.0
TVector: !!opencv-matrix
   rows: 3
   cols: 1
   dt: f
   data: [ -9.13756266e-02, 6.94104359e-02, -4.08850878e-01 ]
RMatrix: !!opencv-matrix
   rows: 3
   cols: 3
   dt: f
   data: [ 2.09822491e-01, -9.76296663e-01, -5.30971736e-02,
       9.70812365e-02, -3.32348384e-02, 9.94721353e-01, -9.72907782e-01,
       -2.13869661e-01, 8.78066719e-02 ]
fx: 5.4068603515625000e+02
fy: 5.4068603515625000e+02
cx: 4.7975000000000000e+02
cy: 2.6975000000000000e+02
