%YAML:1.0
TVector: !!opencv-matrix
   rows: 3
   cols: 1
   dt: f
   data: [ -2.18311511e-02, -1.23435646e-01, -7.88796619e-02 ]
RMatrix: !!opencv-matrix
   rows: 3
   cols: 3
   dt: f
   data: [ 5.56391954e-01, -8.20164740e-01, 1.33258864e-01,
       -2.24415109e-01, 6.08973950e-03, 9.74474669e-01, 8.00041080e-01,
       5.72095275e-01, 1.80669039e-01 ]
fx: 5.4068603515625000e+02
fy: 5.4068603515625000e+02
cx: 4.7975000000000000e+02
cy: 2.6975000000000000e+02
