%YAML:1.0
TVector: !!opencv-matrix
   rows: 3
   cols: 1
   dt: f
   data: [ -4.22686972e-02, -1.12675071e-01, -7.77486339e-02 ]
RMatrix: !!opencv-matrix
   rows: 3
   cols: 3
   dt: f
   data: [ 5.55980027e-01, -8.20862770e-01, 1.30653173e-01,
       -2.23445639e-01, 3.79783474e-03, 9.74708855e-01, 8.00598621e-01,
       5.71112514e-01, 1.81306720e-01 ]
fx: 5.4068603515625000e+02
fy: 5.4068603515625000e+02
cx: 4.7975000000000000e+02
cy: 2.6975000000000000e+02
