%YAML:1.0
TVector: !!opencv-matrix
   rows: 3
   cols: 1
   dt: f
   data: [ -6.98892176e-02, -9.86722484e-02, -8.26234370e-02 ]
RMatrix: !!opencv-matrix
   rows: 3
   cols: 3
   dt: f
   data: [ 5.49970269e-01, -8.25298548e-01, 1.28121138e-01,
       -2.19674826e-01, 5.05907973e-03, 9.75560069e-01, 8.05776596e-01,
       5.64674020e-01, 1.78514972e-01 ]
fx: 5.4068603515625000e+02
fy: 5.4068603515625000e+02
cx: 4.7975000000000000e+02
cy: 2.6975000000000000e+02
