%YAML:1.0
TVector: !!opencv-matrix
   rows: 3
   cols: 1
   dt: f
   data: [ -7.65236989e-02, -1.02326669e-01, -8.04331154e-02 ]
RMatrix: !!opencv-matrix
   rows: 3
   cols: 3
   dt: f
   data: [ 5.46326697e-01, -8.27781558e-01, 1.27691239e-01,
       -2.15124831e-01, 8.65953509e-03, 9.76548254e-01, 8.09474230e-01,
       5.60984015e-01, 1.73345387e-01 ]
fx: 5.4068603515625000e+02
fy: 5.4068603515625000e+02
cx: 4.7975000000000000e+02
cy: 2.6975000000000000e+02
