%YAML:1.0
TVector: !!opencv-matrix
   rows: 3
   cols: 1
   dt: f
   data: [ -4.03546654e-02, -1.13173403e-01, -6.83988705e-02 ]
RMatrix: !!opencv-matrix
   rows: 3
   cols: 3
   dt: f
   data: [ 5.32813847e-01, -8.36096764e-01, 1.30580902e-01,
       -2.08478257e-01, 1.98603664e-02, 9.77825284e-01, 8.20149958e-01,
       5.48222065e-01, 1.63726136e-01 ]
fx: 5.4068603515625000e+02
fy: 5.4068603515625000e+02
cx: 4.7975000000000000e+02
cy: 2.6975000000000000e+02
