%YAML:1.0
TVector: !!opencv-matrix
   rows: 3
   cols: 1
   dt: f
   data: [ -3.05050779e-02, -1.36580303e-01, -4.53770384e-02 ]
RMatrix: !!opencv-matrix
   rows: 3
   cols: 3
   dt: f
   data: [ 5.29147685e-01, -8.39014292e-01, 1.26717895e-01,
       -1.97288409e-01, 2.35950742e-02, 9.80061412e-01, 8.25275481e-01,
       5.43597400e-01, 1.53042555e-01 ]
fx: 5.4068603515625000e+02
fy: 5.4068603515625000e+02
cx: 4.7975000000000000e+02
cy: 2.6975000000000000e+02
