%YAML:1.0
TVector: !!opencv-matrix
   rows: 3
   cols: 1
   dt: f
   data: [ 2.94640753e-02, 3.54215838e-02, -1.12258121e-01 ]
RMatrix: !!opencv-matrix
   rows: 3
   cols: 3
   dt: f
   data: [ 1.17538325e-01, -9.92975116e-01, 1.36021599e-02,
       3.56285840e-01, 5.49508072e-02, 9.32759821e-01, 9.26954865e-01,
       1.04788780e-01, -3.60241890e-01 ]
fx: 5.4068603515625000e+02
fy: 5.4068603515625000e+02
cx: 4.7975000000000000e+02
cy: 2.6975000000000000e+02
