%YAML:1.0
TVector: !!opencv-matrix
   rows: 3
   cols: 1
   dt: f
   data: [ -9.11810249e-02, 7.04678744e-02, -4.20520306e-01 ]
RMatrix: !!opencv-matrix
   rows: 3
   cols: 3
   dt: f
   data: [ 2.16632456e-01, -9.74960804e-01, -5.02168126e-02,
       1.01348691e-01, -2.87006758e-02, 9.94437039e-01, -9.70978320e-01,
       -2.20516697e-01, 9.25935134e-02 ]
fx: 5.4068603515625000e+02
fy: 5.4068603515625000e+02
cx: 4.7975000000000000e+02
cy: 2.6975000000000000e+02
