%YAML:1.0
TVector: !!opencv-matrix
   rows: 3
   cols: 1
   dt: f
   data: [ -6.50944114e-02, -1.14614189e-01, -6.93066344e-02 ]
RMatrix: !!opencv-matrix
   rows: 3
   cols: 3
   dt: f
   data: [ 5.34606874e-01, -8.35728765e-01, 1.25511527e-01,
       -1.96524471e-01, 2.15034056e-02, 9.80263114e-01, 8.21932971e-01,
       5.48721433e-01, 1.52745292e-01 ]
fx: 5.4068603515625000e+02
fy: 5.4068603515625000e+02
cx: 4.7975000000000000e+02
cy: 2.6975000000000000e+02
