%YAML:1.0
TVector: !!opencv-matrix
   rows: 3
   cols: 1
   dt: f
   data: [ -5.15013859e-02, -1.21796131e-01, -5.76515757e-02 ]
RMatrix: !!opencv-matrix
   rows: 3
   cols: 3
   dt: f
   data: [ 5.31564057e-01, -8.37759554e-01, 1.24893755e-01,
       -1.94623277e-01, 2.27010120e-02, 9.80615258e-01, 8.24355185e-01,
       5.45567095e-01, 1.50980443e-01 ]
fx: 5.4068603515625000e+02
fy: 5.4068603515625000e+02
cx: 4.7975000000000000e+02
cy: 2.6975000000000000e+02
