%YAML:1.0
TVector: !!opencv-matrix
   rows: 3
   cols: 1
   dt: f
   data: [ -2.78849676e-02, -1.37938663e-01, -4.40862924e-02 ]
RMatrix: !!opencv-matrix
   rows: 3
   cols: 3
   dt: f
   data: [ 5.27795434e-01, -8.40719223e-01, 1.20924771e-01,
       -1.88679546e-01, 2.27622632e-02, 9.81774807e-01, 8.28149498e-01,
       5.40992320e-01, 1.46612778e-01 ]
fx: 5.4068603515625000e+02
fy: 5.4068603515625000e+02
cx: 4.7975000000000000e+02
cy: 2.6975000000000000e+02
