%YAML:1.0
TVector: !!opencv-matrix
   rows: 3
   cols: 1
   dt: f
   data: [ -5.58548011e-02, -1.28669128e-01, -6.34649396e-02 ]
RMatrix: !!opencv-matrix
   rows: 3
   cols: 3
   dt: f
   data: [ 5.34473300e-01, -8.36981177e-01, 1.17478028e-01,
       -1.86083466e-01, 1.90539621e-02, 9.82349277e-01, 8.24446142e-01,
       5.46900094e-01, 1.45564497e-01 ]
fx: 5.4068603515625000e+02
fy: 5.4068603515625000e+02
cx: 4.7975000000000000e+02
cy: 2.6975000000000000e+02
