%YAML:1.0
TVector: !!opencv-matrix
   rows: 3
   cols: 1
   dt: f
   data: [ -4.10380065e-02, -1.25789002e-01, -6.09437078e-02 ]
RMatrix: !!opencv-matrix
   rows: 3
   cols: 3
   dt: f
   data: [ 5.31263828e-01, -8.39092910e-01, 1.16970114e-01,
       -1.86900988e-01, 1.85851492e-02, 9.82203007e-01, 8.26333523e-01,
       5.43670774e-01, 1.46953702e-01 ]
fx: 5.4068603515625000e+02
fy: 5.4068603515625000e+02
cx: 4.7975000000000000e+02
cy: 2.6975000000000000e+02
