%YAML:1.0
TVector: !!opencv-matrix
   rows: 3
   cols: 1
   dt: f
   data: [ -5.94127551e-02, -1.12399936e-01, -4.95660231e-02 ]
RMatrix: !!opencv-matrix
   rows: 3
   cols: 3
   dt: f
   data: [ 5.31224132e-01, -8.41140389e-01, 1.01408452e-01,
       -1.68636397e-01, 1.23220654e-02, 9.85601246e-01, 8.30278635e-01,
       5.40676415e-01, 1.35301098e-01 ]
fx: 5.4068603515625000e+02
fy: 5.4068603515625000e+02
cx: 4.7975000000000000e+02
cy: 2.6975000000000000e+02
