%YAML:1.0
TVector: !!opencv-matrix
   rows: 3
   cols: 1
   dt: f
   data: [ -9.21460465e-02, 7.33999312e-02, -4.24083650e-01 ]
RMatrix: !!opencv-matrix
   rows: 3
   cols: 3
   dt: f
   data: [ 2.19954208e-01, -9.74317014e-01, -4.82328199e-02,
       1.03055477e-01, -2.59588808e-02, 9.94336784e-01, -9.70051289e-01,
       -2.23679215e-01, 9.46989357e-02 ]
fx: 5.4068603515625000e+02
fy: 5.4068603515625000e+02
cx: 4.7975000000000000e+02
cy: 2.6975000000000000e+02
