%YAML:1.0
TVector: !!opencv-matrix
   rows: 3
   cols: 1
   dt: f
   data: [ -8.19937065e-02, -1.15389973e-01, -6.71588555e-02 ]
RMatrix: !!opencv-matrix
   rows: 3
   cols: 3
   dt: f
   data: [ 5.37173212e-01, -8.38351846e-01, 9.27954540e-02,
       -1.60737857e-01, 6.25384366e-03, 9.86977279e-01, 8.28014493e-01,
       5.45093536e-01, 1.31395474e-01 ]
fx: 5.4068603515625000e+02
fy: 5.4068603515625000e+02
cx: 4.7975000000000000e+02
cy: 2.6975000000000000e+02
