%YAML:1.0
TVector: !!opencv-matrix
   rows: 3
   cols: 1
   dt: f
   data: [ -8.76515657e-02, -9.97661129e-02, -5.71623370e-02 ]
RMatrix: !!opencv-matrix
   rows: 3
   cols: 3
   dt: f
   data: [ 5.48420787e-01, -8.33278120e-01, 6.98713809e-02,
       -1.69540763e-01, -2.89814100e-02, 9.85096931e-01, 8.18834841e-01,
       5.52093744e-01, 1.57168627e-01 ]
fx: 5.4068603515625000e+02
fy: 5.4068603515625000e+02
cx: 4.7975000000000000e+02
cy: 2.6975000000000000e+02
