%YAML:1.0
TVector: !!opencv-matrix
   rows: 3
   cols: 1
   dt: f
   data: [ -9.98196453e-02, -8.82743075e-02, -6.08365051e-02 ]
RMatrix: !!opencv-matrix
   rows: 3
   cols: 3
   dt: f
   data: [ 5.45167446e-01, -8.35535824e-01, 6.83563277e-02,
       -1.67192653e-01, -2.84630731e-02, 9.85513389e-01, 8.21486056e-01,
       5.48698366e-01, 1.55212596e-01 ]
fx: 5.4068603515625000e+02
fy: 5.4068603515625000e+02
cx: 4.7975000000000000e+02
cy: 2.6975000000000000e+02
