%YAML:1.0
TVector: !!opencv-matrix
   rows: 3
   cols: 1
   dt: f
   data: [ -1.01291656e-01, -8.10199082e-02, -5.60693853e-02 ]
RMatrix: !!opencv-matrix
   rows: 3
   cols: 3
   dt: f
   data: [ 5.39050341e-01, -8.40003312e-01, 6.17993176e-02,
       -1.70861378e-01, -3.72091010e-02, 9.84592199e-01, 8.24761093e-01,
       5.41303992e-01, 1.63581699e-01 ]
fx: 5.4068603515625000e+02
fy: 5.4068603515625000e+02
cx: 4.7975000000000000e+02
cy: 2.6975000000000000e+02
