%YAML:1.0
TVector: !!opencv-matrix
   rows: 3
   cols: 1
   dt: f
   data: [ -9.34650898e-02, 7.41184056e-02, -4.30774838e-01 ]
RMatrix: !!opencv-matrix
   rows: 3
   cols: 3
   dt: f
   data: [ 2.21943036e-01, -9.73848581e-01, -4.85869646e-02,
       1.06360979e-01, -2.53525749e-02, 9.94004488e-01, -9.69241440e-01,
       -2.25780115e-01, 9.79526415e-02 ]
fx: 5.4068603515625000e+02
fy: 5.4068603515625000e+02
cx: 4.7975000000000000e+02
cy: 2.6975000000000000e+02
