%YAML:1.0
TVector: !!opencv-matrix
   rows: 3
   cols: 1
   dt: f
   data: [ 2.91028190e-02, 3.50406878e-02, -1.14963792e-01 ]
RMatrix: !!opencv-matrix
   rows: 3
   cols: 3
   dt: f
   data: [ 1.23308882e-01, -9.92289782e-01, 1.24833528e-02,
       3.64045709e-01, 5.69340587e-02, 9.29639220e-01, 9.23182309e-01,
       1.10088252e-01, -3.68259341e-01 ]
fx: 5.4068603515625000e+02
fy: 5.4068603515625000e+02
cx: 4.7975000000000000e+02
cy: 2.6975000000000000e+02
