%YAML:1.0
TVector: !!opencv-matrix
   rows: 3
   cols: 1
   dt: f
   data: [ -1.16088420e-01, -8.90229717e-02, -5.35977893e-02 ]
RMatrix: !!opencv-matrix
   rows: 3
   cols: 3
   dt: f
   data: [ 5.32139301e-01, -8.45254838e-01, 4.87063974e-02,
       -1.68683097e-01, -4.94702123e-02, 9.84428048e-01, 8.29683006e-01,
       5.32068789e-01, 1.68905199e-01 ]
fx: 5.4068603515625000e+02
fy: 5.4068603515625000e+02
cx: 4.7975000000000000e+02
cy: 2.6975000000000000e+02
