%YAML:1.0
TVector: !!opencv-matrix
   rows: 3
   cols: 1
   dt: f
   data: [ -1.16736278e-01, -7.50985071e-02, -4.26117890e-02 ]
RMatrix: !!opencv-matrix
   rows: 3
   cols: 3
   dt: f
   data: [ 5.05852401e-01, -8.61086190e-01, 5.14191352e-02,
       -1.70329317e-01, -4.12713587e-02, 9.84522581e-01, 8.45636666e-01,
       5.06781340e-01, 1.67545423e-01 ]
fx: 5.4068603515625000e+02
fy: 5.4068603515625000e+02
cx: 4.7975000000000000e+02
cy: 2.6975000000000000e+02
