%YAML:1.0
TVector: !!opencv-matrix
   rows: 3
   cols: 1
   dt: f
   data: [ -1.20282724e-01, -8.11000317e-02, -4.85786833e-02 ]
RMatrix: !!opencv-matrix
   rows: 3
   cols: 3
   dt: f
   data: [ 5.02090096e-01, -8.63478601e-01, 4.80641685e-02,
       -1.70185536e-01, -4.41621132e-02, 9.84421849e-01, 8.47904623e-01,
       5.02448201e-01, 1.69124946e-01 ]
fx: 5.4068603515625000e+02
fy: 5.4068603515625000e+02
cx: 4.7975000000000000e+02
cy: 2.6975000000000000e+02
