%YAML:1.0
TVector: !!opencv-matrix
   rows: 3
   cols: 1
   dt: f
   data: [ -1.13191374e-01, -8.25740695e-02, -4.06705141e-02 ]
RMatrix: !!opencv-matrix
   rows: 3
   cols: 3
   dt: f
   data: [ 4.97547209e-01, -8.66136789e-01, 4.74750176e-02,
       -1.74547017e-01, -4.63564135e-02, 9.83557045e-01, 8.49694073e-01,
       4.97652680e-01, 1.74246058e-01 ]
fx: 5.4068603515625000e+02
fy: 5.4068603515625000e+02
cx: 4.7975000000000000e+02
cy: 2.6975000000000000e+02
