%YAML:1.0
TVector: !!opencv-matrix
   rows: 3
   cols: 1
   dt: f
   data: [ -1.10880665e-01, -8.10102820e-02, -2.50075813e-02 ]
RMatrix: !!opencv-matrix
   rows: 3
   cols: 3
   dt: f
   data: [ 4.93887842e-01, -8.68193090e-01, 4.81198803e-02,
       -1.74804822e-01, -4.49258722e-02, 9.83577609e-01, 8.51773381e-01,
       4.94188547e-01, 1.73952639e-01 ]
fx: 5.4068603515625000e+02
fy: 5.4068603515625000e+02
cx: 4.7975000000000000e+02
cy: 2.6975000000000000e+02
