%YAML:1.0
TVector: !!opencv-matrix
   rows: 3
   cols: 1
   dt: f
   data: [ -9.44347978e-02, 7.53869787e-02, -4.39187825e-01 ]
RMatrix: !!opencv-matrix
   rows: 3
   cols: 3
   dt: f
   data: [ 2.23118007e-01, -9.73719716e-01, -4.56972197e-02,
       1.11048102e-01, -2.11841743e-02, 9.93589222e-01, -9.68445480e-01,
       -2.26762220e-01, 1.03403151e-01 ]
fx: 5.4068603515625000e+02
fy: 5.4068603515625000e+02
cx: 4.7975000000000000e+02
cy: 2.6975000000000000e+02
