%YAML:1.0
TVector: !!opencv-matrix
   rows: 3
   cols: 1
   dt: f
   data: [ -1.15429409e-01, -7.64561519e-02, -2.77320594e-02 ]
RMatrix: !!opencv-matrix
   rows: 3
   cols: 3
   dt: f
   data: [ 4.83973891e-01, -8.73679996e-01, 4.95227128e-02,
       -1.67801753e-01, -3.71139906e-02, 9.85121965e-01, 8.58843207e-01,
       4.85083252e-01, 1.64567202e-01 ]
fx: 5.4068603515625000e+02
fy: 5.4068603515625000e+02
cx: 4.7975000000000000e+02
cy: 2.6975000000000000e+02
