%YAML:1.0
TVector: !!opencv-matrix
   rows: 3
   cols: 1
   dt: f
   data: [ -1.29015341e-01, -9.60155204e-02, -3.17601711e-02 ]
RMatrix: !!opencv-matrix
   rows: 3
   cols: 3
   dt: f
   data: [ 4.85946268e-01, -8.72828543e-01, 4.50160764e-02,
       -1.61983207e-01, -3.93306091e-02, 9.86009419e-01, 8.58846605e-01,
       4.86439466e-01, 1.60496116e-01 ]
fx: 5.4068603515625000e+02
fy: 5.4068603515625000e+02
cx: 4.7975000000000000e+02
cy: 2.6975000000000000e+02
