%YAML:1.0
TVector: !!opencv-matrix
   rows: 3
   cols: 1
   dt: f
   data: [ -1.42443508e-01, -8.71359184e-02, -2.36945637e-02 ]
RMatrix: !!opencv-matrix
   rows: 3
   cols: 3
   dt: f
   data: [ 4.88325566e-01, -8.71469676e-01, 4.55938168e-02,
       -1.62505254e-01, -3.94778103e-02, 9.85917687e-01, 8.57397437e-01,
       4.88858044e-01, 1.60896406e-01 ]
fx: 5.4068603515625000e+02
fy: 5.4068603515625000e+02
cx: 4.7975000000000000e+02
cy: 2.6975000000000000e+02
