%YAML:1.0
TVector: !!opencv-matrix
   rows: 3
   cols: 1
   dt: f
   data: [ -1.26677811e-01, -8.63004923e-02, -1.79996260e-03 ]
RMatrix: !!opencv-matrix
   rows: 3
   cols: 3
   dt: f
   data: [ 4.73348022e-01, -8.80210221e-01, 3.42290178e-02,
       -1.45636588e-01, -3.98770832e-02, 9.88534212e-01, 8.68753016e-01,
       4.72905695e-01, 1.47066563e-01 ]
fx: 5.4068603515625000e+02
fy: 5.4068603515625000e+02
cx: 4.7975000000000000e+02
cy: 2.6975000000000000e+02
