%YAML:1.0
TVector: !!opencv-matrix
   rows: 3
   cols: 1
   dt: f
   data: [ -9.11952257e-02, 7.62877539e-02, -4.47212994e-01 ]
RMatrix: !!opencv-matrix
   rows: 3
   cols: 3
   dt: f
   data: [ 2.23197877e-01, -9.73696291e-01, -4.58057299e-02,
       1.13133959e-01, -2.07974538e-02, 9.93362010e-01, -9.68185544e-01,
       -2.26898506e-01, 1.05516173e-01 ]
fx: 5.4068603515625000e+02
fy: 5.4068603515625000e+02
cx: 4.7975000000000000e+02
cy: 2.6975000000000000e+02
