%YAML:1.0
TVector: !!opencv-matrix
   rows: 3
   cols: 1
   dt: f
   data: [ 3.00033577e-02, 3.45969796e-02, -1.20037884e-01 ]
RMatrix: !!opencv-matrix
   rows: 3
   cols: 3
   dt: f
   data: [ 1.30507886e-01, -9.91397619e-01, 9.93023440e-03,
       3.74337465e-01, 5.85475042e-02, 9.25442457e-01, 9.18062747e-01,
       1.17060311e-01, -3.78758192e-01 ]
fx: 5.4068603515625000e+02
fy: 5.4068603515625000e+02
cx: 4.7975000000000000e+02
cy: 2.6975000000000000e+02
