%YAML:1.0
TVector: !!opencv-matrix
   rows: 3
   cols: 1
   dt: f
   data: [ -1.29887074e-01, -6.41915128e-02, 7.84242805e-03 ]
RMatrix: !!opencv-matrix
   rows: 3
   cols: 3
   dt: f
   data: [ 4.64765966e-01, -8.84374499e-01, 4.32962142e-02,
       -1.44189596e-01, -2.73492783e-02, 9.89172161e-01, 8.73614371e-01,
       4.65976417e-01, 1.40228644e-01 ]
fx: 5.4068603515625000e+02
fy: 5.4068603515625000e+02
cx: 4.7975000000000000e+02
cy: 2.6975000000000000e+02
