%YAML:1.0
TVector: !!opencv-matrix
   rows: 3
   cols: 1
   dt: f
   data: [ -1.48573175e-01, -5.84031045e-02, -1.46946032e-02 ]
RMatrix: !!opencv-matrix
   rows: 3
   cols: 3
   dt: f
   data: [ 4.63514626e-01, -8.84912074e-01, 4.56632264e-02,
       -1.37073904e-01, -2.06951890e-02, 9.90344644e-01, 8.75422955e-01,
       4.65298474e-01, 1.30890831e-01 ]
fx: 5.4068603515625000e+02
fy: 5.4068603515625000e+02
cx: 4.7975000000000000e+02
cy: 2.6975000000000000e+02
