%YAML:1.0
TVector: !!opencv-matrix
   rows: 3
   cols: 1
   dt: f
   data: [ -1.28661096e-01, -6.98959306e-02, 1.47500038e-02 ]
RMatrix: !!opencv-matrix
   rows: 3
   cols: 3
   dt: f
   data: [ 4.58493441e-01, -8.87664974e-01, 4.28343676e-02,
       -1.23598874e-01, -1.59619320e-02, 9.92203832e-01, 8.80060792e-01,
       4.60213214e-01, 1.17032826e-01 ]
fx: 5.4068603515625000e+02
fy: 5.4068603515625000e+02
cx: 4.7975000000000000e+02
cy: 2.6975000000000000e+02
