%YAML:1.0
TVector: !!opencv-matrix
   rows: 3
   cols: 1
   dt: f
   data: [ -1.42112389e-01, -6.87667727e-02, -4.43946477e-03 ]
RMatrix: !!opencv-matrix
   rows: 3
   cols: 3
   dt: f
   data: [ 4.62759346e-01, -8.85576665e-01, 4.00920920e-02,
       -1.16450518e-01, -1.58928670e-02, 9.93069291e-01, 8.78801942e-01,
       4.64220852e-01, 1.10480465e-01 ]
fx: 5.4068603515625000e+02
fy: 5.4068603515625000e+02
cx: 4.7975000000000000e+02
cy: 2.6975000000000000e+02
