%YAML:1.0
TVector: !!opencv-matrix
   rows: 3
   cols: 1
   dt: f
   data: [ -1.37886822e-01, -7.90195465e-02, 9.03851542e-05 ]
RMatrix: !!opencv-matrix
   rows: 3
   cols: 3
   dt: f
   data: [ 4.61887002e-01, -8.86209249e-01, 3.59666385e-02,
       -1.10462114e-01, -1.72418226e-02, 9.93730783e-01, 8.80033374e-01,
       4.62964386e-01, 1.05856337e-01 ]
fx: 5.4068603515625000e+02
fy: 5.4068603515625000e+02
cx: 4.7975000000000000e+02
cy: 2.6975000000000000e+02
