%YAML:1.0
TVector: !!opencv-matrix
   rows: 3
   cols: 1
   dt: f
   data: [ -9.25093219e-02, 7.73653090e-02, -4.51429039e-01 ]
RMatrix: !!opencv-matrix
   rows: 3
   cols: 3
   dt: f
   data: [ 2.25078657e-01, -9.73128796e-01, -4.85794283e-02,
       1.13961756e-01, -2.32234318e-02, 9.93213713e-01, -9.67653036e-01,
       -2.29087397e-01, 1.05672367e-01 ]
fx: 5.4068603515625000e+02
fy: 5.4068603515625000e+02
cx: 4.7975000000000000e+02
cy: 2.6975000000000000e+02
