%YAML:1.0
TVector: !!opencv-matrix
   rows: 3
   cols: 1
   dt: f
   data: [ 3.15425806e-02, 3.45725752e-02, -1.22550763e-01 ]
RMatrix: !!opencv-matrix
   rows: 3
   cols: 3
   dt: f
   data: [ 1.35645613e-01, -9.90701914e-01, 1.04714073e-02,
       3.78938019e-01, 6.16433807e-02, 9.23366606e-01, 9.15426731e-01,
       1.21282622e-01, -3.83776307e-01 ]
fx: 5.4068603515625000e+02
fy: 5.4068603515625000e+02
cx: 4.7975000000000000e+02
cy: 2.6975000000000000e+02
