%YAML:1.0
TVector: !!opencv-matrix
   rows: 3
   cols: 1
   dt: f
   data: [ -1.43814132e-01, -7.00696483e-02, 9.94159561e-03 ]
RMatrix: !!opencv-matrix
   rows: 3
   cols: 3
   dt: f
   data: [ 4.65196282e-01, -8.84515762e-01, 3.49907801e-02,
       -1.08891644e-01, -1.79521237e-02, 9.93891478e-01, 8.78484488e-01,
       4.66164798e-01, 1.04667626e-01 ]
fx: 5.4068603515625000e+02
fy: 5.4068603515625000e+02
cx: 4.7975000000000000e+02
cy: 2.6975000000000000e+02
