%YAML:1.0
TVector: !!opencv-matrix
   rows: 3
   cols: 1
   dt: f
   data: [ -1.43112287e-01, -7.11084753e-02, 8.59790761e-03 ]
RMatrix: !!opencv-matrix
   rows: 3
   cols: 3
   dt: f
   data: [ 4.67423826e-01, -8.83548260e-01, 2.92835478e-02,
       -1.01205654e-01, -2.05749515e-02, 9.94652867e-01, 8.78221214e-01,
       4.67888027e-01, 9.90372896e-02 ]
fx: 5.4068603515625000e+02
fy: 5.4068603515625000e+02
cx: 4.7975000000000000e+02
cy: 2.6975000000000000e+02
