%YAML:1.0
TVector: !!opencv-matrix
   rows: 3
   cols: 1
   dt: f
   data: [ -1.53402120e-01, -8.39574412e-02, -1.55166001e-03 ]
RMatrix: !!opencv-matrix
   rows: 3
   cols: 3
   dt: f
   data: [ 4.79519755e-01, -8.77458990e-01, 1.12570645e-02,
       -8.01323429e-02, -3.10095455e-02, 9.96301770e-01, 8.73864830e-01,
       4.78648394e-01, 8.51825252e-02 ]
fx: 5.4068603515625000e+02
fy: 5.4068603515625000e+02
cx: 4.7975000000000000e+02
cy: 2.6975000000000000e+02
