%YAML:1.0
TVector: !!opencv-matrix
   rows: 3
   cols: 1
   dt: f
   data: [ -1.62430942e-01, -7.14749843e-02, 7.15962285e-03 ]
RMatrix: !!opencv-matrix
   rows: 3
   cols: 3
   dt: f
   data: [ 4.87307042e-01, -8.73065054e-01, 1.69988275e-02,
       -8.27374831e-02, -2.67839562e-02, 9.96211290e-01, 8.69302154e-01,
       4.86867279e-01, 8.52872431e-02 ]
fx: 5.4068603515625000e+02
fy: 5.4068603515625000e+02
cx: 4.7975000000000000e+02
cy: 2.6975000000000000e+02
