%YAML:1.0
TVector: !!opencv-matrix
   rows: 3
   cols: 1
   dt: f
   data: [ -1.56359255e-01, -7.43378177e-02, 6.70684362e-03 ]
RMatrix: !!opencv-matrix
   rows: 3
   cols: 3
   dt: f
   data: [ 4.91999030e-01, -8.70372593e-01, 1.97134446e-02,
       -7.97147080e-02, -2.24890355e-02, 9.96564090e-01, 8.66938651e-01,
       4.91879940e-01, 8.04460645e-02 ]
fx: 5.4068603515625000e+02
fy: 5.4068603515625000e+02
cx: 4.7975000000000000e+02
cy: 2.6975000000000000e+02
