%YAML:1.0
TVector: !!opencv-matrix
   rows: 3
   cols: 1
   dt: f
   data: [ 4.28726955e-04, 9.26605950e-04, -5.48122101e-04 ]
RMatrix: !!opencv-matrix
   rows: 3
   cols: 3
   dt: f
   data: [ -2.46418151e-03, -9.99995768e-01, 1.55278505e-03,
       8.91099218e-03, 1.53076998e-03, 9.99959111e-01, 9.99957263e-01,
       -2.47791782e-03, -8.90718028e-03 ]
fx: 5.4068603515625000e+02
fy: 5.4068603515625000e+02
cx: 4.7975000000000000e+02
cy: 2.6975000000000000e+02
