%YAML:1.0
TVector: !!opencv-matrix
   rows: 3
   cols: 1
   dt: f
   data: [ 2.09145341e-02, -3.60854529e-03, -6.05031382e-03 ]
RMatrix: !!opencv-matrix
   rows: 3
   cols: 3
   dt: f
   data: [ -8.62475671e-03, -9.99764144e-01, -1.99381243e-02,
       -9.42563359e-03, -1.98567007e-02, 9.99758482e-01, -9.99918461e-01,
       8.81060213e-03, -9.25215147e-03 ]
fx: 5.4068603515625000e+02
fy: 5.4068603515625000e+02
cx: 4.7975000000000000e+02
cy: 2.6975000000000000e+02
