%YAML:1.0
TVector: !!opencv-matrix
   rows: 3
   cols: 1
   dt: f
   data: [ -9.54392552e-02, 8.34298581e-02, -4.68956292e-01 ]
RMatrix: !!opencv-matrix
   rows: 3
   cols: 3
   dt: f
   data: [ 2.28404924e-01, -9.72185493e-01, -5.18314168e-02,
       1.18508168e-01, -2.50794683e-02, 9.92636144e-01, -9.66326416e-01,
       -2.32865497e-01, 1.09483637e-01 ]
fx: 5.4068603515625000e+02
fy: 5.4068603515625000e+02
cx: 4.7975000000000000e+02
cy: 2.6975000000000000e+02
