%YAML:1.0
TVector: !!opencv-matrix
   rows: 3
   cols: 1
   dt: f
   data: [ -1.56861529e-01, -7.34850541e-02, -1.67785259e-03 ]
RMatrix: !!opencv-matrix
   rows: 3
   cols: 3
   dt: f
   data: [ 4.98845160e-01, -8.66574526e-01, 1.42258247e-02,
       -7.62285516e-02, -2.75189336e-02, 9.96710718e-01, 8.63332510e-01,
       4.98288631e-01, 7.97853768e-02 ]
fx: 5.4068603515625000e+02
fy: 5.4068603515625000e+02
cx: 4.7975000000000000e+02
cy: 2.6975000000000000e+02
