%YAML:1.0
TVector: !!opencv-matrix
   rows: 3
   cols: 1
   dt: f
   data: [ -1.50583982e-01, -5.96876964e-02, 1.76330693e-02 ]
RMatrix: !!opencv-matrix
   rows: 3
   cols: 3
   dt: f
   data: [ 4.98460174e-01, -8.66793394e-01, 1.43774245e-02,
       -8.11202750e-02, -3.01245265e-02, 9.96248901e-01, 8.63108814e-01,
       4.97756690e-01, 8.53303745e-02 ]
fx: 5.4068603515625000e+02
fy: 5.4068603515625000e+02
cx: 4.7975000000000000e+02
cy: 2.6975000000000000e+02
