%YAML:1.0
TVector: !!opencv-matrix
   rows: 3
   cols: 1
   dt: f
   data: [ -1.60095334e-01, -5.14683202e-02, 3.12183127e-02 ]
RMatrix: !!opencv-matrix
   rows: 3
   cols: 3
   dt: f
   data: [ 4.93268460e-01, -8.69865954e-01, 4.42004949e-03,
       -6.46355152e-02, -3.15842517e-02, 9.97408926e-01, 8.67472529e-01,
       4.92276043e-01, 7.18037188e-02 ]
fx: 5.4068603515625000e+02
fy: 5.4068603515625000e+02
cx: 4.7975000000000000e+02
cy: 2.6975000000000000e+02
