%YAML:1.0
TVector: !!opencv-matrix
   rows: 3
   cols: 1
   dt: f
   data: [ -1.60372734e-01, -4.60126512e-02, 3.33458707e-02 ]
RMatrix: !!opencv-matrix
   rows: 3
   cols: 3
   dt: f
   data: [ 4.90396291e-01, -8.71484220e-01, 5.17466478e-03,
       -6.19417019e-02, -2.89315805e-02, 9.97660398e-01, 8.69295478e-01,
       4.89569515e-01, 6.81691542e-02 ]
fx: 5.4068603515625000e+02
fy: 5.4068603515625000e+02
cx: 4.7975000000000000e+02
cy: 2.6975000000000000e+02
