%YAML:1.0
TVector: !!opencv-matrix
   rows: 3
   cols: 1
   dt: f
   data: [ -1.63185135e-01, -4.10444252e-02, 1.29629802e-02 ]
RMatrix: !!opencv-matrix
   rows: 3
   cols: 3
   dt: f
   data: [ 4.80722815e-01, -8.76789272e-01, 1.20604485e-02,
       -5.11650108e-02, -1.43167553e-02, 9.98587430e-01, 8.75378370e-01,
       4.80660945e-01, 5.17433397e-02 ]
fx: 5.4068603515625000e+02
fy: 5.4068603515625000e+02
cx: 4.7975000000000000e+02
cy: 2.6975000000000000e+02
