%YAML:1.0
TVector: !!opencv-matrix
   rows: 3
   cols: 1
   dt: f
   data: [ 3.23190242e-02, 3.41939777e-02, -1.29005894e-01 ]
RMatrix: !!opencv-matrix
   rows: 3
   cols: 3
   dt: f
   data: [ 1.46815538e-01, -9.89091098e-01, 1.20159909e-02,
       3.84312004e-01, 6.82301670e-02, 9.20678496e-01, 9.11454439e-01,
       1.30552024e-01, -3.90136749e-01 ]
fx: 5.4068603515625000e+02
fy: 5.4068603515625000e+02
cx: 4.7975000000000000e+02
cy: 2.6975000000000000e+02
