%YAML:1.0
TVector: !!opencv-matrix
   rows: 3
   cols: 1
   dt: f
   data: [ -1.01926588e-01, 8.60961229e-02, -4.75251824e-01 ]
RMatrix: !!opencv-matrix
   rows: 3
   cols: 3
   dt: f
   data: [ 2.29042515e-01, -9.71956372e-01, -5.32962084e-02,
       1.19071409e-01, -2.63653435e-02, 9.92535591e-01, -9.66106415e-01,
       -2.33678952e-01, 1.09693445e-01 ]
fx: 5.4068603515625000e+02
fy: 5.4068603515625000e+02
cx: 4.7975000000000000e+02
cy: 2.6975000000000000e+02
