%YAML:1.0
TVector: !!opencv-matrix
   rows: 3
   cols: 1
   dt: f
   data: [ -1.67786628e-01, -5.98448776e-02, 1.07958727e-02 ]
RMatrix: !!opencv-matrix
   rows: 3
   cols: 3
   dt: f
   data: [ 4.76828545e-01, -8.78928244e-01, 1.09580075e-02,
       -4.80832234e-02, -1.36338072e-02, 9.98750329e-01, 8.77680361e-01,
       4.76759464e-01, 4.87626828e-02 ]
fx: 5.4068603515625000e+02
fy: 5.4068603515625000e+02
cx: 4.7975000000000000e+02
cy: 2.6975000000000000e+02
