%YAML:1.0
TVector: !!opencv-matrix
   rows: 3
   cols: 1
   dt: f
   data: [ -1.67063847e-01, -4.48408872e-02, 1.68916918e-02 ]
RMatrix: !!opencv-matrix
   rows: 3
   cols: 3
   dt: f
   data: [ 4.76241916e-01, -8.79283369e-01, 7.38744345e-03,
       -3.50377522e-02, -1.05812894e-02, 9.99329984e-01, 8.78615975e-01,
       4.76181597e-01, 3.58473621e-02 ]
fx: 5.4068603515625000e+02
fy: 5.4068603515625000e+02
cx: 4.7975000000000000e+02
cy: 2.6975000000000000e+02
