%YAML:1.0
TVector: !!opencv-matrix
   rows: 3
   cols: 1
   dt: f
   data: [ -1.65744871e-01, -3.49272788e-02, 2.00550463e-02 ]
RMatrix: !!opencv-matrix
   rows: 3
   cols: 3
   dt: f
   data: [ 4.71595377e-01, -8.81774306e-01, 8.47584102e-03,
       -3.50376107e-02, -9.13305301e-03, 9.99344349e-01, 8.81118774e-01,
       4.71583128e-01, 3.52023765e-02 ]
fx: 5.4068603515625000e+02
fy: 5.4068603515625000e+02
cx: 4.7975000000000000e+02
cy: 2.6975000000000000e+02
