%YAML:1.0
TVector: !!opencv-matrix
   rows: 3
   cols: 1
   dt: f
   data: [ -1.56301796e-01, -2.45860796e-02, 3.32711861e-02 ]
RMatrix: !!opencv-matrix
   rows: 3
   cols: 3
   dt: f
   data: [ 4.65425044e-01, -8.85040224e-01, 9.12926253e-03,
       -3.15692537e-02, -6.29190728e-03, 9.99481738e-01, 8.84524107e-01,
       4.65472043e-01, 3.08684688e-02 ]
fx: 5.4068603515625000e+02
fy: 5.4068603515625000e+02
cx: 4.7975000000000000e+02
cy: 2.6975000000000000e+02
