%YAML:1.0
TVector: !!opencv-matrix
   rows: 3
   cols: 1
   dt: f
   data: [ -1.64092138e-01, -4.15887795e-02, 1.02228178e-02 ]
RMatrix: !!opencv-matrix
   rows: 3
   cols: 3
   dt: f
   data: [ 4.61364537e-01, -8.87201369e-01, 4.04788880e-03,
       -1.38539914e-02, -2.64230277e-03, 9.99900520e-01, 8.87102425e-01,
       4.61374819e-01, 1.35103455e-02 ]
fx: 5.4068603515625000e+02
fy: 5.4068603515625000e+02
cx: 4.7975000000000000e+02
cy: 2.6975000000000000e+02
