%YAML:1.0
TVector: !!opencv-matrix
   rows: 3
   cols: 1
   dt: f
   data: [ -1.62442282e-01, -3.46116349e-02, 7.73785636e-04 ]
RMatrix: !!opencv-matrix
   rows: 3
   cols: 3
   dt: f
   data: [ 4.58511472e-01, -8.88682961e-01, 3.15068429e-03,
       -1.16353557e-02, -2.45811208e-03, 9.99929309e-01, 8.88612330e-01,
       4.58515704e-01, 1.14672137e-02 ]
fx: 5.4068603515625000e+02
fy: 5.4068603515625000e+02
cx: 4.7975000000000000e+02
cy: 2.6975000000000000e+02
