%YAML:1.0
TVector: !!opencv-matrix
   rows: 3
   cols: 1
   dt: f
   data: [ -1.00805528e-01, 8.75652432e-02, -4.86210972e-01 ]
RMatrix: !!opencv-matrix
   rows: 3
   cols: 3
   dt: f
   data: [ 2.21906275e-01, -9.73456621e-01, -5.60344942e-02,
       1.21247880e-01, -2.94732172e-02, 9.92184699e-01, -9.67500150e-01,
       -2.26966053e-01, 1.11489251e-01 ]
fx: 5.4068603515625000e+02
fy: 5.4068603515625000e+02
cx: 4.7975000000000000e+02
cy: 2.6975000000000000e+02
