%YAML:1.0
TVector: !!opencv-matrix
   rows: 3
   cols: 1
   dt: f
   data: [ 3.22521441e-02, 3.31463814e-02, -1.30690470e-01 ]
RMatrix: !!opencv-matrix
   rows: 3
   cols: 3
   dt: f
   data: [ 1.53075010e-01, -9.88171935e-01, 9.18673445e-03,
       3.87917906e-01, 6.86362311e-02, 9.19134974e-01, 9.08893764e-01,
       1.37132883e-01, -3.93836051e-01 ]
fx: 5.4068603515625000e+02
fy: 5.4068603515625000e+02
cx: 4.7975000000000000e+02
cy: 2.6975000000000000e+02
