%YAML:1.0
TVector: !!opencv-matrix
   rows: 3
   cols: 1
   dt: f
   data: [ -1.59671143e-01, -8.47797096e-03, 2.85083558e-02 ]
RMatrix: !!opencv-matrix
   rows: 3
   cols: 3
   dt: f
   data: [ 4.49277699e-01, -8.93391371e-01, 1.13780622e-03,
       5.87094761e-03, 4.22599027e-03, 9.99973893e-01, 8.93372834e-01,
       4.49259341e-01, -7.14369677e-03 ]
fx: 5.4068603515625000e+02
fy: 5.4068603515625000e+02
cx: 4.7975000000000000e+02
cy: 2.6975000000000000e+02
