%YAML:1.0
TVector: !!opencv-matrix
   rows: 3
   cols: 1
   dt: f
   data: [ -1.96015745e-01, -8.97808746e-03, -1.95505284e-02 ]
RMatrix: !!opencv-matrix
   rows: 3
   cols: 3
   dt: f
   data: [ 4.55206335e-01, -8.90353501e-01, -7.59415794e-03,
       1.61005240e-02, -2.96637823e-04, 9.99870300e-01, 8.90240252e-01,
       4.55269575e-01, -1.42001268e-02 ]
fx: 5.4068603515625000e+02
fy: 5.4068603515625000e+02
cx: 4.7975000000000000e+02
cy: 2.6975000000000000e+02
