%YAML:1.0
TVector: !!opencv-matrix
   rows: 3
   cols: 1
   dt: f
   data: [ -1.73062310e-01, -2.18939614e-02, -3.56886513e-03 ]
RMatrix: !!opencv-matrix
   rows: 3
   cols: 3
   dt: f
   data: [ 4.38933522e-01, -8.98327470e-01, -1.85828675e-02,
       2.67592836e-02, -7.60316849e-03, 9.99613047e-01, 8.98121059e-01,
       4.39260960e-01, -2.07013078e-02 ]
fx: 5.4068603515625000e+02
fy: 5.4068603515625000e+02
cx: 4.7975000000000000e+02
cy: 2.6975000000000000e+02
