%YAML:1.0
TVector: !!opencv-matrix
   rows: 3
   cols: 1
   dt: f
   data: [ -2.03116030e-01, -4.59997915e-03, -2.15306971e-02 ]
RMatrix: !!opencv-matrix
   rows: 3
   cols: 3
   dt: f
   data: [ 4.39031869e-01, -8.98125887e-01, -2.49205697e-02,
       2.85734739e-02, -1.37657383e-02, 9.99496937e-01, 8.98017168e-01,
       4.39523101e-01, -1.96189806e-02 ]
fx: 5.4068603515625000e+02
fy: 5.4068603515625000e+02
cx: 4.7975000000000000e+02
cy: 2.6975000000000000e+02
