%YAML:1.0
TVector: !!opencv-matrix
   rows: 3
   cols: 1
   dt: f
   data: [ -2.03402624e-01, -1.20622376e-02, -4.00994308e-02 ]
RMatrix: !!opencv-matrix
   rows: 3
   cols: 3
   dt: f
   data: [ 4.32567120e-01, -9.01169717e-01, -2.79046725e-02,
       2.87300497e-02, -1.71570051e-02, 9.99439895e-01, 9.01143849e-01,
       4.33126599e-01, -1.84690952e-02 ]
fx: 5.4068603515625000e+02
fy: 5.4068603515625000e+02
cx: 4.7975000000000000e+02
cy: 2.6975000000000000e+02
