%YAML:1.0
TVector: !!opencv-matrix
   rows: 3
   cols: 1
   dt: f
   data: [ -1.86791554e-01, 5.17312996e-03, 5.41388243e-03 ]
RMatrix: !!opencv-matrix
   rows: 3
   cols: 3
   dt: f
   data: [ 4.14759636e-01, -9.09343839e-01, -3.26858163e-02,
       3.51097435e-02, -1.99012533e-02, 9.99185205e-01, 9.09253418e-01,
       4.15569305e-01, -2.36725938e-02 ]
fx: 5.4068603515625000e+02
fy: 5.4068603515625000e+02
cx: 4.7975000000000000e+02
cy: 2.6975000000000000e+02
