%YAML:1.0
TVector: !!opencv-matrix
   rows: 3
   cols: 1
   dt: f
   data: [ -2.02110425e-01, 4.39268351e-03, -1.47477519e-02 ]
RMatrix: !!opencv-matrix
   rows: 3
   cols: 3
   dt: f
   data: [ 4.14337307e-01, -9.09366786e-01, -3.71044390e-02,
       4.12543304e-02, -2.19610892e-02, 9.98907328e-01, 9.09187913e-01,
       4.15415287e-01, -2.84160115e-02 ]
fx: 5.4068603515625000e+02
fy: 5.4068603515625000e+02
cx: 4.7975000000000000e+02
cy: 2.6975000000000000e+02
