%YAML:1.0
TVector: !!opencv-matrix
   rows: 3
   cols: 1
   dt: f
   data: [ 3.37632447e-02, 3.38489600e-02, -1.32003754e-01 ]
RMatrix: !!opencv-matrix
   rows: 3
   cols: 3
   dt: f
   data: [ 1.58200741e-01, -9.87358153e-01, 9.80470330e-03,
       3.89609993e-01, 7.15436712e-02, 9.18196857e-01, 9.07290697e-01,
       1.41439408e-01, -3.96002859e-01 ]
fx: 5.4068603515625000e+02
fy: 5.4068603515625000e+02
cx: 4.7975000000000000e+02
cy: 2.6975000000000000e+02
