%YAML:1.0
TVector: !!opencv-matrix
   rows: 3
   cols: 1
   dt: f
   data: [ -1.02420278e-01, 8.66453722e-02, -4.92882192e-01 ]
RMatrix: !!opencv-matrix
   rows: 3
   cols: 3
   dt: f
   data: [ 2.17985481e-01, -9.74280775e-01, -5.70901744e-02,
       1.22175515e-01, -3.07947285e-02, 9.92030621e-01, -9.68274593e-01,
       -2.23223299e-01, 1.12320460e-01 ]
fx: 5.4068603515625000e+02
fy: 5.4068603515625000e+02
cx: 4.7975000000000000e+02
cy: 2.6975000000000000e+02
