%YAML:1.0
TVector: !!opencv-matrix
   rows: 3
   cols: 1
   dt: f
   data: [ -2.09283248e-01, -1.87976682e-03, -3.48720998e-02 ]
RMatrix: !!opencv-matrix
   rows: 3
   cols: 3
   dt: f
   data: [ 4.12941009e-01, -9.10089076e-01, -3.48901935e-02,
       3.86129580e-02, -2.07801089e-02, 9.99038100e-01, 9.09938812e-01,
       4.13891047e-01, -2.65602842e-02 ]
fx: 5.4068603515625000e+02
fy: 5.4068603515625000e+02
cx: 4.7975000000000000e+02
cy: 2.6975000000000000e+02
