%YAML:1.0
TVector: !!opencv-matrix
   rows: 3
   cols: 1
   dt: f
   data: [ -1.88963324e-01, 6.34380616e-03, 9.06506553e-04 ]
RMatrix: !!opencv-matrix
   rows: 3
   cols: 3
   dt: f
   data: [ 4.04384613e-01, -9.13956702e-01, -3.40062603e-02,
       3.81096974e-02, -2.03112047e-02, 9.99067187e-01, 9.13794696e-01,
       4.05303299e-01, -2.66170688e-02 ]
fx: 5.4068603515625000e+02
fy: 5.4068603515625000e+02
cx: 4.7975000000000000e+02
cy: 2.6975000000000000e+02
