%YAML:1.0
TVector: !!opencv-matrix
   rows: 3
   cols: 1
   dt: f
   data: [ -2.08902627e-01, 2.70055607e-04, -2.80518793e-02 ]
RMatrix: !!opencv-matrix
   rows: 3
   cols: 3
   dt: f
   data: [ 4.05730158e-01, -9.13334846e-01, -3.46786827e-02,
       4.26985584e-02, -1.89598761e-02, 9.98908103e-01, 9.12994921e-01,
       4.06767875e-01, -3.13054845e-02 ]
fx: 5.4068603515625000e+02
fy: 5.4068603515625000e+02
cx: 4.7975000000000000e+02
cy: 2.6975000000000000e+02
