%YAML:1.0
TVector: !!opencv-matrix
   rows: 3
   cols: 1
   dt: f
   data: [ -1.82885036e-01, -1.35271866e-02, -2.17847135e-02 ]
RMatrix: !!opencv-matrix
   rows: 3
   cols: 3
   dt: f
   data: [ 3.94256175e-01, -9.18395340e-01, -3.33439223e-02,
       4.61975522e-02, -1.64309964e-02, 9.98797178e-01, 9.17838633e-01,
       3.95322323e-01, -3.59496027e-02 ]
fx: 5.4068603515625000e+02
fy: 5.4068603515625000e+02
cx: 4.7975000000000000e+02
cy: 2.6975000000000000e+02
