%YAML:1.0
TVector: !!opencv-matrix
   rows: 3
   cols: 1
   dt: f
   data: [ -2.08678529e-01, 1.59460830e-03, -3.65915187e-02 ]
RMatrix: !!opencv-matrix
   rows: 3
   cols: 3
   dt: f
   data: [ 3.92772943e-01, -9.18881476e-01, -3.72312777e-02,
       5.34183308e-02, -1.76203977e-02, 9.98416722e-01, 9.18082595e-01,
       3.94139856e-01, -4.21642959e-02 ]
fx: 5.4068603515625000e+02
fy: 5.4068603515625000e+02
cx: 4.7975000000000000e+02
cy: 2.6975000000000000e+02
