%YAML:1.0
TVector: !!opencv-matrix
   rows: 3
   cols: 1
   dt: f
   data: [ -2.03367412e-01, -1.93531178e-02, -5.81570566e-02 ]
RMatrix: !!opencv-matrix
   rows: 3
   cols: 3
   dt: f
   data: [ 3.88309628e-01, -9.20641661e-01, -4.04268242e-02,
       5.59023917e-02, -2.02552937e-02, 9.98230696e-01, 9.19831693e-01,
       3.89882624e-01, -4.36007418e-02 ]
fx: 5.4068603515625000e+02
fy: 5.4068603515625000e+02
cx: 4.7975000000000000e+02
cy: 2.6975000000000000e+02
