%YAML:1.0
TVector: !!opencv-matrix
   rows: 3
   cols: 1
   dt: f
   data: [ -1.87152311e-01, -1.18475314e-02, -2.76521798e-02 ]
RMatrix: !!opencv-matrix
   rows: 3
   cols: 3
   dt: f
   data: [ 3.73430461e-01, -9.26767528e-01, -4.06445675e-02,
       5.72303943e-02, -2.07146425e-02, 9.98146236e-01, 9.25891280e-01,
       3.75064224e-01, -4.53037843e-02 ]
fx: 5.4068603515625000e+02
fy: 5.4068603515625000e+02
cx: 4.7975000000000000e+02
cy: 2.6975000000000000e+02
