%YAML:1.0
TVector: !!opencv-matrix
   rows: 3
   cols: 1
   dt: f
   data: [ -2.03716099e-01, -7.05631636e-03, -4.68098782e-02 ]
RMatrix: !!opencv-matrix
   rows: 3
   cols: 3
   dt: f
   data: [ 3.71863931e-01, -9.27438736e-01, -3.96814980e-02,
       5.53979725e-02, -2.04991512e-02, 9.98253942e-01, 9.26632941e-01,
       3.73413026e-01, -4.37553264e-02 ]
fx: 5.4068603515625000e+02
fy: 5.4068603515625000e+02
cx: 4.7975000000000000e+02
cy: 2.6975000000000000e+02
