%YAML:1.0
TVector: !!opencv-matrix
   rows: 3
   cols: 1
   dt: f
   data: [ -1.08153962e-01, 8.70208517e-02, -5.02863228e-01 ]
RMatrix: !!opencv-matrix
   rows: 3
   cols: 3
   dt: f
   data: [ 2.09189534e-01, -9.76207256e-01, -5.70886917e-02,
       1.21750616e-01, -3.19253132e-02, 9.92047131e-01, -9.70266342e-01,
       -2.14476451e-01, 1.12175390e-01 ]
fx: 5.4068603515625000e+02
fy: 5.4068603515625000e+02
cx: 4.7975000000000000e+02
cy: 2.6975000000000000e+02
