%YAML:1.0
TVector: !!opencv-matrix
   rows: 3
   cols: 1
   dt: f
   data: [ -1.93618432e-01, -1.21814031e-02, -4.16871645e-02 ]
RMatrix: !!opencv-matrix
   rows: 3
   cols: 3
   dt: f
   data: [ 3.63125384e-01, -9.30961430e-01, -3.80884632e-02,
       5.48017621e-02, -1.94681287e-02, 9.98307288e-01, 9.30127144e-01,
       3.64598006e-01, -4.39489558e-02 ]
fx: 5.4068603515625000e+02
fy: 5.4068603515625000e+02
cx: 4.7975000000000000e+02
cy: 2.6975000000000000e+02
