%YAML:1.0
TVector: !!opencv-matrix
   rows: 3
   cols: 1
   dt: f
   data: [ -1.93334520e-01, -9.77359526e-03, -3.87036428e-02 ]
RMatrix: !!opencv-matrix
   rows: 3
   cols: 3
   dt: f
   data: [ 3.57860565e-01, -9.33021665e-01, -3.74942496e-02,
       5.53011186e-02, -1.89063847e-02, 9.98290598e-01, 9.32135940e-01,
       3.59322369e-01, -4.48313132e-02 ]
fx: 5.4068603515625000e+02
fy: 5.4068603515625000e+02
cx: 4.7975000000000000e+02
cy: 2.6975000000000000e+02
