%YAML:1.0
TVector: !!opencv-matrix
   rows: 3
   cols: 1
   dt: f
   data: [ -2.02766925e-01, -2.97540613e-03, -5.68470955e-02 ]
RMatrix: !!opencv-matrix
   rows: 3
   cols: 3
   dt: f
   data: [ 3.55634272e-01, -9.33986425e-01, -3.45496722e-02,
       5.06673902e-02, -1.76457055e-02, 9.98559892e-01, 9.33250904e-01,
       3.56872559e-01, -4.10472304e-02 ]
fx: 5.4068603515625000e+02
fy: 5.4068603515625000e+02
cx: 4.7975000000000000e+02
cy: 2.6975000000000000e+02
