%YAML:1.0
TVector: !!opencv-matrix
   rows: 3
   cols: 1
   dt: f
   data: [ -1.98518157e-01, -1.21186124e-02, -7.85445981e-03 ]
RMatrix: !!opencv-matrix
   rows: 3
   cols: 3
   dt: f
   data: [ 3.44104499e-01, -9.38319564e-01, -3.38941701e-02,
       5.12457229e-02, -1.72762945e-02, 9.98536706e-01, 9.37531948e-01,
       3.45337838e-01, -4.21399958e-02 ]
fx: 5.4068603515625000e+02
fy: 5.4068603515625000e+02
cx: 4.7975000000000000e+02
cy: 2.6975000000000000e+02
