%YAML:1.0
TVector: !!opencv-matrix
   rows: 3
   cols: 1
   dt: f
   data: [ -1.93598077e-01, -7.34935096e-03, -3.56667079e-02 ]
RMatrix: !!opencv-matrix
   rows: 3
   cols: 3
   dt: f
   data: [ 3.38319749e-01, -9.40437078e-01, -3.34280506e-02,
       5.09998910e-02, -1.71466544e-02, 9.98551369e-01, 9.39647973e-01,
       3.39534521e-01, -4.21611480e-02 ]
fx: 5.4068603515625000e+02
fy: 5.4068603515625000e+02
cx: 4.7975000000000000e+02
cy: 2.6975000000000000e+02
