%YAML:1.0
TVector: !!opencv-matrix
   rows: 3
   cols: 1
   dt: f
   data: [ -1.97405264e-01, -6.18869672e-03, -4.42955978e-02 ]
RMatrix: !!opencv-matrix
   rows: 3
   cols: 3
   dt: f
   data: [ 3.33575964e-01, -9.42058504e-01, -3.53914090e-02,
       5.25925569e-02, -1.88868251e-02, 9.98437464e-01, 9.41255033e-01,
       3.34916055e-01, -4.32450697e-02 ]
fx: 5.4068603515625000e+02
fy: 5.4068603515625000e+02
cx: 4.7975000000000000e+02
cy: 2.6975000000000000e+02
