%YAML:1.0
TVector: !!opencv-matrix
   rows: 3
   cols: 1
   dt: f
   data: [ -1.97747320e-01, -7.27662072e-03, -4.19121198e-02 ]
RMatrix: !!opencv-matrix
   rows: 3
   cols: 3
   dt: f
   data: [ 3.24404001e-01, -9.45078611e-01, -3.98496911e-02,
       5.78151830e-02, -2.22390722e-02, 9.98079538e-01, 9.44149971e-01,
       3.26084942e-01, -4.74254526e-02 ]
fx: 5.4068603515625000e+02
fy: 5.4068603515625000e+02
cx: 4.7975000000000000e+02
cy: 2.6975000000000000e+02
