%YAML:1.0
TVector: !!opencv-matrix
   rows: 3
   cols: 1
   dt: f
   data: [ -2.00013921e-01, -8.10162909e-03, -4.53633741e-02 ]
RMatrix: !!opencv-matrix
   rows: 3
   cols: 3
   dt: f
   data: [ 3.15075427e-01, -9.48184133e-01, -4.09193709e-02,
       6.26761988e-02, -2.22330913e-02, 9.97786283e-01, 9.46994781e-01,
       3.16942543e-01, -5.24234697e-02 ]
fx: 5.4068603515625000e+02
fy: 5.4068603515625000e+02
cx: 4.7975000000000000e+02
cy: 2.6975000000000000e+02
