%YAML:1.0
TVector: !!opencv-matrix
   rows: 3
   cols: 1
   dt: f
   data: [ -1.07149184e-01, 8.55833516e-02, -5.11908710e-01 ]
RMatrix: !!opencv-matrix
   rows: 3
   cols: 3
   dt: f
   data: [ 1.98941678e-01, -9.78441834e-01, -5.54427840e-02,
       1.17592946e-01, -3.23318020e-02, 9.92535472e-01, -9.72930849e-01,
       -2.03976348e-01, 1.08625710e-01 ]
fx: 5.4068603515625000e+02
fy: 5.4068603515625000e+02
cx: 4.7975000000000000e+02
cy: 2.6975000000000000e+02
