%YAML:1.0
TVector: !!opencv-matrix
   rows: 3
   cols: 1
   dt: f
   data: [ -1.98269591e-01, -8.25045817e-03, -4.16420512e-02 ]
RMatrix: !!opencv-matrix
   rows: 3
   cols: 3
   dt: f
   data: [ 3.10005456e-01, -9.49961007e-01, -3.83431874e-02,
       6.18600249e-02, -2.00903490e-02, 9.97882426e-01, 9.48719978e-01,
       3.11720967e-01, -5.25365137e-02 ]
fx: 5.4068603515625000e+02
fy: 5.4068603515625000e+02
cx: 4.7975000000000000e+02
cy: 2.6975000000000000e+02
