%YAML:1.0
TVector: !!opencv-matrix
   rows: 3
   cols: 1
   dt: f
   data: [ -2.03152925e-01, -1.11156155e-03, -5.15811071e-02 ]
RMatrix: !!opencv-matrix
   rows: 3
   cols: 3
   dt: f
   data: [ 3.02101344e-01, -9.52770174e-01, -3.10454275e-02,
       6.09916225e-02, -1.31818522e-02, 9.98051286e-01, 9.51322734e-01,
       3.03406060e-01, -5.41287474e-02 ]
fx: 5.4068603515625000e+02
fy: 5.4068603515625000e+02
cx: 4.7975000000000000e+02
cy: 2.6975000000000000e+02
