%YAML:1.0
TVector: !!opencv-matrix
   rows: 3
   cols: 1
   dt: f
   data: [ -2.00283721e-01, -5.89805469e-03, -4.17911746e-02 ]
RMatrix: !!opencv-matrix
   rows: 3
   cols: 3
   dt: f
   data: [ 2.96332926e-01, -9.54569578e-01, -3.13654914e-02,
       6.70614764e-02, -1.19636245e-02, 9.97677207e-01, 9.52727616e-01,
       2.97748029e-01, -6.04696199e-02 ]
fx: 5.4068603515625000e+02
fy: 5.4068603515625000e+02
cx: 4.7975000000000000e+02
cy: 2.6975000000000000e+02
