%YAML:1.0
TVector: !!opencv-matrix
   rows: 3
   cols: 1
   dt: f
   data: [ -2.03063771e-01, -5.62670873e-03, -5.24267964e-02 ]
RMatrix: !!opencv-matrix
   rows: 3
   cols: 3
   dt: f
   data: [ 2.94004083e-01, -9.55221415e-01, -3.33669819e-02,
       7.18623847e-02, -1.27197402e-02, 9.97333407e-01, 9.53098655e-01,
       2.95617998e-01, -6.49048239e-02 ]
fx: 5.4068603515625000e+02
fy: 5.4068603515625000e+02
cx: 4.7975000000000000e+02
cy: 2.6975000000000000e+02
