%YAML:1.0
TVector: !!opencv-matrix
   rows: 3
   cols: 1
   dt: f
   data: [ -2.07582757e-01, -3.86228645e-03, -5.87370135e-02 ]
RMatrix: !!opencv-matrix
   rows: 3
   cols: 3
   dt: f
   data: [ 2.92161137e-01, -9.55729365e-01, -3.49781215e-02,
       7.25313500e-02, -1.43257715e-02, 9.97263193e-01, 9.53614831e-01,
       2.93898493e-01, -6.51348978e-02 ]
fx: 5.4068603515625000e+02
fy: 5.4068603515625000e+02
cx: 4.7975000000000000e+02
cy: 2.6975000000000000e+02
