%YAML:1.0
TVector: !!opencv-matrix
   rows: 3
   cols: 1
   dt: f
   data: [ -2.03213185e-01, -4.19835560e-03, -4.69495356e-02 ]
RMatrix: !!opencv-matrix
   rows: 3
   cols: 3
   dt: f
   data: [ 2.86542714e-01, -9.57447469e-01, -3.44627053e-02,
       7.20623732e-02, -1.43304076e-02, 9.97297227e-01, 9.55353439e-01,
       2.88251668e-01, -6.48896545e-02 ]
fx: 5.4068603515625000e+02
fy: 5.4068603515625000e+02
cx: 4.7975000000000000e+02
cy: 2.6975000000000000e+02
