%YAML:1.0
TVector: !!opencv-matrix
   rows: 3
   cols: 1
   dt: f
   data: [ -2.06730530e-01, -1.58962084e-03, -5.58427125e-02 ]
RMatrix: !!opencv-matrix
   rows: 3
   cols: 3
   dt: f
   data: [ 2.84178108e-01, -9.58204031e-01, -3.29764672e-02,
       7.33813122e-02, -1.25563992e-02, 9.97224808e-01, 9.55959022e-01,
       2.85809398e-01, -6.67460412e-02 ]
fx: 5.4068603515625000e+02
fy: 5.4068603515625000e+02
cx: 4.7975000000000000e+02
cy: 2.6975000000000000e+02
