%YAML:1.0
TVector: !!opencv-matrix
   rows: 3
   cols: 1
   dt: f
   data: [ -1.08210601e-01, 8.53892863e-02, -5.17046154e-01 ]
RMatrix: !!opencv-matrix
   rows: 3
   cols: 3
   dt: f
   data: [ 1.95923254e-01, -9.79196131e-01, -5.28106056e-02,
       1.15253121e-01, -3.04874536e-02, 9.92868125e-01, -9.73822594e-01,
       -2.00612560e-01, 1.06882215e-01 ]
fx: 5.4068603515625000e+02
fy: 5.4068603515625000e+02
cx: 4.7975000000000000e+02
cy: 2.6975000000000000e+02
