%YAML:1.0
TVector: !!opencv-matrix
   rows: 3
   cols: 1
   dt: f
   data: [ -2.07701787e-01, -1.02830643e-03, -5.78039773e-02 ]
RMatrix: !!opencv-matrix
   rows: 3
   cols: 3
   dt: f
   data: [ 2.77063310e-01, -9.60213184e-01, -3.50199938e-02,
       7.90856034e-02, -1.35338316e-02, 9.96775866e-01, 9.57591355e-01,
       2.78939635e-01, -7.21893236e-02 ]
fx: 5.4068603515625000e+02
fy: 5.4068603515625000e+02
cx: 4.7975000000000000e+02
cy: 2.6975000000000000e+02
