%YAML:1.0
TVector: !!opencv-matrix
   rows: 3
   cols: 1
   dt: f
   data: [ -2.03265741e-01, -3.28433537e-03, -4.91022952e-02 ]
RMatrix: !!opencv-matrix
   rows: 3
   cols: 3
   dt: f
   data: [ 2.74005741e-01, -9.61128533e-01, -3.39532867e-02,
       8.06647018e-02, -1.22122215e-02, 9.96666431e-01, 9.58339095e-01,
       2.75831163e-01, -7.41829351e-02 ]
fx: 5.4068603515625000e+02
fy: 5.4068603515625000e+02
cx: 4.7975000000000000e+02
cy: 2.6975000000000000e+02
