%YAML:1.0
TVector: !!opencv-matrix
   rows: 3
   cols: 1
   dt: f
   data: [ -2.03468472e-01, 1.28394939e-04, -6.37672320e-02 ]
RMatrix: !!opencv-matrix
   rows: 3
   cols: 3
   dt: f
   data: [ 2.69242376e-01, -9.62504923e-01, -3.30608003e-02,
       7.88655728e-02, -1.21780392e-02, 9.96810853e-01, 9.59838033e-01,
       2.70991027e-01, -7.26296604e-02 ]
fx: 5.4068603515625000e+02
fy: 5.4068603515625000e+02
cx: 4.7975000000000000e+02
cy: 2.6975000000000000e+02
