%YAML:1.0
TVector: !!opencv-matrix
   rows: 3
   cols: 1
   dt: f
   data: [ -2.04581439e-01, 1.87104335e-03, -6.91805184e-02 ]
RMatrix: !!opencv-matrix
   rows: 3
   cols: 3
   dt: f
   data: [ 2.53938496e-01, -9.66980577e-01, -2.15376131e-02,
       8.39791894e-02, -1.40624092e-04, 9.96467412e-01, 9.63567674e-01,
       2.54850179e-01, -8.11705217e-02 ]
fx: 5.4068603515625000e+02
fy: 5.4068603515625000e+02
cx: 4.7975000000000000e+02
cy: 2.6975000000000000e+02
