%YAML:1.0
TVector: !!opencv-matrix
   rows: 3
   cols: 1
   dt: f
   data: [ -2.04876155e-01, 1.01343542e-03, -6.59616664e-02 ]
RMatrix: !!opencv-matrix
   rows: 3
   cols: 3
   dt: f
   data: [ 2.44897962e-01, -9.69417274e-01, -1.59721375e-02,
       7.81646073e-02, 3.32072750e-03, 9.96934950e-01, 9.66392934e-01,
       2.45395795e-01, -7.65873566e-02 ]
fx: 5.4068603515625000e+02
fy: 5.4068603515625000e+02
cx: 4.7975000000000000e+02
cy: 2.6975000000000000e+02
