%YAML:1.0
TVector: !!opencv-matrix
   rows: 3
   cols: 1
   dt: f
   data: [ -1.11878119e-01, 8.41560364e-02, -5.28143585e-01 ]
RMatrix: !!opencv-matrix
   rows: 3
   cols: 3
   dt: f
   data: [ 1.89659476e-01, -9.80628669e-01, -4.89554890e-02,
       1.09754317e-01, -2.83736009e-02, 9.93553698e-01, -9.75696266e-01,
       -1.93809956e-01, 1.02246903e-01 ]
fx: 5.4068603515625000e+02
fy: 5.4068603515625000e+02
cx: 4.7975000000000000e+02
cy: 2.6975000000000000e+02
