%YAML:1.0
TVector: !!opencv-matrix
   rows: 3
   cols: 1
   dt: f
   data: [ 3.67852375e-02, 3.23475562e-02, -1.39549658e-01 ]
RMatrix: !!opencv-matrix
   rows: 3
   cols: 3
   dt: f
   data: [ 1.79645553e-01, -9.83681202e-01, 9.93219670e-03,
       3.99110913e-01, 8.21086913e-02, 9.13218737e-01, 8.99131656e-01,
       1.60091653e-01, -4.07348335e-01 ]
fx: 5.4068603515625000e+02
fy: 5.4068603515625000e+02
cx: 4.7975000000000000e+02
cy: 2.6975000000000000e+02
