%YAML:1.0
TVector: !!opencv-matrix
   rows: 3
   cols: 1
   dt: f
   data: [ -2.02868477e-01, 9.12213698e-04, -6.43162429e-02 ]
RMatrix: !!opencv-matrix
   rows: 3
   cols: 3
   dt: f
   data: [ 2.42527798e-01, -9.70048785e-01, -1.36239883e-02,
       8.06069747e-02, 6.15436770e-03, 9.96726990e-01, 9.66789901e-01,
       2.42832229e-01, -7.96853006e-02 ]
fx: 5.4068603515625000e+02
fy: 5.4068603515625000e+02
cx: 4.7975000000000000e+02
cy: 2.6975000000000000e+02
