%YAML:1.0
TVector: !!opencv-matrix
   rows: 3
   cols: 1
   dt: f
   data: [ -2.03674644e-01, 4.55323432e-04, -6.67452365e-02 ]
RMatrix: !!opencv-matrix
   rows: 3
   cols: 3
   dt: f
   data: [ 2.42277086e-01, -9.70111310e-01, -1.36112506e-02,
       8.44045132e-02, 7.09912693e-03, 9.96406198e-01, 9.66528535e-01,
       2.42555276e-01, -8.36017504e-02 ]
fx: 5.4068603515625000e+02
fy: 5.4068603515625000e+02
cx: 4.7975000000000000e+02
cy: 2.6975000000000000e+02
