%YAML:1.0
TVector: !!opencv-matrix
   rows: 3
   cols: 1
   dt: f
   data: [ -2.04195768e-01, 9.50892572e-04, -7.15996847e-02 ]
RMatrix: !!opencv-matrix
   rows: 3
   cols: 3
   dt: f
   data: [ 2.41433084e-01, -9.70353603e-01, -1.11419205e-02,
       8.58945698e-02, 9.93204676e-03, 9.96254802e-01, 9.66608644e-01,
       2.41485849e-01, -8.57460275e-02 ]
fx: 5.4068603515625000e+02
fy: 5.4068603515625000e+02
cx: 4.7975000000000000e+02
cy: 2.6975000000000000e+02
