%YAML:1.0
TVector: !!opencv-matrix
   rows: 3
   cols: 1
   dt: f
   data: [ -2.03474283e-01, 3.02651594e-03, -7.13441744e-02 ]
RMatrix: !!opencv-matrix
   rows: 3
   cols: 3
   dt: f
   data: [ 2.38670796e-01, -9.71079946e-01, -6.31440664e-03,
       8.47463682e-02, 1.43504636e-02, 9.96299028e-01, 9.67395484e-01,
       2.38322675e-01, -8.57205465e-02 ]
fx: 5.4068603515625000e+02
fy: 5.4068603515625000e+02
cx: 4.7975000000000000e+02
cy: 2.6975000000000000e+02
