%YAML:1.0
TVector: !!opencv-matrix
   rows: 3
   cols: 1
   dt: f
   data: [ -2.06202194e-01, 7.19448226e-03, -7.75125623e-02 ]
RMatrix: !!opencv-matrix
   rows: 3
   cols: 3
   dt: f
   data: [ 2.31456608e-01, -9.72843170e-01, 1.96043425e-03,
       9.20547694e-02, 2.39074882e-02, 9.95466948e-01, 9.68480170e-01,
       2.30226919e-01, -9.50884148e-02 ]
fx: 5.4068603515625000e+02
fy: 5.4068603515625000e+02
cx: 4.7975000000000000e+02
cy: 2.6975000000000000e+02
