%YAML:1.0
TVector: !!opencv-matrix
   rows: 3
   cols: 1
   dt: f
   data: [ -2.05036938e-01, 2.56281382e-05, -7.13235214e-02 ]
RMatrix: !!opencv-matrix
   rows: 3
   cols: 3
   dt: f
   data: [ 2.23798215e-01, -9.74602401e-01, -8.04106332e-03,
       9.89060700e-02, 1.45025384e-02, 9.94991124e-01, 9.69604135e-01,
       2.23472536e-01, -9.96397287e-02 ]
fx: 5.4068603515625000e+02
fy: 5.4068603515625000e+02
cx: 4.7975000000000000e+02
cy: 2.6975000000000000e+02
