%YAML:1.0
TVector: !!opencv-matrix
   rows: 3
   cols: 1
   dt: f
   data: [ -1.13386117e-01, 8.03244784e-02, -5.37834108e-01 ]
RMatrix: !!opencv-matrix
   rows: 3
   cols: 3
   dt: f
   data: [ 1.81387946e-01, -9.82373059e-01, -4.51888666e-02,
       1.06209703e-01, -2.61129104e-02, 9.94001031e-01, -9.77659523e-01,
       -1.85099289e-01, 9.96009633e-02 ]
fx: 5.4068603515625000e+02
fy: 5.4068603515625000e+02
cx: 4.7975000000000000e+02
cy: 2.6975000000000000e+02
