%YAML:1.0
TVector: !!opencv-matrix
   rows: 3
   cols: 1
   dt: f
   data: [ 3.79128456e-02, 3.20674181e-02, -1.40223667e-01 ]
RMatrix: !!opencv-matrix
   rows: 3
   cols: 3
   dt: f
   data: [ 1.83536604e-01, -9.82958794e-01, 1.03133945e-02,
       4.01997238e-01, 8.46263096e-02, 9.11721945e-01, 8.97057891e-01,
       1.63188383e-01, -4.10678804e-01 ]
fx: 5.4068603515625000e+02
fy: 5.4068603515625000e+02
cx: 4.7975000000000000e+02
cy: 2.6975000000000000e+02
