%YAML:1.0
TVector: !!opencv-matrix
   rows: 3
   cols: 1
   dt: f
   data: [ -2.08133221e-01, 2.05918704e-03, -7.13423640e-02 ]
RMatrix: !!opencv-matrix
   rows: 3
   cols: 3
   dt: f
   data: [ 2.14667648e-01, -9.76659238e-01, -7.39357155e-03,
       8.88250023e-02, 1.19837495e-02, 9.95975196e-01, 9.72639740e-01,
       2.14460388e-01, -8.93242806e-02 ]
fx: 5.4068603515625000e+02
fy: 5.4068603515625000e+02
cx: 4.7975000000000000e+02
cy: 2.6975000000000000e+02
