%YAML:1.0
TVector: !!opencv-matrix
   rows: 3
   cols: 1
   dt: f
   data: [ -2.17746228e-01, 4.47467016e-03, -7.79943988e-02 ]
RMatrix: !!opencv-matrix
   rows: 3
   cols: 3
   dt: f
   data: [ 2.08430693e-01, -9.77626324e-01, -2.83341017e-02,
       1.17656752e-01, -3.69652291e-03, 9.93047237e-01, 9.70933974e-01,
       2.10315272e-01, -1.14253908e-01 ]
fx: 5.4068603515625000e+02
fy: 5.4068603515625000e+02
cx: 4.7975000000000000e+02
cy: 2.6975000000000000e+02
