%YAML:1.0
TVector: !!opencv-matrix
   rows: 3
   cols: 1
   dt: f
   data: [ 3.80239636e-02, 3.10607478e-02, -1.43492594e-01 ]
RMatrix: !!opencv-matrix
   rows: 3
   cols: 3
   dt: f
   data: [ 1.87761337e-01, -9.82156098e-01, 1.07022151e-02,
       4.03596014e-01, 8.70810002e-02, 9.10783529e-01, 8.95463765e-01,
       1.66690618e-01, -4.12744880e-01 ]
fx: 5.4068603515625000e+02
fy: 5.4068603515625000e+02
cx: 4.7975000000000000e+02
cy: 2.6975000000000000e+02
