%YAML:1.0
TVector: !!opencv-matrix
   rows: 3
   cols: 1
   dt: f
   data: [ -1.09873250e-01, 8.05960149e-02, -5.43155432e-01 ]
RMatrix: !!opencv-matrix
   rows: 3
   cols: 3
   dt: f
   data: [ 1.76778689e-01, -9.83170927e-01, -4.60872799e-02,
       1.01941727e-01, -2.82835141e-02, 9.94388163e-01, -9.78957117e-01,
       -1.80484831e-01, 9.52262431e-02 ]
fx: 5.4068603515625000e+02
fy: 5.4068603515625000e+02
cx: 4.7975000000000000e+02
cy: 2.6975000000000000e+02
