%YAML:1.0
TVector: !!opencv-matrix
   rows: 3
   cols: 1
   dt: f
   data: [ -2.22136348e-01, 6.62356149e-03, -8.31476003e-02 ]
RMatrix: !!opencv-matrix
   rows: 3
   cols: 3
   dt: f
   data: [ 2.03308806e-01, -9.78651941e-01, -3.00945994e-02,
       1.29929125e-01, -3.49825947e-03, 9.91517067e-01, 9.70455468e-01,
       2.05494344e-01, -1.26444146e-01 ]
fx: 5.4068603515625000e+02
fy: 5.4068603515625000e+02
cx: 4.7975000000000000e+02
cy: 2.6975000000000000e+02
