%YAML:1.0
TVector: !!opencv-matrix
   rows: 3
   cols: 1
   dt: f
   data: [ -2.23572239e-01, 4.57453821e-03, -8.45102966e-02 ]
RMatrix: !!opencv-matrix
   rows: 3
   cols: 3
   dt: f
   data: [ 2.04336137e-01, -9.78145838e-01, -3.84342112e-02,
       1.34859219e-01, -1.07593900e-02, 9.90806282e-01, 9.69566703e-01,
       2.07640782e-01, -1.29713491e-01 ]
fx: 5.4068603515625000e+02
fy: 5.4068603515625000e+02
cx: 4.7975000000000000e+02
cy: 2.6975000000000000e+02
