%YAML:1.0
TVector: !!opencv-matrix
   rows: 3
   cols: 1
   dt: f
   data: [ -2.33277127e-01, 4.32927115e-03, -7.83234090e-02 ]
RMatrix: !!opencv-matrix
   rows: 3
   cols: 3
   dt: f
   data: [ 2.03311846e-01, -9.78491545e-01, -3.49080451e-02,
       1.35158837e-01, -7.26363715e-03, 9.90797341e-01, 9.69740331e-01,
       2.06159011e-01, -1.30775005e-01 ]
fx: 5.4068603515625000e+02
fy: 5.4068603515625000e+02
cx: 4.7975000000000000e+02
cy: 2.6975000000000000e+02
