%YAML:1.0
TVector: !!opencv-matrix
   rows: 3
   cols: 1
   dt: f
   data: [ -2.27683499e-01, 7.35992705e-03, -8.91386941e-02 ]
RMatrix: !!opencv-matrix
   rows: 3
   cols: 3
   dt: f
   data: [ 1.97185189e-01, -9.79745686e-01, -3.48709747e-02,
       1.35777786e-01, -7.93427695e-03, 9.90707397e-01, 9.70918119e-01,
       2.00087532e-01, -1.31463200e-01 ]
fx: 5.4068603515625000e+02
fy: 5.4068603515625000e+02
cx: 4.7975000000000000e+02
cy: 2.6975000000000000e+02
