%YAML:1.0
TVector: !!opencv-matrix
   rows: 3
   cols: 1
   dt: f
   data: [ -2.29683787e-01, 6.44766632e-03, -9.18575302e-02 ]
RMatrix: !!opencv-matrix
   rows: 3
   cols: 3
   dt: f
   data: [ 1.92760870e-01, -9.80471194e-01, -3.89806069e-02,
       1.37043461e-01, -1.24360286e-02, 9.90486979e-01, 9.71628785e-01,
       1.96269169e-01, -1.31969973e-01 ]
fx: 5.4068603515625000e+02
fy: 5.4068603515625000e+02
cx: 4.7975000000000000e+02
cy: 2.6975000000000000e+02
